1.0 -49
0.0 -48
0.0 -47
0.0 -46
0.0 -45
0.0 -44
1.0 -43
1.0 -42
0.0 -41
1.0 -40
1.0 -39
0.0 -38
1.0 -37
3.0 -36
0.0 -35
0.0 -34
1.0 -33
0.0 -32
1.0 -31
4.0 -30
3.0 -29
0.0 -28
0.0 -27
0.0 -26
1.0 -25
1.0 -24
1.0 -23
2.0 -22
1.0 -21
1.0 -20
1.0 -19
2.0 -18
3.0 -17
4.0 -16
1.0 -15
1.0 -14
4.0 -13
0.0 -12
2.0 -11
3.0 -10
1.0 -9
3.0 -8
2.0 -7
2.0 -6
2.0 -5
4.0 -4
2.0 -3
1.0 -2
2.0 -1
4.0 0
3.0 1
1.0 2
2.0 3
4.0 4
0.0 5
1.0 6
2.0 7
2.0 8
1.0 9
1.0 10
2.0 11
0.0 12
2.0 13
1.0 14
1.0 15
0.0 16
1.0 17
1.0 18
1.0 19
1.0 20
1.0 21
0.0 22
0.0 23
1.0 24
0.0 25
0.0 26
0.0 27
1.0 28
0.0 29
0.0 30
0.0 31
0.0 32
0.0 33
0.0 34
0.0 35
0.0 36
0.0 37
0.0 38
0.0 39
0.0 40
0.0 41
0.0 42
1.0 43
