1.0 -22
0.0 -21
0.0 -20
0.0 -19
0.0 -18
1.0 -17
0.0 -16
0.0 -15
0.0 -14
0.0 -13
2.0 -12
0.0 -11
3.0 -10
0.0 -9
0.0 -8
2.0 -7
3.0 -6
1.0 -5
4.0 -4
4.0 -3
3.0 -2
1.0 -1
4.0 0
0.0 1
2.0 2
1.0 3
1.0 4
3.0 5
3.0 6
1.0 7
3.0 8
2.0 9
3.0 10
2.0 11
1.0 12
2.0 13
1.0 14
1.0 15
2.0 16
4.0 17
1.0 18
0.0 19
1.0 20
3.0 21
1.0 22
1.0 23
1.0 24
0.0 25
1.0 26
2.0 27
1.0 28
2.0 29
3.0 30
0.0 31
1.0 32
2.0 33
2.0 34
2.0 35
1.0 36
0.0 37
2.0 38
2.0 39
2.0 40
2.0 41
0.0 42
0.0 43
0.0 44
0.0 45
2.0 46
0.0 47
0.0 48
1.0 49
0.0 50
0.0 51
0.0 52
1.0 53
1.0 54
0.0 55
0.0 56
0.0 57
1.0 58
