1.0 -54
0.0 -53
0.0 -52
0.0 -51
0.0 -50
0.0 -49
0.0 -48
1.0 -47
1.0 -46
0.0 -45
0.0 -44
0.0 -43
0.0 -42
0.0 -41
0.0 -40
0.0 -39
0.0 -38
0.0 -37
1.0 -36
0.0 -35
1.0 -34
2.0 -33
0.0 -32
1.0 -31
0.0 -30
0.0 -29
0.0 -28
1.0 -27
1.0 -26
1.0 -25
1.0 -24
2.0 -23
1.0 -22
1.0 -21
5.0 -20
1.0 -19
1.0 -18
1.0 -17
2.0 -16
1.0 -15
3.0 -14
1.0 -13
1.0 -12
2.0 -11
2.0 -10
2.0 -9
1.0 -8
1.0 -7
2.0 -6
2.0 -5
5.0 -4
1.0 -3
1.0 -2
0.0 -1
1.0 0
4.0 1
3.0 2
4.0 3
2.0 4
2.0 5
2.0 6
1.0 7
3.0 8
1.0 9
2.0 10
1.0 11
0.0 12
0.0 13
2.0 14
1.0 15
1.0 16
1.0 17
1.0 18
0.0 19
0.0 20
0.0 21
0.0 22
2.0 23
1.0 24
1.0 25
0.0 26
1.0 27
0.0 28
1.0 29
2.0 30
1.0 31
0.0 32
1.0 33
2.0 34
2.0 35
0.0 36
0.0 37
1.0 38
0.0 39
0.0 40
0.0 41
0.0 42
1.0 43
0.0 44
0.0 45
0.0 46
0.0 47
0.0 48
0.0 49
0.0 50
0.0 51
0.0 52
0.0 53
0.0 54
0.0 55
0.0 56
1.0 57
