1.0 -29
0.0 -28
0.0 -27
0.0 -26
0.0 -25
0.0 -24
0.0 -23
2.0 -22
0.0 -21
0.0 -20
0.0 -19
0.0 -18
2.0 -17
0.0 -16
0.0 -15
0.0 -14
0.0 -13
1.0 -12
0.0 -11
0.0 -10
0.0 -9
1.0 -8
1.0 -7
1.0 -6
0.0 -5
1.0 -4
1.0 -3
0.0 -2
0.0 -1
2.0 0
1.0 1
1.0 2
2.0 3
3.0 4
6.0 5
2.0 6
2.0 7
2.0 8
1.0 9
3.0 10
1.0 11
2.0 12
3.0 13
2.0 14
3.0 15
2.0 16
0.0 17
1.0 18
3.0 19
2.0 20
1.0 21
2.0 22
1.0 23
4.0 24
2.0 25
2.0 26
0.0 27
1.0 28
1.0 29
2.0 30
4.0 31
5.0 32
3.0 33
0.0 34
6.0 35
0.0 36
0.0 37
2.0 38
1.0 39
0.0 40
0.0 41
1.0 42
1.0 43
0.0 44
1.0 45
0.0 46
0.0 47
1.0 48
2.0 49
0.0 50
0.0 51
0.0 52
0.0 53
1.0 54
0.0 55
0.0 56
0.0 57
1.0 58
