1.0 -10
0.0 -9
1.0 -8
1.0 -7
0.0 -6
0.0 -5
1.0 -4
0.0 -3
1.0 -2
0.0 -1
2.0 0
0.0 1
2.0 2
0.0 3
3.0 4
0.0 5
1.0 6
1.0 7
2.0 8
2.0 9
2.0 10
1.0 11
1.0 12
0.0 13
2.0 14
2.0 15
2.0 16
1.0 17
1.0 18
3.0 19
2.0 20
4.0 21
1.0 22
1.0 23
1.0 24
3.0 25
4.0 26
3.0 27
2.0 28
2.0 29
3.0 30
2.0 31
1.0 32
1.0 33
2.0 34
1.0 35
3.0 36
3.0 37
4.0 38
1.0 39
2.0 40
0.0 41
2.0 42
2.0 43
2.0 44
1.0 45
2.0 46
1.0 47
3.0 48
0.0 49
2.0 50
0.0 51
1.0 52
0.0 53
1.0 54
0.0 55
0.0 56
0.0 57
0.0 58
2.0 59
0.0 60
0.0 61
0.0 62
0.0 63
0.0 64
0.0 65
0.0 66
0.0 67
0.0 68
0.0 69
0.0 70
1.0 71
0.0 72
0.0 73
1.0 74
