1.0 -89
0.0 -88
0.0 -87
0.0 -86
0.0 -85
1.0 -84
0.0 -83
0.0 -82
0.0 -81
1.0 -80
3.0 -79
1.0 -78
2.0 -77
1.0 -76
0.0 -75
0.0 -74
1.0 -73
0.0 -72
2.0 -71
0.0 -70
1.0 -69
1.0 -68
0.0 -67
1.0 -66
0.0 -65
1.0 -64
1.0 -63
0.0 -62
3.0 -61
1.0 -60
2.0 -59
2.0 -58
0.0 -57
0.0 -56
0.0 -55
2.0 -54
0.0 -53
0.0 -52
3.0 -51
1.0 -50
1.0 -49
1.0 -48
4.0 -47
0.0 -46
3.0 -45
1.0 -44
2.0 -43
1.0 -42
1.0 -41
4.0 -40
2.0 -39
2.0 -38
3.0 -37
2.0 -36
1.0 -35
2.0 -34
1.0 -33
1.0 -32
0.0 -31
1.0 -30
3.0 -29
1.0 -28
1.0 -27
0.0 -26
0.0 -25
0.0 -24
2.0 -23
1.0 -22
0.0 -21
1.0 -20
1.0 -19
3.0 -18
1.0 -17
1.0 -16
1.0 -15
2.0 -14
2.0 -13
2.0 -12
1.0 -11
1.0 -10
0.0 -9
1.0 -8
2.0 -7
1.0 -6
0.0 -5
0.0 -4
0.0 -3
0.0 -2
0.0 -1
1.0 0
3.0 1
0.0 2
0.0 3
1.0 4
0.0 5
0.0 6
0.0 7
0.0 8
1.0 9
0.0 10
1.0 11
