1.0 -38
0.0 -37
0.0 -36
0.0 -35
0.0 -34
1.0 -33
0.0 -32
0.0 -31
0.0 -30
1.0 -29
0.0 -28
0.0 -27
1.0 -26
1.0 -25
3.0 -24
1.0 -23
2.0 -22
1.0 -21
3.0 -20
1.0 -19
1.0 -18
1.0 -17
0.0 -16
3.0 -15
3.0 -14
0.0 -13
1.0 -12
1.0 -11
2.0 -10
0.0 -9
2.0 -8
0.0 -7
2.0 -6
4.0 -5
3.0 -4
2.0 -3
1.0 -2
2.0 -1
5.0 0
2.0 1
3.0 2
2.0 3
1.0 4
2.0 5
0.0 6
1.0 7
3.0 8
2.0 9
3.0 10
3.0 11
4.0 12
0.0 13
1.0 14
0.0 15
1.0 16
3.0 17
3.0 18
1.0 19
2.0 20
3.0 21
1.0 22
0.0 23
0.0 24
4.0 25
0.0 26
1.0 27
0.0 28
0.0 29
1.0 30
2.0 31
0.0 32
0.0 33
0.0 34
1.0 35
0.0 36
1.0 37
