2458730.377170139 54.069119155002454 93.9423676383558
2458730.3834953704 24.09119492204477 20.857522623744174
2458730.3921006946 10.350080024066267 16.537863752613273
2458730.3989872686 6.536111755634957 12.876953735258974
2458730.405862269 5.378279066914953 13.674188732791428
2458730.412748843 8.766720350010567 16.063652682375825
2458730.4196238425 -0.306714323262705 11.370177549185415
2458730.431070602 2.6441383311715505 8.24530169247918
2458730.4539872687 2.289937851742903 10.200903758981358
2458730.4608391207 -7.417120085412664 8.668243045738855
2458730.4677256946 -12.706725624437077 7.446979253361728
2458730.4780497686 nan 34.15658794434831
2458730.488373843 -18.300564747977788 6.935844397043523
2458730.495260417 -10.453658405639493 7.858355425914509
2458730.502146991 -23.05998412952572 4.794788837894742
2458730.5123553243 -21.77929544352063 2.951429738279399
2458745.337309028 -272.6056443098979 34.15658794434831
2458745.346927084 -272.2908724182761 40.1032729337644
2458745.358408565 -276.9715743904393 44.60617600176011
2458745.369913195 -279.2084035176989 41.29819532982041
2458745.3858159725 -293.6496886694042 44.50961623626966
2458745.397320602 -294.7927829857897 42.69134865520179
2458745.4088368057 -317.1612250711401 46.615109540791615
2458746.469496528 -277.11071863622124 102.6952819631944
2458746.475572917 -267.14812537956817 110.63675926201022
2458746.4836053243 -278.6827815369953 118.14727435493383
2458746.49166088 -272.1511712932888 118.6387202286842
2458746.501568287 -274.53191086622934 109.27019836167591
2458746.509612269 -264.35799294740286 96.25555016465286
2458746.5176678244 -268.44330294639224 97.66107848063115
2458746.5257002315 -259.4238890432973 92.29080906298307
