2458730.377170139 -20.514489803279734 93.9423676383558
2458730.3834953704 -20.154162972672886 20.857522623744174
2458730.3921006946 -15.647828729701326 16.537863752613273
2458730.3989872686 -9.9859536611339 12.876953735258974
2458730.405862269 -10.15580289986087 13.674188732791428
2458730.412748843 -9.638586720813786 16.063652682375825
2458730.4196238425 -4.2993300238124075 11.370177549185415
2458730.431070602 -11.813786283520447 8.24530169247918
2458730.4539872687 -7.135287103944134 10.200903758981358
2458730.4608391207 2.2029833447051197 8.668243045738855
2458730.4677256946 3.8051715564395825 7.446979253361728
2458730.4780497686 nan 34.15658794434831
2458730.488373843 11.952652445549703 6.935844397043523
2458730.495260417 1.796073766134162 7.858355425914509
2458730.502146991 13.211068358215517 4.794788837894742
2458730.5123553243 4.853091957705863 2.951429738279399
2458745.337309028 247.83108477128653 34.15658794434831
2458745.346927084 239.22798877572848 40.1032729337644
2458745.358408565 241.3268312765416 44.60617600176011
2458745.369913195 243.01479120560762 41.29819532982041
2458745.3858159725 253.42594868299807 44.50961623626966
2458745.397320602 250.07897639465475 42.69134865520179
2458745.4088368057 260.30731936289936 46.615109540791615
2458746.469496528 302.77825116190775 102.6952819631944
2458746.475572917 283.8471087144316 110.63675926201022
2458746.4836053243 294.3920872476675 118.14727435493383
2458746.49166088 289.804612663208 118.6387202286842
2458746.501568287 294.1390449810229 109.27019836167591
2458746.509612269 282.84846953216606 96.25555016465286
2458746.5176678244 286.03596078713656 97.66107848063115
2458746.5257002315 278.49453379314787 92.29080906298307
