2458730.377170139 1.3
2458730.3834953704 1.2
2458730.39210069461 1.5
2458730.398987268665 1.0
2458730.405862269 1.3
2458730.412748843 1.3
2458730.4196238425157 1.3
2458730.431070602 1.7
2458730.4539872687857 1.7
2458730.46083912072 1.3
2458730.467725694657 1.3
2458730.4780497686175 1.3
2458730.488373843 1.7
2458730.495260417 1.6
2458730.502146991 1.1
2458730.5123553243617 1.3
2458745.337309028 1.2
2458745.346927084 1.2
2458745.358408565 1.2
2458745.369913195 1.6
2458745.3858159725 1.5
2458745.397320602 1.6
2458745.4088368057 1.5
2458746.469496528 1.1
2458746.475572917 1.6
2458746.48360532433 1.6
2458746.49166088 1.4
2458746.501568287 1.3
2458746.509612269 1.3
2458746.51766782442 1.6
2458746.5257002315 1.3
2458730.377170139 1.3
2458730.3834953704 1.2
2458730.39210069461 1.5
2458730.398987268665 1.0
2458730.405862269 1.3
2458730.412748843 1.3
2458730.4196238425157 1.3
2458730.431070602 1.7
2458730.4539872687857 1.7
2458730.46083912072 1.3
2458730.467725694657 1.3
2458730.4780497686175 1.3
2458730.488373843 1.7
2458730.495260417 1.6
2458730.502146991 1.1
2458730.5123553243617 1.3
2458745.337309028 1.2
2458745.346927084 1.2
2458745.358408565 1.2
2458745.369913195 1.6
2458745.3858159725 1.5
2458745.397320602 1.6
2458745.4088368057 1.5
2458746.469496528 1.1
2458746.475572917 1.6
2458746.48360532433 1.6
2458746.49166088 1.4
2458746.501568287 1.3
2458746.509612269 1.3
2458746.51766782442 1.6
2458746.5257002315 1.3
2458730.377170139 1.3
2458730.3834953704 1.2
2458730.39210069461 1.5
2458730.398987268665 1.0
2458730.405862269 1.3
2458730.412748843 1.3
2458730.4196238425157 1.3
2458730.431070602 1.7
2458730.4539872687857 1.7
2458730.46083912072 1.3
2458730.467725694657 1.3
2458730.4780497686175 1.3
2458730.488373843 1.7
2458730.495260417 1.6
2458730.502146991 1.1
2458730.5123553243617 1.3
2458745.337309028 1.2
2458745.346927084 1.2
2458745.358408565 1.2
2458745.369913195 1.6
2458745.3858159725 1.5
2458745.397320602 1.6
2458745.4088368057 1.5
2458746.469496528 1.1
2458746.475572917 1.6
2458746.48360532433 1.6
2458746.49166088 1.4
2458746.501568287 1.3
2458746.509612269 1.3
2458746.51766782442 1.6
2458746.5257002315 1.3
2458730.377170139 1.3
2458730.3834953704 1.2
2458730.39210069461 1.5
2458730.398987268665 1.0
2458730.405862269 1.3
2458730.412748843 1.3
2458730.4196238425157 1.3
2458730.431070602 1.7
2458730.4539872687857 1.7
2458730.46083912072 1.3
2458730.467725694657 1.3
2458730.4780497686175 1.3
2458730.488373843 1.7
2458730.495260417 1.6
2458730.502146991 1.1
2458730.5123553243617 1.3
2458745.337309028 1.2
2458745.346927084 1.2
2458745.358408565 1.2
2458745.369913195 1.6
2458745.3858159725 1.5
2458745.397320602 1.6
2458745.4088368057 1.5
2458746.469496528 1.1
2458746.475572917 1.6
2458746.48360532433 1.6
2458746.49166088 1.4
2458746.501568287 1.3
2458746.509612269 1.3
2458746.51766782442 1.6
2458746.5257002315 1.3
2458730.377170139 1.3
2458730.3834953704 1.2
2458730.39210069461 1.5
2458730.398987268665 1.0
2458730.405862269 1.3
2458730.412748843 1.3
2458730.4196238425157 1.3
2458730.431070602 1.7
2458730.4539872687857 1.7
2458730.46083912072 1.3
2458730.467725694657 1.3
2458730.4780497686175 1.3
2458730.488373843 1.7
2458730.495260417 1.6
2458730.502146991 1.1
2458730.5123553243617 1.3
2458745.337309028 1.2
2458745.346927084 1.2
2458745.358408565 1.2
2458745.369913195 1.6
2458745.3858159725 1.5
2458745.397320602 1.6
2458745.4088368057 1.5
2458746.469496528 1.1
2458746.475572917 1.6
2458746.48360532433 1.6
2458746.49166088 1.4
2458746.501568287 1.3
2458746.509612269 1.3
2458746.51766782442 1.6
2458746.5257002315 1.3
2458730.377170139 1.3
2458730.3834953704 1.2
2458730.39210069461 1.5
2458730.398987268665 1.0
2458730.405862269 1.3
2458730.412748843 1.3
2458730.4196238425157 1.3
2458730.431070602 1.7
2458730.4539872687857 1.7
2458730.46083912072 1.3
2458730.467725694657 1.3
2458730.4780497686175 1.3
2458730.488373843 1.7
2458730.495260417 1.6
2458730.502146991 1.1
2458730.5123553243617 1.3
2458745.337309028 1.2
2458745.346927084 1.2
2458745.358408565 1.2
2458745.369913195 1.6
2458745.3858159725 1.5
2458745.397320602 1.6
2458745.4088368057 1.5
2458746.469496528 1.1
2458746.475572917 1.6
2458746.48360532433 1.6
2458746.49166088 1.4
2458746.501568287 1.3
2458746.509612269 1.3
2458746.51766782442 1.6
2458746.5257002315 1.3
2458730.377170139 1.3
2458730.3834953704 1.2
2458730.39210069461 1.5
2458730.398987268665 1.0
2458730.405862269 1.3
2458730.412748843 1.3
2458730.4196238425157 1.3
2458730.431070602 1.7
2458730.4539872687857 1.7
2458730.46083912072 1.3
2458730.467725694657 1.3
2458730.4780497686175 1.3
2458730.488373843 1.7
2458730.495260417 1.6
2458730.502146991 1.1
2458730.5123553243617 1.3
2458745.337309028 1.2
2458745.346927084 1.2
2458745.358408565 1.2
2458745.369913195 1.6
2458745.3858159725 1.5
2458745.397320602 1.6
2458745.4088368057 1.5
2458746.469496528 1.1
2458746.475572917 1.6
2458746.48360532433 1.6
2458746.49166088 1.4
2458746.501568287 1.3
2458746.509612269 1.3
2458746.51766782442 1.6
2458746.5257002315 1.3
2458730.377170139 1.3
2458730.3834953704 1.2
2458730.39210069461 1.5
2458730.398987268665 1.0
2458730.405862269 1.3
2458730.412748843 1.3
2458730.4196238425157 1.3
2458730.431070602 1.7
2458730.4539872687857 1.7
2458730.46083912072 1.3
2458730.467725694657 1.3
2458730.4780497686175 1.3
2458730.488373843 1.7
2458730.495260417 1.6
2458730.502146991 1.1
2458730.5123553243617 1.3
2458745.337309028 1.2
2458745.346927084 1.2
2458745.358408565 1.2
2458745.369913195 1.6
2458745.3858159725 1.5
2458745.397320602 1.6
2458745.4088368057 1.5
2458746.469496528 1.1
2458746.475572917 1.6
2458746.48360532433 1.6
2458746.49166088 1.4
2458746.501568287 1.3
2458746.509612269 1.3
2458746.51766782442 1.6
2458746.5257002315 1.3
2458730.377170139 1.3
2458730.3834953704 1.2
2458730.39210069461 1.5
2458730.398987268665 1.0
2458730.405862269 1.3
2458730.412748843 1.3
2458730.4196238425157 1.3
2458730.431070602 1.7
2458730.4539872687857 1.7
2458730.46083912072 1.3
2458730.467725694657 1.3
2458730.4780497686175 1.3
2458730.488373843 1.7
2458730.495260417 1.6
2458730.502146991 1.1
2458730.5123553243617 1.3
2458745.337309028 1.2
2458745.346927084 1.2
2458745.358408565 1.2
2458745.369913195 1.6
2458745.3858159725 1.5
2458745.397320602 1.6
2458745.4088368057 1.5
2458746.469496528 1.1
2458746.475572917 1.6
2458746.48360532433 1.6
2458746.49166088 1.4
2458746.501568287 1.3
2458746.509612269 1.3
2458746.51766782442 1.6
2458746.5257002315 1.3
2458730.377170139 1.3
2458730.3834953704 1.2
2458730.39210069461 1.5
2458730.398987268665 1.0
2458730.405862269 1.3
2458730.412748843 1.3
2458730.4196238425157 1.3
2458730.431070602 1.7
2458730.4539872687857 1.7
2458730.46083912072 1.3
2458730.467725694657 1.3
2458730.4780497686175 1.3
2458730.488373843 1.7
2458730.495260417 1.6
2458730.502146991 1.1
2458730.5123553243617 1.3
2458745.337309028 1.2
2458745.346927084 1.2
2458745.358408565 1.2
2458745.369913195 1.6
2458745.3858159725 1.5
2458745.397320602 1.6
2458745.4088368057 1.5
2458746.469496528 1.1
2458746.475572917 1.6
2458746.48360532433 1.6
2458746.49166088 1.4
2458746.501568287 1.3
2458746.509612269 1.3
2458746.51766782442 1.6
2458746.5257002315 1.3
2458730.377170139 1.3
2458730.3834953704 1.2
2458730.39210069461 1.5
2458730.398987268665 1.0
2458730.405862269 1.3
2458730.412748843 1.3
2458730.4196238425157 1.3
2458730.431070602 1.7
2458730.4539872687857 1.7
2458730.46083912072 1.3
2458730.467725694657 1.3
2458730.4780497686175 1.3
2458730.488373843 1.7
2458730.495260417 1.6
2458730.502146991 1.1
2458730.5123553243617 1.3
2458745.337309028 1.2
2458745.346927084 1.2
2458745.358408565 1.2
2458745.369913195 1.6
2458745.3858159725 1.5
2458745.397320602 1.6
2458745.4088368057 1.5
2458746.469496528 1.1
2458746.475572917 1.6
2458746.48360532433 1.6
2458746.49166088 1.4
2458746.501568287 1.3
2458746.509612269 1.3
2458746.51766782442 1.6
2458746.5257002315 1.3
2458730.377170139 1.3
2458730.3834953704 1.2
2458730.39210069461 1.5
2458730.398987268665 1.0
2458730.405862269 1.3
2458730.412748843 1.3
2458730.4196238425157 1.3
2458730.431070602 1.7
2458730.4539872687857 1.7
2458730.46083912072 1.3
2458730.467725694657 1.3
2458730.4780497686175 1.3
2458730.488373843 1.7
2458730.495260417 1.6
2458730.502146991 1.1
2458730.5123553243617 1.3
2458745.337309028 1.2
2458745.346927084 1.2
2458745.358408565 1.2
2458745.369913195 1.6
2458745.3858159725 1.5
2458745.397320602 1.6
2458745.4088368057 1.5
2458746.469496528 1.1
2458746.475572917 1.6
2458746.48360532433 1.6
2458746.49166088 1.4
2458746.501568287 1.3
2458746.509612269 1.3
2458746.51766782442 1.6
2458746.5257002315 1.3
2458730.377170139 1.3
2458730.3834953704 1.2
2458730.39210069461 1.5
2458730.398987268665 1.0
2458730.405862269 1.3
2458730.412748843 1.3
2458730.4196238425157 1.3
2458730.431070602 1.7
2458730.4539872687857 1.7
2458730.46083912072 1.3
2458730.467725694657 1.3
2458730.4780497686175 1.3
2458730.488373843 1.7
2458730.495260417 1.6
2458730.502146991 1.1
2458730.5123553243617 1.3
2458745.337309028 1.2
2458745.346927084 1.2
2458745.358408565 1.2
2458745.369913195 1.6
2458745.3858159725 1.5
2458745.397320602 1.6
2458745.4088368057 1.5
2458746.469496528 1.1
2458746.475572917 1.6
2458746.48360532433 1.6
2458746.49166088 1.4
2458746.501568287 1.3
2458746.509612269 1.3
2458746.51766782442 1.6
2458746.5257002315 1.3
2458730.377170139 1.3
2458730.3834953704 1.2
2458730.39210069461 1.5
2458730.398987268665 1.0
2458730.405862269 1.3
2458730.412748843 1.3
2458730.4196238425157 1.3
2458730.431070602 1.7
2458730.4539872687857 1.7
2458730.46083912072 1.3
2458730.467725694657 1.3
2458730.4780497686175 1.3
2458730.488373843 1.7
2458730.495260417 1.6
2458730.502146991 1.1
2458730.5123553243617 1.3
2458745.337309028 1.2
2458745.346927084 1.2
2458745.358408565 1.2
2458745.369913195 1.6
2458745.3858159725 1.5
2458745.397320602 1.6
2458745.4088368057 1.5
2458746.469496528 1.1
2458746.475572917 1.6
2458746.48360532433 1.6
2458746.49166088 1.4
2458746.501568287 1.3
2458746.509612269 1.3
2458746.51766782442 1.6
2458746.5257002315 1.3
2458730.377170139 1.3
2458730.3834953704 1.2
2458730.39210069461 1.5
2458730.398987268665 1.0
2458730.405862269 1.3
2458730.412748843 1.3
