2458730.535190972 1.6132916666666668
2458730.5396238426 1.6132944444444446
2458730.545943287 1.6132944444444446
2458730.549809028 1.6132944444444446
2458730.555318287 1.6132944444444446
2458730.558269676 1.6132944444444446
2458730.5612210645 1.6132944444444446
2458730.5641608797 1.6132944444444446
2458730.5671006944 1.6132944444444446
2458730.5700520836 1.6132944444444446
2458730.5729918983 1.6132972222222224
2458730.575943287 1.6132972222222224
2458731.590572917 1.6132972222222224
2458731.5959201395 1.6132944444444446
2458731.602158565 1.6132944444444446
2458731.608686343 1.6132944444444446
2458731.6144155096 1.6132944444444446
2458731.6201331024 1.6132944444444446
2458737.5953530096 1.6132972222222224
2458737.6014525467 1.6133000000000002
2458737.6071817135 1.6133000000000002
2458737.6129108802 1.6133000000000002
2458737.6209085654 1.6132972222222224
2458737.6289525465 1.6132972222222224
2458737.636996528 1.6133000000000002
2458737.647297454 1.6132972222222224
2458737.6567650465 1.6132972222222224
2458739.552193287 1.6133055555555555
2458739.5567534724 1.6133055555555555
2458739.561290509 1.6133055555555555
2458739.5693807867 1.613302777777778
2458739.57322338 1.613302777777778
2458739.5770891206 1.613302777777778
2458739.5809664354 1.613302777777778
2458739.58484375 1.613302777777778
2458739.5887094913 1.613302777777778
2458739.592586806 1.613302777777778
2458739.596452547 1.613302777777778
2458739.6003298615 1.613302777777778
2458739.6042071762 1.6133000000000002
2458740.5427372684 1.6133111111111111
2458740.5479918984 1.6133111111111111
2458740.55353588 1.6133111111111111
2458740.558616898 1.6133111111111111
2458740.5628182874 1.6133111111111111
2458740.5668460648 1.6133111111111111
2458740.571707176 1.6133111111111111
2458740.5817650463 1.6133083333333333
2458740.586371528 1.6133083333333333
2458740.5909664356 1.6133083333333333
2458740.5957233803 1.6133055555555555
2458740.6006655097 1.6133083333333333
2458740.6048668986 1.6133083333333333
2458740.608987269 1.6133083333333333
2458740.613234954 1.6133055555555555
2458740.6181655093 1.6133055555555555
2458740.6244270834 1.6133055555555555
2458740.6296585654 1.6133055555555555
2458740.634369213 1.6133055555555555
2458740.63853588 1.6133055555555555
2458740.642795139 1.6133055555555555
2458740.6468576393 1.6133055555555555
2458741.5651099537 1.6133194444444445
2458741.5735243056 1.6133166666666667
2458741.587320602 1.6133166666666667
2458741.5972858802 1.6133166666666667
2458741.606533565 1.6133166666666667
2458741.614739584 1.6133166666666667
2458741.6201562504 1.6133166666666667
2458741.625295139 1.6133166666666667
2458741.6320543983 1.6133166666666667
2458741.6375057874 1.6133166666666667
2458741.643165509 1.6133166666666667
2458741.6474016206 1.6133166666666667
2458741.6512673614 1.6133166666666667
2458741.655885417 1.6133166666666667
2458742.5982349543 1.6133111111111111
2458742.606336806 1.6133111111111111
2458742.614508102 1.6133111111111111
2458742.6205034726 1.613313888888889
2458742.6265104166 1.6133111111111111
2458742.6323668985 1.6133111111111111
2458742.636846065 1.613313888888889
2458742.640711806 1.6133111111111111
2458742.6449247687 1.6133111111111111
2458742.6487673614 1.6133111111111111
2458742.6528298617 1.6133111111111111
2458742.656707176 1.6133111111111111
2458745.4256886574 1.6132944444444446
2458745.432644676 1.6132944444444446
2458745.4372048615 1.6132944444444446
2458745.44177662 1.6132944444444446
2458745.44634838 1.6132944444444446
2458745.450920139 1.6132944444444446
2458745.455480324 1.6132944444444446
2458745.462482639 1.6132944444444446
2458745.4670543983 1.6132944444444446
2458745.471626158 1.6132944444444446
2458746.545503472 1.6133055555555555
2458746.553767361 1.613302777777778
2458746.5594849535 1.613302777777778
2458746.5652141203 1.613302777777778
2458746.5731539354 1.613302777777778
2458746.5811863425 1.613302777777778
2458746.5892303246 1.613302777777778
2458746.5972627318 1.6133000000000002
2458746.610596065 1.613302777777778
2458746.6186284726 1.613302777777778
2458747.56640625 1.613313888888889
2458747.575572917 1.613313888888889
2458747.584670139 1.613313888888889
2458747.59384838 1.613313888888889
2458747.604299769 1.613313888888889
2458747.6115219914 1.613313888888889
2458747.616059028 1.613313888888889
2458747.623859954 1.613313888888889
2458747.628431713 1.613313888888889
2458747.6364988424 1.613313888888889
2458747.64103588 1.613313888888889
2458747.6472395835 1.613313888888889
2458747.65177662 1.613313888888889
2458748.588813658 1.6132972222222224
2458748.5957349543 1.6132972222222224
2458748.6042418987 1.6133000000000002
2458748.612609954 1.6132972222222224
2458748.6203298615 1.6132972222222224
2458748.6301909727 1.6132972222222224
2458748.642760417 1.6132972222222224
2458748.6589178243 1.6132972222222224
2458756.591822917 1.613302777777778
2458756.6009548614 1.6133055555555555
2458756.6105381944 1.613302777777778
2458756.6184548615 1.613302777777778
2458756.626371528 1.6133055555555555
2458756.6381423613 1.613302777777778
2458757.550978009 1.613302777777778
2458757.557424769 1.6133055555555555
2458757.564103009 1.6133055555555555
2458757.5703761578 1.6133055555555555
2458757.578396991 1.6133055555555555
2458757.5839409726 1.6133055555555555
2458757.590283565 1.6133055555555555
2458757.5948437504 1.613302777777778
2458757.600399306 1.6133055555555555
2458757.604971065 1.6133055555555555
2458767.5533738425 1.6133000000000002
2458767.56078125 1.613302777777778
2458767.5676099537 1.6133000000000002
2458767.575966435 1.6133000000000002
2458767.5837789355 1.613302777777778
2458767.5909317136 1.613302777777778
2458767.598350695 1.6133000000000002
2458768.490561343 1.613313888888889
2458768.4982118057 1.6133111111111111
2458768.5066145835 1.6133111111111111
2458768.515260417 1.6133083333333333
2458768.523894676 1.6133111111111111
2458768.536371528 1.6133083333333333
2458768.545063657 1.6133083333333333
2458768.5536631946 1.6133111111111111
2458768.5615104167 1.6133083333333333
2458768.5682465276 1.6133083333333333
2458768.574832176 1.6133083333333333
2458770.5433854167 1.6133000000000002
2458770.555862269 1.6133000000000002
2458770.5604224536 1.6133000000000002
2458770.564994213 1.6132972222222224
2458770.5788020836 1.6133000000000002
2458770.5833738428 1.6132972222222224
2458770.5879340284 1.6132972222222224
2458770.5946701393 1.6132972222222224
2458770.6003877316 1.6133000000000002
2458770.6061053243 1.6132972222222224
2458770.611834491 1.6132972222222224
2458773.6249131947 1.6132944444444446
2458773.6311053243 1.6132944444444446
2458773.639149306 1.6132944444444446
2458773.6471817135 1.6132916666666668
2458773.65515625 1.613288888888889
2458773.6620428246 1.6132916666666668
2458773.668917824 1.613288888888889
2458775.5548784724 1.6132972222222224
2458775.5627141204 1.6132972222222224
2458775.571672454 1.6132972222222224
2458775.5807928243 1.6132972222222224
2458775.589797454 1.6132972222222224
2458775.599496528 1.6132972222222224
2458776.5072164354 1.6132916666666668
2458776.527667824 1.6133083333333333
2458776.545063657 1.6133111111111111
2458776.562019676 1.6133083333333333
2458776.5716493055 1.6133111111111111
2458788.4681076393 1.6132972222222224
2458793.5591030093 1.6132944444444446
2458793.5651793983 1.6132944444444446
2458793.5721006948 1.6132944444444446
2458793.5790104168 1.6132916666666668
2458793.585931713 1.6132916666666668
2458793.593859954 1.6132944444444446
2458798.4992534723 1.6132944444444446
2458798.5056076394 1.6132944444444446
2458798.513674769 1.6132972222222224
2458798.5217534727 1.6132944444444446
2458798.530769676 1.6132972222222224
2458798.5388252316 1.6132944444444446
2458798.548258102 1.6132944444444446
2458798.5563368057 1.6132944444444446
2458798.5644502314 1.6132944444444446
2458801.500225695 1.6132944444444446
2458801.506174769 1.6132944444444446
2458801.5119039356 1.6132944444444446
2458801.5176678244 1.6132944444444446
2458801.523420139 1.6132944444444446
2458801.529172454 1.6132944444444446
2458801.5349247684 1.6132944444444446
2458801.541545139 1.6132944444444446
2458801.547332176 1.6132944444444446
2458801.553130787 1.6132972222222224
2458870.342494213 1.6132916666666668
2458870.3482465283 1.6132916666666668
2458870.3528761575 1.6132944444444446
2458870.357505787 1.6132944444444446
2458870.362262732 1.6132972222222224
2458870.366857639 1.6132944444444446
2458870.3714525467 1.6132944444444446
2458870.376359954 1.6132944444444446
2458870.3809895837 1.6132944444444446
2458870.385746528 1.6132916666666668
2458870.3903414356 1.6132916666666668
2458871.346197917 1.6132916666666668
2458871.35197338 1.6132916666666668
2458871.3566030096 1.6132916666666668
2458871.3613715284 1.6132944444444446
2458871.3659780095 1.6132944444444446
2458871.370873843 1.6132944444444446
2458871.3755150465 1.6132944444444446
2458871.3802719912 1.6132944444444446
2458871.3848784724 1.6132944444444446
2458871.3897743057 1.6132972222222224
2458871.3944039354 1.6132944444444446
2458871.3991724537 1.6132972222222224
2458871.4037442133 1.613302777777778
2458889.2425520835 1.6132916666666668
2458901.2625057874 1.6132944444444446
2458901.2705266206 1.6132916666666668
2458901.285167824 1.6132916666666668
2458904.33140625 1.6132916666666668
2458904.337320602 1.6132916666666668
2458904.343049769 1.6132916666666668
2458904.3484317134 1.6132916666666668
2458904.353686343 1.613288888888889
2458904.3589525465 1.613288888888889
2458904.366047454 1.6132916666666668
