2458718.440040509 -273.96
2458718.455480324 -273.96
2458718.4774247687 -273.96
2458718.499346065 -273.96
2458718.5222164355 -273.96
2458718.5292418986 -273.96
2458718.5352835646 -273.96
2458718.5492766206 -273.96
2458718.568755787 -273.96
2458718.588501158 -273.96
2458718.6079918984 -273.96
2458726.2978414353 -271.08
2458726.3119039354 -271.08
2458726.3275057874 -271.08
2458726.3416030095 -271.08
2458726.3605034724 -271.08
2458726.382251158 -271.08
2458726.401221065 -271.08
2458726.4199826387 -271.08
2458726.444068287 -271.08
2458726.4634664357 -271.08
2458726.4842881947 -271.08
2458726.504994213 -271.08
2458726.52447338 -271.08
2458726.5408043982 -271.08
2458726.5571585647 -271.08
2458726.577644676 -271.08
2458726.597158565 -271.08
2458726.6163483798 -271.08
2458726.6353761577 -271.08
2458727.4750057873 -275.76
2458727.492042824 -275.76
2458727.507459491 -275.76
2458727.525978009 -275.76
2458727.5474363426 -275.76
2458730.5883159726 -277.56
2458730.597552084 -277.56
2458730.615746528 -277.56
2458730.6349016204 -277.56
2458730.6501099537 -277.56
2458731.378767361 -273.24
2458731.401070602 -273.24
2458731.4230034724 -273.24
2458731.44572338 -273.24
2458731.467644676 -273.24
2458731.4895775467 -273.24
2458736.4862094913 -276.84
2458737.4435706018 -277.20
2458737.452575232 -277.20
2458737.4629340284 -277.20
2458737.4732812503 -277.20
2458737.483640047 -277.20
2458737.498130787 -277.20
2458737.5458506946 -277.20
2458737.5634548613 -277.20
2458737.580758102 -277.20
2458739.4591030097 -273.24
2458739.4740798613 -273.24
2458739.4890567134 -273.24
2458739.504913195 -273.24
2458739.51990162 -273.24
2458739.5348900463 -273.24
2458740.3116377313 -272.16
2458740.3341145837 -272.16
2458740.35634838 -272.16
2458740.3867650465 -272.16
2458740.3993229168 -272.16
2458740.411383102 -272.16
2458740.4233275466 -272.16
2458740.435491898 -272.16
2458741.2920775465 -271.80
2458741.3044386576 -271.80
2458741.316209491 -271.80
2458741.3280729167 -271.80
2458741.3459085654 -271.80
2458741.3634432876 -271.80
2458741.38578125 -271.80
2458741.4081655093 -271.80
2458742.326869213 -272.52
2458742.349311343 -272.52
2458742.3712326395 -272.52
2458742.389959491 -272.52
2458742.4020775463 -272.52
2458742.414346065 -272.52
2458742.4262210648 -272.52
2458742.437899306 -272.52
2458742.449681713 -272.52
2458745.4851099537 -277.20
2458745.4959317134 -277.20
2458745.510908565 -277.20
2458745.5258854167 -277.20
2458745.5460358798 -277.20
2458745.56796875 -277.20
2458745.589901621 -277.20
2458747.4266724535 -275.76
2458747.448894676 -275.76
2458747.470815973 -275.76
2458747.488987269 -275.76
2458747.501209491 -275.76
2458747.5127141206 -275.76
2458747.530086806 -275.76
2458747.543003472 -275.76
2458749.3150868057 -272.88
2458749.3275057874 -272.88
2458749.344924769 -272.88
2458749.3620659728 -272.88
2458749.3738136576 -272.88
2458749.390746528 -272.88
2458749.4105497687 -272.88
2458749.4266493055 -272.88
2458749.4455150464 -272.88
2458757.62833912 -276.12
2458757.6505150464 -276.12
2458757.6712326393 -276.12
2458757.683755787 -276.12
2458768.5892534726 -276.12
2458768.600607639 -276.12
2458768.6155844913 -276.12
2458768.630584491 -276.12
2458768.6440219907 -276.12
2458768.654369213 -276.12
2458768.6647280096 -276.12
2458768.67634838 -276.12
2458769.5674594906 -281.88
2458769.590700232 -281.88
2458769.6129456023 -281.88
2458769.635144676 -281.88
2458769.657482639 -281.88
2458771.55333912 -276.84
2458771.562355324 -276.84
2458771.575017361 -276.84
2458771.5876793987 -276.84
2458771.618200232 -276.84
2458771.630873843 -276.84
2458771.64353588 -276.84
2458771.656209491 -276.84
2458801.5748900464 -274.32
2458801.5868807873 -274.32
2458801.6020543985 -274.32
2458801.6231770837 -274.32
2458801.6453414354 -274.32
2458801.6674710647 -274.32
2458806.4089756943 -277.56
2458807.56197338 -274.32
2458807.576765046 -274.32
2458807.5967418985 -274.32
2458807.6165682874 -274.32
2458807.6364293983 -274.32
2458871.5097511574 -271.44
2458871.522783565 -271.44
2458871.5416608797 -271.44
2458871.560318287 -271.44
2458871.5791030093 -271.44
2458871.59791088 -271.44
2458913.265144676 -274.68
2458913.280306713 -274.68
2458913.3262094907 -273.24
2458913.3408159725 -273.24
