2458737.6209085654 79.87262334035404 11.66094227399701
2458737.6289525465 93.43290466847975 12.690406314279798
2458737.636996528 75.69007219972991 14.95451435784248
2458737.647297454 82.0 17.420891003608922
2458737.6567650465 84.82104627030276 17.629621089804825
2458739.5693807867 -33.844399067042104 13.229506182716541
2458739.57322338 -4.11417966173758 19.427030983982352
2458739.5770891206 -14.04445811142432 16.164363644843935
2458739.5809664354 -16.283133237611764 21.59399607522492
2458739.58484375 -18.71107109152217 14.144157515175324
2458739.5887094913 -35.0543142533279 17.212160917413016
2458739.592586806 -46.14430433210873 16.205616954858463
2458739.596452547 -44.002845727678505 15.173652926244635
2458739.6003298615 -29.72942673338548 11.515536387638608
2458739.6042071762 -39.49443622540275 20.129483165626468
2458742.6323668985 -25.94324131544272 24.92509596572724
2458742.636846065 -29.485040490737447 27.634881104703158
2458742.640711806 -13.825342871034081 30.334254837591025
2458742.6449247687 -28.287633683979948 26.101716476488072
2458742.6487673614 -18.291869251057506 27.447638575587664
2458742.6528298617 -18.855734682445473 25.733018271124443
2458742.656707176 -18.76470019986664 25.075855171706525
