2458730.412748843 21663.31641260099 628.0 143
2458730.412748843 21704.51941315167 67.0 142
2458730.412748843 21709.219755418253 270.0 141
2458730.412748843 21738.32187470547 75.0 140
2458730.412748843 21700.71913637309 172.0 139
2458730.412748843 21686.818124067053 117.0 138
2458730.412748843 21687.818196868484 40.0 137
2458730.412748843 21686.41809494648 126.0 136
2458730.412748843 21693.318597442783 46.0 135
2458730.412748843 21699.11901982423 136.0 134
2458730.412748843 21707.31961699568 35.0 133
2458730.412748843 21716.320272474844 56.0 132
2458730.412748843 21684.917985711047 38.0 131
2458730.412748843 21696.318815913648 42.0 130
2458730.412748843 21692.218517327925 35.0 129
2458730.412748843 21705.0194495191 81.0 128
2458730.412748843 21721.120622054856 31.0 127
2458730.412748843 21707.519631622534 74.0 126
2458730.412748843 21716.62029434856 35.0 125
2458730.412748843 21722.12069485629 51.0 124
2458730.412748843 21693.618619316498 59.0 123
2458730.412748843 21723.12076772429 63.0 122
2458730.412748843 21705.5194859531 29.0 121
2458730.412748843 21703.81936215738 48.0 120
2458730.412748843 21661.7162961187 70.0 119
2458730.412748843 21694.918713991643 36.0 118
2458730.412748843 21701.519194614233 22.0 117
2458730.412748843 21698.118947022795 70.0 116
2458730.412748843 21699.419041697944 33.0 115
2458730.412748843 21703.119311163093 30.0 114
2458730.412748843 21703.219318409952 36.0 113
2458730.412748843 21697.918932462508 26.0 112
2458730.412748843 21702.719282042523 27.0 111
2458730.412748843 21701.119165493663 23.0 110
2458730.412748843 21717.52035990313 34.0 109
2458730.412748843 21676.317359352455 78.0 108
2458730.412748843 21703.719354843954 49.0 107
2458730.412748843 21688.01821142877 50.0 106
2458730.412748843 21692.718553761923 84.0 105
2458730.412748843 21684.21793471676 85.0 104
2458730.412748843 21688.6182551762 56.0 103
2458730.412748843 21687.01813862734 98.0 102
2458730.412748843 21669.616871416438 60.0 101
2458730.412748843 21691.31845177335 118.0 100
2458730.412748843 21687.818196868484 128.0 99
2458730.412748843 21686.41809494648 59.0 98
2458730.412748843 21656.415910104686 137.0 97
2458730.412748843 21683.917912843048 169.0 95
2458730.412748843 21680.717679811893 68.0 94
2458730.412748843 21710.819871967113 39.0 93
2458730.412748843 21672.917111761017 68.0 92
2458730.412748843 21712.419988449405 86.0 90
2458730.412748843 21696.91885959451 47.0 89
2458730.412748843 21697.118874221364 123.0 86
2458730.412748843 21680.61767249847 145.0 85
2458730.412748843 21740.922064055765 245.0 84
2458730.412748843 21715.820236040843 45.0 77
2458730.412748843 21682.6178181679 65.0 76
2458730.412748843 21633.51424231949 78.0 73
2458730.4780497686 21755.175458208156 0.0 143
2458730.4780497686 21755.175458208156 0.0 142
2458730.4780497686 21755.175458208156 0.0 141
2458730.4780497686 21755.175458208156 0.0 140
2458730.4780497686 21755.175458208156 0.0 139
2458730.4780497686 21755.175458208156 0.0 138
2458730.4780497686 21755.175458208156 0.0 137
2458730.4780497686 21755.175458208156 0.0 136
2458730.4780497686 21755.175458208156 0.0 135
2458730.4780497686 21755.175458208156 0.0 134
2458730.4780497686 21755.175458208156 0.0 133
2458730.4780497686 21755.175458208156 0.0 132
2458730.4780497686 21755.175458208156 0.0 131
2458730.4780497686 21755.175458208156 0.0 130
2458730.4780497686 21755.175458208156 0.0 129
2458730.4780497686 21755.175458208156 0.0 128
2458730.4780497686 21755.175458208156 0.0 127
2458730.4780497686 21755.175458208156 0.0 126
2458730.4780497686 21755.175458208156 0.0 125
2458730.4780497686 21755.175458208156 0.0 124
2458730.4780497686 21755.175458208156 0.0 123
2458730.4780497686 21755.175458208156 0.0 122
2458730.4780497686 21755.175458208156 0.0 121
2458730.4780497686 21755.175458208156 0.0 120
2458730.4780497686 21755.175458208156 0.0 119
2458730.4780497686 21755.175458208156 0.0 118
2458730.4780497686 21755.175458208156 0.0 117
2458730.4780497686 21755.175458208156 0.0 116
2458730.4780497686 21755.175458208156 0.0 115
2458730.4780497686 21755.175458208156 0.0 114
2458730.4780497686 21755.175458208156 0.0 113
2458730.4780497686 21755.175458208156 0.0 112
2458730.4780497686 21755.175458208156 0.0 111
2458730.4780497686 21755.175458208156 0.0 110
2458730.4780497686 21755.175458208156 0.0 109
2458730.4780497686 21755.175458208156 0.0 108
2458730.4780497686 21755.175458208156 0.0 107
2458730.4780497686 21755.175458208156 0.0 106
2458730.4780497686 21755.175458208156 0.0 105
2458730.4780497686 21755.175458208156 0.0 104
2458730.4780497686 21755.175458208156 0.0 103
2458730.4780497686 21755.175458208156 0.0 102
2458730.4780497686 21755.175458208156 0.0 101
2458730.4780497686 21755.175458208156 0.0 100
2458730.4780497686 21755.175458208156 0.0 99
2458730.4780497686 21755.175458208156 0.0 98
2458730.4780497686 21755.175458208156 0.0 97
2458730.4780497686 21755.175458208156 0.0 95
2458730.4780497686 21755.175458208156 0.0 94
2458730.4780497686 21755.175458208156 0.0 93
2458730.4780497686 21755.175458208156 0.0 92
2458730.4780497686 21755.175458208156 0.0 90
2458730.4780497686 21755.175458208156 0.0 89
2458730.4780497686 21755.175458208156 0.0 86
2458730.4780497686 21755.175458208156 0.0 85
2458730.4780497686 21755.175458208156 0.0 84
2458730.4780497686 21755.175458208156 0.0 77
2458730.4780497686 21755.175458208156 0.0 76
2458730.4780497686 21755.175458208156 0.0 73
2458745.358408565 24329.48713057419 216.0 143
2458745.358408565 24278.584134621942 187.0 142
2458745.358408565 24269.08357544397 351.0 141
2458745.358408565 24346.788148965512 160.0 140
2458745.358408565 24279.484187595295 50.0 139
2458745.358408565 24306.68578862694 146.0 138
2458745.358408565 24364.689202517075 71.0 137
2458745.358408565 24313.786206498255 130.0 136
2458745.358408565 24282.78438180874 39.0 135
2458745.358408565 24350.788384321277 173.0 134
2458745.358408565 24274.483893217526 47.0 133
2458745.358408565 24346.988160663404 250.0 132
2458745.358408565 24316.586371333833 147.0 131
2458745.358408565 24261.383122146137 40.0 130
2458745.358408565 24260.083045643863 67.0 129
2458745.358408565 24318.886506658404 71.0 128
2458745.358408565 24272.283763741896 71.0 127
2458745.358408565 24317.18640662721 65.0 126
2458745.358408565 24286.28458778664 65.0 125
2458745.358408565 24272.18375789295 64.0 124
2458745.358408565 24358.988866996977 64.0 123
2458745.358408565 24381.29017963293 60.0 122
2458745.358408565 24325.58690106737 61.0 121
2458745.358408565 24261.483128061653 48.0 120
2458745.358408565 24293.685023404498 71.0 119
2458745.358408565 24251.18252182584 51.0 118
2458745.358408565 23617.545227386505 57.0 117
2458745.358408565 24312.38612408047 52.0 116
2458745.358408565 24300.585429511353 43.0 115
2458745.358408565 24317.18640662721 56.0 114
2458745.358408565 24304.585665000257 63.0 113
2458745.358408565 24283.68443478209 55.0 112
2458745.358408565 24239.08180957675 64.0 111
2458745.358408565 24349.688319583463 49.0 110
2458745.358408565 24221.080750043107 43.0 109
2458745.358408565 24285.984570173234 48.0 108
2458745.358408565 23615.345097910875 56.0 107
2458745.358408565 24235.681609447794 50.0 106
2458745.358408565 24221.98080301646 47.0 105
2458745.358408565 24267.783498875127 61.0 104
2458745.358408565 24303.285588431416 72.0 103
2458745.358408565 24238.88179781229 51.0 102
2458745.358408565 24317.68643600508 58.0 101
2458745.358408565 23634.34621633339 61.0 100
2458745.358408565 24293.385005724525 74.0 99
2458745.358408565 24239.48183310567 79.0 98
2458745.358408565 24040.670131577142 80.0 97
2458745.358408565 23604.844479910604 67.0 95
2458745.358408565 24257.58289848826 71.0 94
2458745.358408565 24310.98604166268 63.0 93
2458745.358408565 23622.04549231984 68.0 92
2458745.358408565 24300.88544719133 76.0 90
2458745.358408565 23615.945133270823 59.0 89
2458745.358408565 24286.084576088746 81.0 86
2458745.358408565 24322.986747996256 95.0 85
2458745.358408565 24326.686965738616 105.0 84
2458745.358408565 24262.683198714978 95.0 77
2458745.358408565 24199.779496296018 73.0 76
2458745.358408565 24181.378413300023 103.0 73
2458745.397320602 24351.85120685264 217.0 143
2458745.397320602 24335.25023206664 87.0 142
2458745.397320602 24336.95033189813 207.0 141
2458745.397320602 24390.2534617015 185.0 140
2458745.397320602 24325.849680135525 72.0 139
2458745.397320602 24339.55048463641 51.0 138
2458745.397320602 24399.053978472366 86.0 137
2458745.397320602 24324.549603766387 96.0 136
2458745.397320602 24320.849386489997 40.0 135
2458745.397320602 24370.152281470135 84.0 134
2458745.397320602 24325.54966252212 96.0 133
2458745.397320602 24402.05415460643 67.0 132
2458745.397320602 24370.652310848 199.0 131
2458745.397320602 24305.448482224187 36.0 130
2458745.397320602 24301.64825909885 53.0 129
2458745.397320602 24375.35258681356 86.0 128
2458745.397320602 24302.248294259094 78.0 127
2458745.397320602 24345.050807526673 127.0 126
2458745.397320602 24303.548370628236 59.0 125
2458745.397320602 24312.44889324805 163.0 124
2458745.397320602 24397.95391386769 78.0 123
2458745.397320602 24411.054683075192 73.0 122
2458745.397320602 24366.152046580337 75.0 121
2458745.397320602 24323.749556775114 62.0 120
2458745.397320602 24349.65107764328 70.0 119
2458745.397320602 24288.847507438186 54.0 118
2458745.397320602 23662.5107308363 58.0 117
2458745.397320602 24343.850737073048 57.0 116
2458745.397320602 24333.550132301712 54.0 115
2458745.397320602 24353.351294919674 61.0 114
2458745.397320602 24368.152163958668 65.0 113
2458745.397320602 24322.149462859135 79.0 112
2458745.397320602 24288.447483975833 88.0 111
2458745.397320602 24386.753256189568 63.0 110
2458745.397320602 24270.94645634961 53.0 109
2458745.397320602 24340.950566854495 62.0 108
2458745.397320602 23661.910695609487 50.0 107
2458745.397320602 24293.94780693266 67.0 106
2458745.397320602 24285.34730199282 63.0 105
2458745.397320602 24319.749321951884 66.0 104
2458745.397320602 24346.550895593704 92.0 103
2458745.397320602 24290.04757795838 76.0 102
2458745.397320602 24355.351412364573 71.0 101
2458745.397320602 23673.411370834445 75.0 100
2458745.397320602 24347.350942584977 98.0 99
2458745.397320602 24310.048752340797 91.0 98
2458745.397320602 24100.53645033715 79.0 97
2458745.397320602 23649.009938099876 91.0 95
2458745.397320602 24300.34818272971 87.0 94
2458745.397320602 24354.25134775989 87.0 93
2458745.397320602 23663.510789525466 60.0 92
2458745.397320602 24337.65037304046 106.0 90
2458745.397320602 23654.310249358812 66.0 89
2458745.397320602 24317.949216271445 116.0 86
2458745.397320602 24387.553303114273 181.0 85
2458745.397320602 24382.052980224013 151.0 84
2458745.397320602 24308.94868773612 102.0 77
2458745.397320602 24268.346303744467 91.0 76
2458745.397320602 24232.444195585238 108.0 73
2458746.4836053243 24579.360430633264 562.0 143
2458746.4836053243 24553.858972169317 156.0 142
2458746.4836053243 24540.358200068757 196.0 141
2458746.4836053243 24614.062415151595 127.0 140
2458746.4836053243 24568.75982435781 192.0 139
2458746.4836053243 24539.558154342263 122.0 138
2458746.4836053243 24569.759881582497 161.0 137
2458746.4836053243 24546.258537567923 208.0 136
2458746.4836053243 24516.75685033837 122.0 135
2458746.4836053243 24589.361002547277 140.0 134
2458746.4836053243 24505.556209768045 170.0 133
2458746.4836053243 24607.462037708316 143.0 132
2458746.4836053243 24561.459406837283 121.0 131
2458746.4836053243 24502.25602107969 103.0 130
2458746.4836053243 24500.855940991758 140.0 129
2458746.4836053243 24570.259910161556 144.0 128
2458746.4836053243 24506.356255561106 151.0 127
2458746.4836053243 24540.1581887037 185.0 126
2458746.4836053243 24517.556896064863 158.0 125
2458746.4836053243 24498.855826608957 169.0 124
2458746.4836053243 24592.06115700733 160.0 123
2458746.4836053243 24616.462552464214 141.0 122
2458746.4836053243 24544.358428834363 158.0 121
2458746.4836053243 24510.456490042525 145.0 120
2458746.4836053243 24549.358714824655 167.0 119
2458746.4836053243 24485.65507165583 128.0 118
2458746.4836053243 24483.25493440978 121.0 117
2458746.4836053243 24563.65953265171 134.0 116
2458746.4836053243 24542.258308802317 126.0 115
2458746.4836053243 24556.059097983743 140.0 114
2458746.4836053243 24547.45860622423 142.0 113
2458746.4836053243 24517.156873268184 155.0 112
2458746.4836053243 24488.85525469494 141.0 111
2458746.4836053243 24596.261397137994 117.0 110
2458746.4836053243 24475.054465446945 134.0 109
2458746.4836053243 24541.25825157763 137.0 108
2458746.4836053243 24508.656387091345 140.0 107
2458746.4836053243 24480.25476280229 163.0 106
2458746.4836053243 24475.054465446945 148.0 105
2458746.4836053243 24505.25619268718 154.0 104
2458746.4836053243 24541.75828015669 172.0 103
2458746.4836053243 24480.354768518104 156.0 102
2458746.4836053243 24561.35940112147 122.0 101
2458746.4836053243 24498.855826608957 154.0 100
2458746.4836053243 24547.15858901023 139.0 99
2458746.4836053243 24482.654900048343 164.0 98
2458746.4836053243 24375.84879190016 110.0 97
2458746.4836053243 24488.15521468426 170.0 95
2458746.4836053243 24493.05549489217 167.0 94
2458746.4836053243 24558.85925815961 145.0 93
2458746.4836053243 24527.15744511563 156.0 92
2458746.4836053243 24536.657988517152 168.0 90
2458746.4836053243 24460.5536361217 157.0 89
2458746.4836053243 24532.257736821735 134.0 86
2458746.4836053243 24543.55838310787 163.0 85
2458746.4836053243 24533.35779976223 166.0 84
2458746.4836053243 24519.957033310915 177.0 77
2458746.4836053243 24460.953658984945 170.0 76
2458746.4836053243 24464.253847739867 187.0 73
2458746.5176678244 24616.606182659296 269.0 143
2458746.5176678244 24579.504068283884 133.0 142
2458746.5176678244 24571.303600918665 129.0 141
2458746.5176678244 24647.307932287833 182.0 140
2458746.5176678244 24558.10284862823 195.0 139
2458746.5176678244 24572.703680740327 159.0 138
2458746.5176678244 24608.005692497398 145.0 137
2458746.5176678244 24557.802831480796 145.0 136
2458746.5176678244 24542.10193669447 213.0 135
2458746.5176678244 24543.30200515108 118.0 134
2458746.5176678244 24558.302859993288 148.0 133
2458746.5176678244 24621.2064448544 269.0 132
2458746.5176678244 24564.003184862617 137.0 131
2458746.5176678244 24520.800722821197 111.0 130
2458746.5176678244 24516.800494787833 163.0 129
2458746.5176678244 24567.103361520243 152.0 128
2458746.5176678244 24524.000905194636 160.0 127
2458746.5176678244 24554.002614879053 166.0 126
2458746.5176678244 24531.701343980796 148.0 125
2458746.5176678244 24513.90032949526 241.0 124
2458746.5176678244 24602.0053505472 152.0 123
2458746.5176678244 24631.907054582374 126.0 122
2458746.5176678244 24565.203253252657 141.0 121
2458746.5176678244 24518.200574609495 142.0 120
2458746.5176678244 24563.303144985068 148.0 119
2458746.5176678244 24502.299668458112 137.0 118
2458746.5176678244 24501.699634229808 135.0 117
2458746.5176678244 24561.80305951416 130.0 116
2458746.5176678244 24546.302176092893 118.0 115
2458746.5176678244 24570.70356669036 130.0 114
2458746.5176678244 24564.203196227674 140.0 113
2458746.5176678244 24535.801577663406 145.0 112
2458746.5176678244 24498.49945192294 134.0 111
2458746.5176678244 24610.6058407091 112.0 110
2458746.5176678244 24474.698095420637 137.0 109
2458746.5176678244 24548.802318522216 121.0 108
2458746.5176678244 24509.700090229973 132.0 107
2458746.5176678244 24495.19926376712 159.0 106
2458746.5176678244 24484.89867676926 140.0 105
2458746.5176678244 24515.200403601113 149.0 104
2458746.5176678244 24553.90260922981 163.0 103
2458746.5176678244 24487.898847711072 153.0 102
2458746.5176678244 24572.703680740327 116.0 101
2458746.5176678244 24510.900158553446 164.0 100
2458746.5176678244 24570.103532528625 129.0 99
2458746.5176678244 24492.999138418665 154.0 98
2458746.5176678244 24378.992641231784 109.0 97
2458746.5176678244 24496.699349238028 167.0 95
2458746.5176678244 24520.90072853701 156.0 94
2458746.5176678244 24559.10290558665 143.0 93
2458746.5176678244 24541.70191396436 147.0 92
2458746.5176678244 24546.302176092893 154.0 90
2458746.5176678244 24481.398477248382 145.0 89
2458746.5176678244 24528.20114459306 150.0 86
2458746.5176678244 24571.203595202853 203.0 85
2458746.5176678244 24571.703623715344 166.0 84
2458746.5176678244 24539.40178290009 168.0 77
2458746.5176678244 24473.098004233918 151.0 76
2458746.5176678244 24473.998055543092 175.0 73
