2458801.500225695 -3.1393972019293876 6.095567036789933
2458801.506174769 -9.220908353563573 1.7652018298200352
2458801.5119039356 -7.702529210676767 3.750458305327497
2458801.5176678244 -4.6514812673804045 4.0191704706573175
2458801.523420139 -8.112198847850049 4.287882635987137
2458801.529172454 -7.086336460327766 4.600101901045236
2458801.5349247684 -4.079087851439181 6.174443294743261
2458801.541545139 -4.199975250467833 3.61178626167164
2458801.547332176 -8.1928006109134 5.347283188685634
2458801.553130787 -1.396091608256576 1.5719215947368368
