202008270001 2458801.194982639 -5676.875862920715 0.0 86
202008270001 2458801.194982639 -5676.875862920715 0.0 89
202008270001 2458801.194982639 -5676.875862920715 0.0 90
202008270001 2458801.194982639 -5676.875862920715 0.0 92
202008270001 2458801.194982639 -5676.875862920715 0.0 94
202008270001 2458801.194982639 -5676.875862920715 0.0 95
202008270001 2458801.194982639 -5676.875862920715 0.0 98
202008270001 2458801.194982639 -5676.875862920715 0.0 99
202008270001 2458801.194982639 -5676.875862920715 0.0 100
202008270001 2458801.194982639 -5676.875862920715 0.0 101
202008270001 2458801.194982639 -5676.875862920715 0.0 102
202008270001 2458801.194982639 -5676.875862920715 0.0 103
202008270001 2458801.194982639 -5676.875862920715 0.0 104
202008270001 2458801.194982639 -5676.875862920715 0.0 105
202008270001 2458801.194982639 -5676.875862920715 0.0 106
202008270002 2458801.194982639 -5671.875957595517 0.0 89
202008270002 2458801.194982639 -5671.875957595517 0.0 90
202008270002 2458801.194982639 -5671.875957595517 0.0 92
202008270002 2458801.194982639 -5671.975955689374 0.0 94
202008270002 2458801.194982639 -5671.875957595517 0.0 95
202008270002 2458801.194982639 -5671.975955689374 0.0 98
202008270002 2458801.194982639 -5671.875957595517 0.0 99
202008270002 2458801.194982639 -5671.875957595517 0.0 100
202008270002 2458801.194982639 -5671.875957595517 0.0 101
202008270002 2458801.194982639 -5671.875957595517 0.0 102
202008270002 2458801.194982639 -5671.875957595517 0.0 103
202008270002 2458801.194982639 -5671.875957595517 0.0 104
202008270002 2458801.194982639 -5671.875957595517 0.0 105
202008270002 2458801.194982639 -5671.875957595517 0.0 106
202008270003 2458801.194982639 -5681.675772024917 2.0 89
202008270003 2458801.194982639 -5680.375796638369 1.0 90
202008270003 2458801.194982639 -5674.2759121143345 3.0 92
202008270003 2458801.194982639 -5696.675487967227 3.0 94
202008270003 2458801.194982639 -5670.175989800261 1.0 95
202008270003 2458801.194982639 -5683.675734135026 1.0 98
202008270003 2458801.194982639 -5664.5760958120745 1.0 99
202008270003 2458801.194982639 -5678.875825030825 1.0 100
202008270003 2458801.194982639 -5669.37600494956 2.0 101
202008270003 2458801.194982639 -5675.875881882303 3.0 102
202008270003 2458801.194982639 -5681.175781522353 1.0 103
202008270003 2458801.194982639 -5678.575830749256 2.0 104
202008270003 2458801.194982639 -5673.675923551198 3.0 105
202008270003 2458801.194982639 -5679.375815599956 1.0 106
202008270004 2458801.194982639 -5686.575679222975 1.0 89
202008270004 2458801.194982639 -5679.175819345676 4.0 90
202008270004 2458801.194982639 -5664.276101530507 2.0 92
202008270004 2458801.194982639 -5670.175989800261 1.0 94
202008270004 2458801.194982639 -5675.675885628023 1.0 95
202008270004 2458801.194982639 -5672.3759481313655 1.0 98
202008270004 2458801.194982639 -5671.875957595517 1.0 99
202008270004 2458801.194982639 -5679.275817472816 0.0 100
202008270004 2458801.194982639 -5674.7759026834665 2.0 101
202008270004 2458801.194982639 -5666.77605414318 4.0 102
202008270004 2458801.194982639 -5673.275931075922 4.0 103
202008270004 2458801.194982639 -5674.675904589611 4.0 104
202008270004 2458801.194982639 -5675.3758913131705 1.0 105
202008270004 2458801.194982639 -5675.275893219315 1.0 106
