202008270001 2458801.194982639 2458802.19984462 -0.00066516230123881 14.0 1.7 6115.45332377436 86
202008270001 2458801.194982639 2458802.19984462 5.33201472635803 11.0 5.3 6120.78600366302 89
202008270001 2458801.194982639 2458802.19984462 -0.00053462381188751 13.0 3.8 6115.45345431285 90
202008270001 2458801.194982639 2458802.19984462 -0.0007088304547764301 11.0 -3.4 6115.4532801062 92
202008270001 2458801.194982639 2458802.19984462 -0.0010893957504976 10.0 3.0 6115.45289954091 93
202008270001 2458801.194982639 2458802.19984462 -0.00055905401374901 20.0 20.7 6115.45342988265 94
202008270001 2458801.194982639 2458802.19984462 -0.00088450157864628 24.0 -6.3 6115.45310443508 95
202008270001 2458801.194982639 2458802.19984462 -0.00047451353335503996 20.0 7.5 6115.45351442313 98
202008270001 2458801.194982639 2458802.19984462 -0.00063434163788401 18.0 -12.7 6115.45335459502 99
202008270001 2458801.194982639 2458802.19984462 -0.0004399651007958 14.0 1.9 6115.45354897156 100
202008270001 2458801.194982639 2458802.19984462 -0.00078338583886506 25.0 -7.5 6115.453205550821 101
202008270001 2458801.194982639 2458802.19984462 -0.00036221448596052 8.0 -0.6 6115.45362672217 102
202008270001 2458801.194982639 2458802.19984462 -0.0010803425967154 26.0 3.7 6115.45290859406 103
202008270001 2458801.194982639 2458802.19984462 -0.00050846286026029 9.0 2.1 6115.4534804738 104
202008270001 2458801.194982639 2458802.19984462 -0.0012453629505416001 11.0 -3.5 6115.45274357371 105
202008270001 2458801.194982639 2458802.19984462 -0.001045461327287 13.0 2.7 6115.45294347533 106
202008270002 2458801.194982639 2458802.19984462 5.00281655955881 14.0 6.7 6120.45680549622 86
202008270002 2458801.194982639 2458802.19984462 5.0597713479163495 13.0 8.9 6120.51376028458 90
202008270002 2458801.194982639 2458802.19984462 5.02698615030184 11.0 1.6 6120.48097508696 92
202008270002 2458801.194982639 2458802.19984462 4.98321128937107 10.0 8.0 6120.437200226031 93
202008270002 2458801.194982639 2458802.19984462 4.95743516323532 20.0 25.6 6120.41142409989 94
202008270002 2458801.194982639 2458802.19984462 4.99106296982443 24.0 -1.3 6120.44505190648 95
202008270002 2458801.194982639 2458802.19984462 5.00146444441452 20.0 12.6 6120.455453381071 98
202008270002 2458801.194982639 2458802.19984462 4.96729897368464 19.0 -7.7 6120.421287910341 99
202008270002 2458801.194982639 2458802.19984462 5.01239732581826 14.0 6.8999999999999995 6120.46638626248 100
202008270002 2458801.194982639 2458802.19984462 5.0160695113215 25.0 -2.5 6120.47005844798 101
202008270002 2458801.194982639 2458802.19984462 4.98772142413717 7.0 4.4 6120.4417103608 102
202008270002 2458801.194982639 2458802.19984462 4.99437748918563 26.0 8.7 6120.4483664258505 103
202008270002 2458801.194982639 2458802.19984462 5.01804502929737 9.0 7.1000000000000005 6120.47203396596 104
202008270002 2458801.194982639 2458802.19984462 4.9918247660887305 11.0 1.5 6120.44581370275 105
202008270002 2458801.194982639 2458802.19984462 4.98646390113588 13.0 7.7 6120.4404528378 106
202008270003 2458801.194982639 2458802.19984462 -1.7005551455505 0.0 -0.0 6113.753433791109 86
202008270003 2458801.194982639 2458802.19984462 -3.8006206869240997 0.0 -0.0 6111.653368249739 90
202008270003 2458801.194982639 2458802.19984462 3.38321546913711 0.0 -0.0 6118.8372044058 92
202008270003 2458801.194982639 2458802.19984462 -2.9808516208893003 0.0 -0.0 6112.47313731577 93
202008270003 2458801.194982639 2458802.19984462 -20.6585882771728 0.0 -0.0 6094.79540065949 94
202008270003 2458801.194982639 2458802.19984462 6.25615527249224 0.0 -0.0 6121.71014420915 95
202008270003 2458801.194982639 2458802.19984462 -7.5508673411483995 0.0 -0.0 6107.90312159551 98
202008270003 2458801.194982639 2458802.19984462 12.663763239364899 0.0 -0.0 6128.11775217602 99
202008270003 2458801.194982639 2458802.19984462 -1.8611967692523 0.0 -0.0 6113.592792167409 100
202008270003 2458801.194982639 2458802.19984462 7.51471479276322 0.0 -0.0 6122.96870372942 101
202008270003 2458801.194982639 2458802.19984462 0.634125605348146 0.0 -0.0 6116.08811454201 102
202008270003 2458801.194982639 2458802.19984462 -3.7306858061976 0.0 -0.0 6111.7233031304595 103
202008270003 2458801.194982639 2458802.19984462 -2.0776261898482997 0.0 -0.0 6113.37636274681 104
202008270003 2458801.194982639 2458802.19984462 3.46682327476699 0.0 -0.0 6118.92081221143 105
202008270003 2458801.194982639 2458802.19984462 -2.6685544939901997 0.0 -0.0 6112.78543444267 106
202008270004 2458801.194982639 2458802.19984462 13.5072499041264 20.0 15.2 6128.96123884079 86
202008270004 2458801.194982639 2458802.19984462 -3.2760966001017997 16.0 0.5 6112.17789233656 90
202008270004 2458801.194982639 2458802.19984462 11.981195917110599 14.0 8.6 6127.43518485377 92
202008270004 2458801.194982639 2458802.19984462 3.6609183652807102 10.0 6.6 6119.11490730194 93
202008270004 2458801.194982639 2458802.19984462 7.52926607328597 19.0 28.2 6122.98325500995 94
202008270004 2458801.194982639 2458802.19984462 0.763721102336135 41.0 -5.5 6116.217710039 95
202008270004 2458801.194982639 2458802.19984462 4.91764921505489 26.0 12.5 6120.37163815171 98
202008270004 2458801.194982639 2458802.19984462 5.3647510635688205 17.0 -7.3 6120.81874000023 99
202008270004 2458801.194982639 2458802.19984462 -2.3819040863806 19.0 -0.5 6113.072084850281 100
202008270004 2458801.194982639 2458802.19984462 2.40405464716087 15.0 -5.1000000000000005 6117.85804358382 101
202008270004 2458801.194982639 2458802.19984462 10.9787292152026 20.0 10.3 6126.43271815186 102
202008270004 2458801.194982639 2458802.19984462 3.09484249931824 24.0 6.8 6118.54883143598 103
202008270004 2458801.194982639 2458802.19984462 2.3132167665904597 11.0 4.4 6117.76720570325 104
202008270004 2458801.194982639 2458802.19984462 1.39103742646185 11.0 -2.1 6116.84502636312 105
202008270004 2458801.194982639 2458802.19984462 1.57637518830622 11.0 4.2 6117.03036412497 106
