202008270001 2458801.194982639 2458802.19984462 -1986055.84554922 1127.0 -1986014.0 -1979940.39156028 86
202008270001 2458801.194982639 2458802.19984462 -1818755.26085454 3334.0 -1818724.0 -1812639.8068656 89
202008270001 2458801.194982639 2458802.19984462 2076710.47008578 2476.0 2076668.2000000002 2082825.9240747201 90
202008270001 2458801.194982639 2458802.19984462 1470344.5880143698 4532.0 1470314.5999999999 1476460.04200331 92
202008270001 2458801.194982639 2458802.19984462 1955955.56927137 970.0 1955915.6 1962071.02326031 93
202008270001 2458801.194982639 2458802.19984462 1467895.29562573 2097.0 1467865.5 1474010.74961467 94
202008270001 2458801.194982639 2458802.19984462 2001950.39481634 1969.0 2001909.5 2008065.84880528 95
202008270001 2458801.194982639 2458802.19984462 1358492.13533964 4769.0 1358464.6 1364607.5893285798 98
202008270001 2458801.194982639 2458802.19984462 -1691826.77239635 3476.0 -1691792.0 -1685711.31840741 99
202008270001 2458801.194982639 2458802.19984462 -1748491.59534608 893.0 -1748456.0 -1742376.1413571401 100
202008270001 2458801.194982639 2458802.19984462 -2131381.73756897 406.0 -2131338.0 -2125266.28358004 101
202008270001 2458801.194982639 2458802.19984462 -1799845.66773024 2772.0 -1799809.0 -1793730.2137413102 102
202008270001 2458801.194982639 2458802.19984462 1729407.87267912 4162.0 1729372.7 1735523.32666806 103
202008270001 2458801.194982639 2458802.19984462 1972536.85376464 3424.0 1972496.5999999999 1978652.3077535701 104
202008270001 2458801.194982639 2458802.19984462 -2067761.51922925 1885.0 -2067719.0 -2061646.0652403198 105
202008270001 2458801.194982639 2458802.19984462 1908777.27650714 2559.0 1908738.4 1914892.73049607 106
202008270002 2458801.194982639 2458802.19984462 -3958948.4285532 1127.0 -1986009.0 -3952832.97456426 86
202008270002 2458801.194982639 2458802.19984462 -3626477.23697521 3334.0 -1818719.0 -3620361.7829862703 89
202008270002 2458801.194982639 2458802.19984462 4167811.7794908504 2476.0 2076673.6 4173927.23347979 90
202008270002 2458801.194982639 2458802.19984462 2947905.4126156103 4531.0 1470319.6 2954020.8666045503 92
202008270002 2458801.194982639 2458802.19984462 3924677.16163707 970.0 1955920.5 3930792.61562601 93
202008270002 2458801.194982639 2458802.19984462 2942977.02556962 2097.0 1467864.6 2949092.47955856 94
202008270002 2458801.194982639 2458802.19984462 4017274.0952548403 1969.0 2001914.4 4023389.54924377 95
202008270002 2458801.194982639 2458802.19984462 2723145.39954622 4769.0 1358469.5999999999 2729260.85353515 98
202008270002 2458801.194982639 2458802.19984462 -3374101.46680011 3476.0 -1691788.0 -3367986.01281117 99
202008270002 2458801.194982639 2458802.19984462 -3486780.67574333 893.0 -1748451.0 -3480665.2217543903 100
202008270002 2458801.194982639 2458802.19984462 -4247605.876389139 406.0 -2131333.0 -4241490.4224002 101
202008270002 2458801.194982639 2458802.19984462 -3588881.0099095497 2772.0 -1799804.0 -3582765.55592061 102
202008270002 2458801.194982639 2458802.19984462 3468796.93818522 4162.0 1729377.7 3474912.3921741596 103
202008270002 2458801.194982639 2458802.19984462 3958057.05478417 3424.0 1972501.6 3964172.5087731 104
202008270002 2458801.194982639 2458802.19984462 -4121256.4850528096 1884.0 -2067715.0000000002 -4115141.03106387 105
202008270002 2458801.194982639 2458802.19984462 3829712.49990164 2557.0 1908743.4000000001 3835827.95389057 106
202008270003 2458801.194982639 2458802.19984462 -3958989.19052033 1120.0 -1986050.0 -3952873.73653139 86
202008270003 2458801.194982639 2458802.19984462 -3626438.15630319 3364.0 -1818679.0 -3620322.7023142497 89
202008270003 2458801.194982639 2458802.19984462 4167896.9388715103 2530.0 2076758.1 4174012.39286045 90
202008270003 2458801.194982639 2458802.19984462 2947901.93000828 4483.0 1470316.2 2954017.38399721 92
202008270003 2458801.194982639 2458802.19984462 3924698.38978819 974.0 1955941.5 3930813.84377712 93
202008270003 2458801.194982639 2458802.19984462 2942971.86306759 2097.0 1467859.5 2949087.31705652 94
202008270003 2458801.194982639 2458802.19984462 4017244.03657438 1959.0 2001884.6 4023359.4905633098 95
202008270003 2458801.194982639 2458802.19984462 2723094.39254623 4703.0 1358418.9 2729209.84653516 98
202008270003 2458801.194982639 2458802.19984462 -3374039.4474846097 3543.0 -1691725.0 -3367923.99349568 99
202008270003 2458801.194982639 2458802.19984462 -3486845.8555248 896.0 -1748516.0 -3480730.40153586 100
202008270003 2458801.194982639 2458802.19984462 -4247616.61017209 408.0 -2131344.0 -4241501.15618315 101
202008270003 2458801.194982639 2458802.19984462 -3588853.9173612897 2767.0 -1799777.0 -3582738.46337236 102
202008270003 2458801.194982639 2458802.19984462 3468780.34116021 4155.0 1729361.2 3474895.7951491503 103
202008270003 2458801.194982639 2458802.19984462 3958054.19667556 3371.0 1972498.7000000002 3964169.6506644897 104
202008270003 2458801.194982639 2458802.19984462 -4121297.59900289 1889.0 -2067755.9999999998 -4115182.1450139494 105
202008270003 2458801.194982639 2458802.19984462 3829707.04196418 2591.0 1908737.9000000001 3835822.49595311 106
202008270004 2458801.194982639 2458802.19984462 -3958976.10643272 1110.0 -1986037.0 -3952860.65244378 86
202008270004 2458801.194982639 2458802.19984462 -3626512.78777557 3308.0 -1818754.0 -3620397.33378664 89
202008270004 2458801.194982639 2458802.19984462 4167659.1915418403 2485.0 2076522.0 4173774.64553078 90
202008270004 2458801.194982639 2458802.19984462 2947898.96334277 4512.0 1470313.1 2954014.41733171 92
202008270004 2458801.194982639 2458802.19984462 3924733.85633664 977.0 1955976.7999999998 3930849.31032557 93
202008270004 2458801.194982639 2458802.19984462 2943861.4925298598 2663.0 1468744.6 2949976.9465188 94
202008270004 2458801.194982639 2458802.19984462 4017176.40455423 1983.0 2001817.4 4023291.8585431697 95
202008270004 2458801.194982639 2458802.19984462 2723184.0099139498 4954.0 1358508.1 2729299.4639028898 98
202008270004 2458801.194982639 2458802.19984462 -3374016.15859539 3499.0 -1691702.0 -3367900.7046064497 99
202008270004 2458801.194982639 2458802.19984462 -3486783.71324803 891.0 -1748454.0 -3480668.2592591 100
202008270004 2458801.194982639 2458802.19984462 -4247609.28594378 403.0 -2131337.0 -4241493.83195485 101
202008270004 2458801.194982639 2458802.19984462 -3588846.3213192998 2756.0 -1799769.0 -3582730.86733036 102
202008270004 2458801.194982639 2458802.19984462 3468750.6480475 4181.0 1729331.5 3474866.1020364403 103
202008270004 2458801.194982639 2458802.19984462 3958151.37238525 3365.0 1972595.2 3964266.8263741797 104
202008270004 2458801.194982639 2458802.19984462 -4121405.3807772296 1930.0 -2067864.9999999998 -4115289.9267882905 105
202008270004 2458801.194982639 2458802.19984462 3829719.5172501 2493.0 1908750.4 3835834.97123903 106
