202008270001 2458801.194982639 2458802.19984462 -1985865.89519773 1087.0 -1985824.0 -1979750.4412088 86
202008270001 2458801.194982639 2458802.19984462 -1818725.54114067 3237.0 -1818689.0 -1812610.0871517302 89
202008270001 2458801.194982639 2458802.19984462 2076582.0925336701 2434.0 2076543.5000000002 2082697.5465226 90
202008270001 2458801.194982639 2458802.19984462 1470279.69081565 4386.0 1470247.1 1476395.14480459 92
202008270001 2458801.194982639 2458802.19984462 1955868.09313001 1022.0 1955831.3 1961983.54711895 93
202008270001 2458801.194982639 2458802.19984462 1392051.51929724 4016.0 1392043.1 1398166.97328617 94
202008270001 2458801.194982639 2458802.19984462 2001989.5848839402 2154.0 2001941.9000000001 2008105.03887288 95
202008270001 2458801.194982639 2458802.19984462 1358381.67232473 4408.0 1358360.7999999998 1364497.1263136698 98
202008270001 2458801.194982639 2458802.19984462 -1691689.9346456 3382.0 -1691668.0 -1685574.48065666 99
202008270001 2458801.194982639 2458802.19984462 -1748501.4369887798 919.0 -1748464.0 -1742385.98299984 100
202008270001 2458801.194982639 2458802.19984462 -2131446.2662219596 517.0 -2131410.0 -2125330.81223302 101
202008270001 2458801.194982639 2458802.19984462 -1799828.57663556 2788.0 -1799793.0 -1793713.12264662 102
202008270001 2458801.194982639 2458802.19984462 1729419.0573272698 4388.0 1729388.2000000002 1735534.5113162 103
202008270001 2458801.194982639 2458802.19984462 1972557.6330613901 3443.0 1972519.0 1978673.08705033 104
202008270001 2458801.194982639 2458802.19984462 -1837543.50178506 10777.0 -1837509.0 -1831428.04779613 105
202008270001 2458801.194982639 2458802.19984462 1908748.2917680999 2613.0 1908711.8 1914863.74575703 106
202008270002 2458801.194982639 2458802.19984462 -1985860.9559404799 1087.0 -1985819.0 -1979745.5019515501 86
202008270002 2458801.194982639 2458802.19984462 -1818720.72136687 3237.0 -1818684.0 -1812605.26737794 89
202008270002 2458801.194982639 2458802.19984462 2076587.3623103797 2434.0 2076548.6 2082702.8162993202 90
202008270002 2458801.194982639 2458802.19984462 1470284.69669646 4386.0 1470252.0999999999 1476400.15068539 92
202008270002 2458801.194982639 2458802.19984462 1955872.97996351 1022.0 1955836.1 1961988.4339524498 93
202008270002 2458801.194982639 2458802.19984462 1392056.6553522102 4016.0 1392048.2 1398172.10934115 94
202008270002 2458801.194982639 2458802.19984462 2001994.4756306 2154.0 2001946.9 2008109.92961954 95
202008270002 2458801.194982639 2458802.19984462 1358386.8142890201 4408.0 1358366.0 1364502.26827795 98
202008270002 2458801.194982639 2458802.19984462 -1691684.9703983502 3382.0 -1691663.0 -1685569.51640941 99
202008270002 2458801.194982639 2458802.19984462 -1748496.47208741 919.0 -1748459.0 -1742381.0180984698 100
202008270002 2458801.194982639 2458802.19984462 -2131441.17886306 517.0 -2131405.0 -2125325.72487413 101
202008270002 2458801.194982639 2458802.19984462 -1799823.73675288 2788.0 -1799788.0 -1793708.2827639398 102
202008270002 2458801.194982639 2458802.19984462 1729424.08522987 4388.0 1729393.2 1735539.53921881 103
202008270002 2458801.194982639 2458802.19984462 1972562.66659059 3443.0 1972524.0 1978678.12057953 104
202008270002 2458801.194982639 2458802.19984462 -1837538.65748614 10765.0 -1837504.0 -1831423.2034971998 105
202008270002 2458801.194982639 2458802.19984462 1908753.3277887802 2612.0 1908716.7999999998 1914868.78177772 106
202008270003 2458801.194982639 2458802.19984462 -1985891.47801607 1079.0 -1985849.0 -1979776.02402713 86
202008270003 2458801.194982639 2458802.19984462 -1818679.88012271 3269.0 -1818643.0 -1812564.42613378 89
202008270003 2458801.194982639 2458802.19984462 2076668.4654708202 2486.0 2076629.6 2082783.91945976 90
202008270003 2458801.194982639 2458802.19984462 1470281.74451034 4339.0 1470249.1 1476397.19849928 92
202008270003 2458801.194982639 2458802.19984462 1955893.1703026202 1026.0 1955856.2999999998 1962008.62429155 93
202008270003 2458801.194982639 2458802.19984462 1392049.07967119 4033.0000000000005 1392040.6 1398164.53366013 94
202008270003 2458801.194982639 2458802.19984462 2001961.14133231 2145.0 2001913.6 2008076.59532125 95
202008270003 2458801.194982639 2458802.19984462 1358349.2779517001 4345.0 1358328.4000000001 1364464.73194063 98
202008270003 2458801.194982639 2458802.19984462 -1691619.1622925 3451.0 -1691597.0 -1685503.70830356 99
202008270003 2458801.194982639 2458802.19984462 -1748563.94381664 923.0 -1748526.0 -1742448.4898277002 100
202008270003 2458801.194982639 2458802.19984462 -2131451.86231663 518.0 -2131416.0 -2125336.4083277 101
202008270003 2458801.194982639 2458802.19984462 -1799797.11739686 2782.0 -1799761.0 -1793681.66340792 102
202008270003 2458801.194982639 2458802.19984462 1729407.5833961698 4381.0 1729376.7 1735523.03738511 103
202008270003 2458801.194982639 2458802.19984462 1972558.79464506 3391.0 1972520.0999999999 1978674.2486339898 104
202008270003 2458801.194982639 2458802.19984462 -1837548.47356544 9747.0 -1837514.0 -1831433.0195765002 105
202008270003 2458801.194982639 2458802.19984462 1908747.12960949 2650.0 1908710.7000000002 1914862.58359842 106
202008270004 2458801.194982639 2458802.19984462 -3958627.19471308 1071.0 -1985850.0 -3952511.74072415 86
202008270004 2458801.194982639 2458802.19984462 -3626404.64571291 3212.0 -1818721.0 -3620289.1917239698 89
202008270004 2458801.194982639 2458802.19984462 4167496.5465696394 2453.0 2076402.3000000003 4173612.00055857 90
202008270004 2458801.194982639 2458802.19984462 2947767.42653814 4365.0 1470245.1 2953882.88052708 92
202008270004 2458801.194982639 2458802.19984462 3924584.2172397203 1029.0 1955890.5999999999 3930699.67122866 93
202008270004 2458801.194982639 2458802.19984462 2790634.21410398 4043.9999999999995 1392092.7999999998 2796749.6680929097 94
202008270004 2458801.194982639 2458802.19984462 4017217.53627236 2168.0 2001847.7 4023332.9902613 95
202008270004 2458801.194982639 2458802.19984462 2722931.17250285 4571.0 1358399.4 2729046.62649179 98
202008270004 2458801.194982639 2458802.19984462 -3373680.58712239 3407.0 -1691572.0 -3367565.13313345 99
202008270004 2458801.194982639 2458802.19984462 -3486863.39908522 916.0 -1748462.0 -3480747.94509629 100
202008270004 2458801.194982639 2458802.19984462 -4247746.79466982 513.0 -2131405.0 -4241631.340680891 101
202008270004 2458801.194982639 2458802.19984462 -3588781.82411022 2770.0 -1799753.0 -3582666.37012128 102
202008270004 2458801.194982639 2458802.19984462 3468765.96220794 4407.0 1729347.0 3474881.4161968697 103
202008270004 2458801.194982639 2458802.19984462 3958196.35449775 3384.0 1972617.9 3964311.8084866903 104
202008270004 2458801.194982639 2458802.19984462 -3663841.54931064 10374.0 -1837519.0 -3657726.0953217 105
202008270004 2458801.194982639 2458802.19984462 3829662.92383441 2544.0 1908724.2000000002 3835778.37782335 106
