2458801.500225695 0.7938708425963341 6.102986047434553
2458801.506174769 -2.930490357236522 4.365280690753635
2458801.5119039356 2.8759450148072574 5.435115898757335
2458801.5176678244 -2.2496690251427935 4.73969242147068
2458801.523420139 -0.24958650482221856 4.668205967848469
2458801.529172454 -4.347504571039281 6.143741975042089
2458801.5349247684 2.585743914553859 4.349651549933664
2458801.541545139 8.378125267294308 4.142038272186573
2458801.547332176 0.43583532937100244 4.844855595778998
2458801.553130787 6.217584545126556 4.8111788750928906
