202009020114 2459095.6179108797 4730.897330446453 783.0 106
202009020114 2459095.6179108797 4455.692169289188 1121.0 105
202009020114 2459095.6179108797 4527.993525232542 975.0 104
202009020114 2459095.6179108797 5378.009466161424 1214.0 103
202009020114 2459095.6179108797 10366.303014981293 3230.0 102
202009020114 2459095.6179108797 4534.09363964674 784.0 101
202009020114 2459095.6179108797 4940.2012556392865 947.0 100
202009020114 2459095.6179108797 6913.838268576375 4321.0 99
202009020114 2459095.6179108797 5267.207388223355 1213.0 98
202009020114 2459095.6179108797 4508.393157676438 1084.0 95
202009020114 2459095.6179108797 5270.007440693332 1099.0 94
202009020114 2459095.6179108797 4123.78594488266 735.0 92
202009020114 2459095.6179108797 5643.314441552594 1051.0 90
202009020114 2459095.6179108797 5504.411836660449 908.0 89
202009020114 2459095.6179108797 5935.819927137096 4400.0 86
202009020115 2459095.631846065 4740.421023557761 504.0 106
202009020115 2459095.631846065 4855.6231759891025 153.0 105
202009020115 2459095.631846065 4828.122662161496 165.0 104
202009020115 2459095.631846065 4691.320106140957 389.0 103
202009020115 2459095.631846065 4715.7205620669965 192.0 102
202009020115 2459095.631846065 4807.92228474072 135.0 101
202009020115 2459095.631846065 4792.221991389932 181.0 100
202009020115 2459095.631846065 4726.320760085211 215.0 99
202009020115 2459095.631846065 4882.723682330508 253.0 98
202009020115 2459095.631846065 4866.223374073885 182.0 95
202009020115 2459095.631846065 4810.1223258815435 160.0 94
202009020115 2459095.631846065 4813.622391269312 183.0 92
202009020115 2459095.631846065 4735.820937632865 230.0 90
202009020115 2459095.631846065 4766.221505652222 157.0 89
202009020115 2459095.631846065 4840.822899465626 382.0 86
202009040126 2459097.4549016203 4942.191468136528 89.0 106
202009040126 2459097.4549016203 4940.89144615287 77.0 105
202009040126 2459097.4549016203 4955.191687706828 81.0 104
202009040126 2459097.4549016203 4882.290456298177 65.0 103
202009040126 2459097.4549016203 4936.69137523628 38.0 102
202009040126 2459097.4549016203 4902.290794129362 63.0 101
202009040126 2459097.4549016203 4904.590832997922 55.0 100
202009040126 2459097.4549016203 4912.290963044955 87.0 99
202009040126 2459097.4549016203 4846.489851618962 83.0 98
202009040126 2459097.4549016203 4887.190539067483 87.0 95
202009040126 2459097.4549016203 4928.691240090492 66.0 94
202009040126 2459097.4549016203 4915.091010389249 49.0 92
202009040126 2459097.4549016203 4940.591441054116 52.0 90
202009040126 2459097.4549016203 4903.590816113019 62.0 89
202009040126 2459097.4549016203 4971.391961375384 87.0 86
202009040127 2459097.465850695 4911.328831140333 23.0 106
202009040127 2459097.465850695 4915.4289000688805 28.0 105
202009040127 2459097.465850695 4908.128777374914 24.0 104
202009040127 2459097.465850695 4916.2289135102355 47.0 103
202009040127 2459097.465850695 4899.128626076464 31.0 102
202009040127 2459097.465850695 4904.928723609495 47.0 101
202009040127 2459097.465850695 4919.428967275655 24.0 100
202009040127 2459097.465850695 4917.028926951591 38.0 99
202009040127 2459097.465850695 4899.7286362074055 45.0 98
202009040127 2459097.465850695 4910.028809289811 51.0 95
202009040127 2459097.465850695 4914.528884972319 37.0 94
202009040127 2459097.465850695 4891.32849497333 30.0 92
202009040127 2459097.465850695 4914.328881595339 37.0 90
202009040127 2459097.465850695 4903.328696726786 29.0 89
202009040127 2459097.465850695 4902.528683218863 34.0 86
202009040128 2459097.4785590284 4897.134144884678 23.0 106
202009040128 2459097.4785590284 4909.734355437729 21.0 105
202009040128 2459097.4785590284 4919.534519179025 32.0 104
202009040128 2459097.4785590284 4918.034494151224 48.0 103
202009040128 2459097.4785590284 4898.5341682572725 22.0 102
202009040128 2459097.4785590284 4895.83412316729 35.0 101
202009040128 2459097.4785590284 4907.334315313367 38.0 100
202009040128 2459097.4785590284 4909.434350405542 44.0 99
202009040128 2459097.4785590284 4879.933857459882 48.0 98
202009040128 2459097.4785590284 4909.834357092936 46.0 95
202009040128 2459097.4785590284 4920.734539241206 26.0 94
202009040128 2459097.4785590284 4891.434049605959 39.0 92
202009040128 2459097.4785590284 4919.1345124916315 31.0 90
202009040128 2459097.4785590284 4898.2341632250855 40.0 89
202009040128 2459097.4785590284 4900.6342033494475 36.0 86
202009040129 2459097.491255787 4908.003584324329 19.0 106
202009040129 2459097.491255787 4911.103635835435 16.0 105
202009040129 2459097.491255787 4912.303655764482 22.0 104
202009040129 2459097.491255787 4909.503609285562 46.0 103
202009040129 2459097.491255787 4891.803315182348 18.0 102
202009040129 2459097.491255787 4897.903416482788 20.0 101
202009040129 2459097.491255787 4917.403740512855 23.0 100
202009040129 2459097.491255787 4897.903416482788 42.0 99
202009040129 2459097.491255787 4899.003434756628 40.0 98
202009040129 2459097.491255787 4896.703396553741 47.0 95
202009040129 2459097.491255787 4908.603594255568 31.0 94
202009040129 2459097.491255787 4893.403341732222 23.0 92
202009040129 2459097.491255787 4906.6035610848685 61.0 90
202009040129 2459097.491255787 4906.503559429661 25.0 89
202009040129 2459097.491255787 4914.703695622575 29.0 86
202009040130 2459097.5046585654 4901.777412017211 20.0 106
202009040130 2459097.5046585654 4901.577408773364 21.0 105
202009040130 2459097.5046585654 4905.177468227668 47.0 104
202009040130 2459097.5046585654 4910.7775606529685 35.0 103
202009040130 2459097.5046585654 4892.77726344802 20.0 102
202009040130 2459097.5046585654 4901.477407118158 19.0 101
202009040130 2459097.5046585654 4911.477572239415 20.0 100
202009040130 2459097.5046585654 4906.6774929892 29.0 99
202009040130 2459097.5046585654 4888.677195717683 42.0 98
202009040130 2459097.5046585654 4898.8773641493535 20.0 95
202009040130 2459097.5046585654 4910.07754913309 21.0 94
202009040130 2459097.5046585654 4896.377322902323 19.0 92
202009040130 2459097.5046585654 4905.577474781927 25.0 90
202009040130 2459097.5046585654 4888.47719240727 27.0 89
202009040130 2459097.5046585654 4905.977481402753 33.0 86
202009040131 2459097.517320602 4895.470615728737 24.0 106
202009040131 2459097.517320602 4897.670651810446 18.0 105
202009040131 2459097.517320602 4895.77062062779 47.0 104
202009040131 2459097.517320602 4903.670750324035 28.0 103
202009040131 2459097.517320602 4886.1704629927335 23.0 102
202009040131 2459097.517320602 4904.270760188707 23.0 101
202009040131 2459097.517320602 4899.970689613929 26.0 100
202009040131 2459097.517320602 4898.570666640738 27.0 99
202009040131 2459097.517320602 4881.770390762748 31.0 98
202009040131 2459097.517320602 4888.870507350475 58.0 95
202009040131 2459097.517320602 4899.870687958722 20.0 94
202009040131 2459097.517320602 4898.470664985532 17.0 92
202009040131 2459097.517320602 4904.570765154327 52.0 90
202009040131 2459097.517320602 4895.570617317377 17.0 89
202009040131 2459097.517320602 4902.77073556031 90.0 86
202009040132 2459097.5300636576 4894.771869253787 0.0 106
202009040132 2459097.5300636576 4894.771869253787 0.0 105
202009040132 2459097.5300636576 4894.771869253787 0.0 104
202009040132 2459097.5300636576 4894.771869253787 0.0 103
202009040132 2459097.5300636576 4894.771869253787 0.0 102
202009040132 2459097.5300636576 4894.771869253787 0.0 101
202009040132 2459097.5300636576 4894.771869253787 0.0 100
202009040132 2459097.5300636576 4894.771869253787 0.0 99
202009040132 2459097.5300636576 4894.771869253787 0.0 98
202009040132 2459097.5300636576 4894.771869253787 0.0 95
202009040132 2459097.5300636576 4894.771869253787 0.0 94
202009040132 2459097.5300636576 4894.771869253787 0.0 92
202009040132 2459097.5300636576 4894.771869253787 0.0 90
202009040132 2459097.5300636576 4894.771869253787 0.0 89
202009040132 2459097.5300636576 4894.771869253787 0.0 86
202009040133 2459097.5442766203 4894.847085374429 42.0 106
202009040133 2459097.5442766203 4894.247075642892 15.0 105
202009040133 2459097.5442766203 4887.846971773255 35.0 104
202009040133 2459097.5442766203 4901.447192421345 57.0 103
202009040133 2459097.5442766203 4877.246799782854 29.0 102
202009040133 2459097.5442766203 4895.847101593659 13.0 101
202009040133 2459097.5442766203 4889.947005866921 35.0 100
202009040133 2459097.5442766203 4900.047169780991 25.0 99
202009040133 2459097.5442766203 4890.047007455561 36.0 98
202009040133 2459097.5442766203 4885.246929603259 38.0 95
202009040133 2459097.5442766203 4901.447192421345 23.0 94
202009040133 2459097.5442766203 4890.847020430944 18.0 92
202009040133 2459097.5442766203 4903.647228170217 52.0 90
202009040133 2459097.5442766203 4888.546983159999 22.0 89
202009040133 2459097.5442766203 4900.547177857322 28.0 86
202009080133 2459101.5007233797 4835.622485817209 68.0 106
202009080133 2459101.5007233797 4842.622559278303 66.0 105
202009080133 2459101.5007233797 4923.323406359502 48.0 104
202009080133 2459101.5007233797 4848.222618020551 80.0 103
202009080133 2459101.5007233797 4842.822561390505 75.0 102
202009080133 2459101.5007233797 4813.122249658982 56.0 101
202009080133 2459101.5007233797 4886.023014763711 60.0 100
202009080133 2459101.5007233797 4824.322367210045 61.0 99
202009080133 2459101.5007233797 4899.923160696366 89.0 98
202009080133 2459101.5007233797 4825.822382918424 89.0 95
202009080133 2459101.5007233797 4905.223216336878 61.0 94
202009080133 2459101.5007233797 4880.922961301968 60.0 92
202009080133 2459101.5007233797 4842.622559278303 91.0 90
202009080133 2459101.5007233797 4815.722276984471 72.0 89
202009080133 2459101.5007233797 4873.222880448167 75.0 86
202009080134 2459101.5126678245 4831.991416785989 61.0 106
202009080134 2459101.5126678245 4829.091386625033 54.0 105
202009080134 2459101.5126678245 4918.192313964662 44.0 104
202009080134 2459101.5126678245 4852.0916260001795 78.0 103
202009080134 2459101.5126678245 4833.091428269964 62.0 102
202009080134 2459101.5126678245 4819.191283602089 57.0 101
202009080134 2459101.5126678245 4891.892040270724 67.0 100
202009080134 2459101.5126678245 4842.691528124606 58.0 99
202009080134 2459101.5126678245 4873.891852968383 81.0 98
202009080134 2459101.5126678245 4831.791414740354 83.0 95
202009080134 2459101.5126678245 4897.892102704837 60.0 94
202009080134 2459101.5126678245 4881.591933089943 57.0 92
202009080134 2459101.5126678245 4843.391535450744 96.0 90
202009080134 2459101.5126678245 4814.591235753686 68.0 89
202009080134 2459101.5126678245 4876.391878971503 71.0 86
202009080135 2459101.524253472 4838.504137546023 60.0 106
202009080135 2459101.524253472 4837.70412923035 53.0 105
202009080135 2459101.524253472 4916.004937651667 43.0 104
202009080135 2459101.524253472 4855.904317180412 70.0 103
202009080135 2459101.524253472 4845.0042045949685 57.0 102
202009080135 2459101.524253472 4824.603994009793 55.0 101
202009080135 2459101.524253472 4898.104752869908 53.0 100
202009080135 2459101.524253472 4841.704170542445 56.0 99
202009080135 2459101.524253472 4882.504591779366 67.0 98
202009080135 2459101.524253472 4828.504034265786 82.0 95
202009080135 2459101.524253472 4899.104763164649 55.0 94
202009080135 2459101.524253472 4882.104587621529 62.0 92
202009080135 2459101.524253472 4831.5040652165735 92.0 90
202009080135 2459101.524253472 4820.7039537537985 64.0 89
202009080135 2459101.524253472 4893.604706410444 74.0 86
202009080136 2459101.5373668983 4842.812190138925 53.0 106
202009080136 2459101.5373668983 4831.212071492121 51.0 105
202009080136 2459101.5373668983 4909.012867643367 42.0 104
202009080136 2459101.5373668983 4843.51219733193 60.0 103
202009080136 2459101.5373668983 4833.612096039736 74.0 102
202009080136 2459101.5373668983 4818.911945585745 52.0 101
202009080136 2459101.5373668983 4899.31276833024 49.0 100
202009080136 2459101.5373668983 4837.412134906793 53.0 99
202009080136 2459101.5373668983 4885.112622957052 68.0 98
202009080136 2459101.5373668983 4830.512064299117 75.0 95
202009080136 2459101.5373668983 4893.612709996371 63.0 94
202009080136 2459101.5373668983 4888.012652652037 51.0 92
202009080136 2459101.5373668983 4838.512146191066 94.0 90
202009080136 2459101.5373668983 4826.312021274223 55.0 89
202009080136 2459101.5373668983 4874.512514538421 67.0 86
202009080137 2459101.5493460647 4841.251519174078 52.0 106
202009080137 2459101.5493460647 4835.951465397449 46.0 105
202009080137 2459101.5493460647 4925.2523719501305 39.0 104
202009080137 2459101.5493460647 4853.451643025844 57.0 103
202009080137 2459101.5493460647 4838.351489745362 53.0 102
202009080137 2459101.5493460647 4812.851230890692 55.0 101
202009080137 2459101.5493460647 4895.752072449039 46.0 100
202009080137 2459101.5493460647 4847.15157908761 49.0 99
202009080137 2459101.5493460647 4892.452038995621 63.0 98
202009080137 2459101.5493460647 4832.051425807129 73.0 95
202009080137 2459101.5493460647 4895.752072449039 49.0 94
202009080137 2459101.5493460647 4882.151934410966 49.0 92
202009080137 2459101.5493460647 4839.551501952603 74.0 90
202009080137 2459101.5493460647 4817.951282688253 59.0 89
202009080137 2459101.5493460647 4875.0518623567605 62.0 86
202009080138 2459101.5610358794 4834.768353894905 47.0 106
202009080138 2459101.5610358794 4836.768374084982 43.0 105
202009080138 2459101.5610358794 4914.969162012547 34.0 104
202009080138 2459101.5610358794 4850.068508089377 51.0 103
202009080138 2459101.5610358794 4827.068276302903 52.0 102
202009080138 2459101.5610358794 4808.0680848300135 46.0 101
202009080138 2459101.5610358794 4894.068951405682 53.0 100
202009080138 2459101.5610358794 4838.468391173323 49.0 99
202009080138 2459101.5610358794 4865.368662217282 66.0 98
202009080138 2459101.5610358794 4819.768202735601 111.0 95
202009080138 2459101.5610358794 4882.568835479161 49.0 94
202009080138 2459101.5610358794 4881.968829541959 47.0 92
202009080138 2459101.5610358794 4829.168297415945 90.0 90
202009080138 2459101.5610358794 4822.768233020716 48.0 89
202009080138 2459101.5610358794 4853.768545367794 66.0 86
202009090059 2459102.4768692134 4768.587898337353 30.0 106
202009090059 2459102.4768692134 4757.687798599398 25.0 105
202009090059 2459102.4768692134 4813.8883127799 34.0 104
202009090059 2459102.4768692134 4778.587989835179 30.0 103
202009090059 2459102.4768692134 4750.987737359759 45.0 102
202009090059 2459102.4768692134 4730.287547969911 28.0 101
202009090059 2459102.4768692134 4816.788339346222 33.0 100
202009090059 2459102.4768692134 4762.887846194243 38.0 99
202009090059 2459102.4768692134 4797.388161821801 56.0 98
202009090059 2459102.4768692134 4733.387576315598 48.0 95
202009090059 2459102.4768692134 4836.188516804074 39.0 94
202009090059 2459102.4768692134 4795.388143562176 34.0 92
202009090059 2459102.4768692134 4733.287575392632 47.0 90
202009090059 2459102.4768692134 4731.88756253767 31.0 89
202009090059 2459102.4768692134 4762.5878434253445 51.0 86
202009090060 2459102.4899942135 4765.944631091871 17.0 106
202009090060 2459102.4899942135 4759.344571374305 22.0 105
202009090060 2459102.4899942135 4806.044994012102 30.0 104
202009090060 2459102.4899942135 4777.744737938312 45.0 103
202009090060 2459102.4899942135 4757.944558719045 48.0 102
202009090060 2459102.4899942135 4732.54432887874 29.0 101
202009090060 2459102.4899942135 4816.645089916081 52.0 100
202009090060 2459102.4899942135 4762.744602156054 41.0 99
202009090060 2459102.4899942135 4802.0449578256885 49.0 98
202009090060 2459102.4899942135 4747.244461892099 59.0 95
202009090060 2459102.4899942135 4822.4451423830515 55.0 94
202009090060 2459102.4899942135 4795.844901666853 37.0 92
202009090060 2459102.4899942135 4726.644275488804 51.0 90
202009090060 2459102.4899942135 4733.944341534 36.0 89
202009090060 2459102.4899942135 4765.144623907842 46.0 86
202009090061 2459102.5026562503 4753.083839256571 21.0 106
202009090061 2459102.5026562503 4758.383886709306 27.0 105
202009090061 2459102.5026562503 4806.084313850488 32.0 104
202009090061 2459102.5026562503 4766.383958349892 23.0 103
202009090061 2459102.5026562503 4742.683746130467 29.0 102
202009090061 2459102.5026562503 4734.183669941616 27.0 101
202009090061 2459102.5026562503 4804.884303174296 36.0 100
202009090061 2459102.5026562503 4744.583763067721 41.0 99
202009090061 2459102.5026562503 4805.984312994089 42.0 98
202009090061 2459102.5026562503 4733.883667305852 55.0 95
202009090061 2459102.5026562503 4818.484424903381 45.0 94
202009090061 2459102.5026562503 4792.184189419071 37.0 92
202009090061 2459102.5026562503 4732.283653004361 45.0 90
202009090061 2459102.5026562503 4725.583592962935 38.0 89
202009090061 2459102.5026562503 4778.784069402785 40.0 86
202009090062 2459102.516649306 4744.521861804571 15.0 106
202009090062 2459102.516649306 4746.721881244455 18.0 105
202009090062 2459102.516649306 4798.522339903364 23.0 104
202009090062 2459102.516649306 4761.322010539021 40.0 103
202009090062 2459102.516649306 4735.221779496769 36.0 102
202009090062 2459102.516649306 4719.2216378132125 23.0 101
202009090062 2459102.516649306 4795.822315981783 35.0 100
202009090062 2459102.516649306 4734.121769743543 46.0 99
202009090062 2459102.516649306 4785.8222274129175 44.0 98
202009090062 2459102.516649306 4733.221761769682 51.0 95
202009090062 2459102.516649306 4812.022459444704 36.0 94
202009090062 2459102.516649306 4793.622296541898 41.0 92
202009090062 2459102.516649306 4732.221752939423 45.0 90
202009090062 2459102.516649306 4717.021618306761 29.0 89
202009090062 2459102.516649306 4775.42213535189 45.0 86
202009090063 2459102.5295428243 4755.140635560398 20.0 106
202009090063 2459102.5295428243 4734.140451522861 28.0 105
202009090063 2459102.5295428243 4798.54101582476 25.0 104
202009090063 2459102.5295428243 4754.340628576071 36.0 103
202009090063 2459102.5295428243 4737.240478736904 25.0 102
202009090063 2459102.5295428243 4716.940300827295 23.0 101
202009090063 2459102.5295428243 4795.040985185121 34.0 100
202009090063 2459102.5295428243 4740.8405102329425 46.0 99
202009090063 2459102.5295428243 4789.640937874496 47.0 98
202009090063 2459102.5295428243 4735.540463778717 39.0 95
202009090063 2459102.5295428243 4824.5412436141905 50.0 94
202009090063 2459102.5295428243 4776.140819597935 31.0 92
202009090063 2459102.5295428243 4740.040503248615 52.0 90
202009090063 2459102.5295428243 4722.140346425122 29.0 89
202009090063 2459102.5295428243 4753.840624160941 50.0 86
202009090064 2459102.5424247687 4740.875941476055 22.0 106
202009090064 2459102.5424247687 4746.175987397743 35.0 105
202009090064 2459102.5424247687 4796.776426393873 30.0 104
202009090064 2459102.5424247687 4761.976124506106 48.0 103
202009090064 2459102.5424247687 4735.075891139239 28.0 102
202009090064 2459102.5424247687 4713.475703760624 21.0 101
202009090064 2459102.5424247687 4795.676416773782 40.0 100
202009090064 2459102.5424247687 4737.475912025651 29.0 99
202009090064 2459102.5424247687 4794.676408143225 46.0 98
202009090064 2459102.5424247687 4715.175718585677 59.0 95
202009090064 2459102.5424247687 4801.576467966998 44.0 94
202009090064 2459102.5424247687 4784.676321371677 37.0 92
202009090064 2459102.5424247687 4716.375728929032 47.0 90
202009090064 2459102.5424247687 4720.1757618716 34.0 89
202009090064 2459102.5424247687 4765.676156592274 44.0 86
202009100079 2459103.391394676 4749.281388256908 69.0 106
202009100079 2459103.391394676 4752.5814155861335 62.0 105
202009100079 2459103.391394676 4764.481513902984 151.0 104
202009100079 2459103.391394676 4753.881426253351 61.0 103
202009100079 2459103.391394676 4767.181536160384 48.0 102
202009100079 2459103.391394676 4703.58101066198 43.0 101
202009100079 2459103.391394676 4757.281454372408 71.0 100
202009100079 2459103.391394676 4730.381232122279 56.0 99
202009100079 2459103.391394676 4774.881599839821 83.0 98
202009100079 2459103.391394676 4748.681383318216 61.0 95
202009100079 2459103.391394676 4787.881707244225 65.0 94
202009100079 2459103.391394676 4772.081576726023 66.0 92
202009100079 2459103.391394676 4753.981427176316 83.0 90
202009100079 2459103.391394676 4691.2809089861 61.0 89
202009100079 2459103.391394676 4806.781863445422 93.0 86
202009100080 2459103.4007002315 4721.169799881507 34.0 106
202009100080 2459103.4007002315 4723.46981871331 34.0 105
202009100080 2459103.4007002315 4743.0699793116855 46.0 104
202009100080 2459103.4007002315 4721.769804753632 41.0 103
202009100080 2459103.4007002315 4700.66963184181 31.0 102
202009100080 2459103.4007002315 4688.269530241473 28.0 101
202009100080 2459103.4007002315 4749.970035873661 39.0 100
202009100080 2459103.4007002315 4702.16964408869 54.0 99
202009100080 2459103.4007002315 4734.869912082493 70.0 98
202009100080 2459103.4007002315 4706.569680172633 40.0 95
202009100080 2459103.4007002315 4750.170037519892 66.0 94
202009100080 2459103.4007002315 4731.569885086104 47.0 92
202009100080 2459103.4007002315 4702.16964408869 66.0 90
202009100080 2459103.4007002315 4694.569581864757 44.0 89
202009100080 2459103.4007002315 4760.270120354993 58.0 86
202009100081 2459103.4122511577 4709.306800917687 38.0 106
202009100081 2459103.4122511577 4722.606908761134 30.0 105
202009100081 2459103.4122511577 4760.7072177416685 42.0 104
202009100081 2459103.4122511577 4729.006960641711 42.0 103
202009100081 2459103.4122511577 4726.106937137485 42.0 102
202009100081 2459103.4122511577 4692.906667923783 36.0 101
202009100081 2459103.4122511577 4760.307214449207 45.0 100
202009100081 2459103.4122511577 4687.806626577288 35.0 99
202009100081 2459103.4122511577 4733.806999618711 70.0 98
202009100081 2459103.4122511577 4715.30684957237 49.0 95
202009100081 2459103.4122511577 4759.407207207587 75.0 94
202009100081 2459103.4122511577 4737.90703280062 50.0 92
202009100081 2459103.4122511577 4689.0066362549705 70.0 90
202009100081 2459103.4122511577 4692.806667067384 43.0 89
202009100081 2459103.4122511577 4780.807380758154 70.0 86
202009100082 2459103.4241261575 4708.5357284079 45.0 106
202009100082 2459103.4241261575 4715.635785351328 37.0 105
202009100082 2459103.4241261575 4738.3359674389585 41.0 104
202009100082 2459103.4241261575 4727.735882452016 48.0 103
202009100082 2459103.4241261575 4723.935851972439 41.0 102
202009100082 2459103.4241261575 4694.535616167275 38.0 101
202009100082 2459103.4241261575 4754.736098968382 47.0 100
202009100082 2459103.4241261575 4690.435583251636 44.0 99
202009100082 2459103.4241261575 4751.536073294363 72.0 98
202009100082 2459103.4241261575 4705.635705169943 43.0 95
202009100082 2459103.4241261575 4756.736115031286 57.0 94
202009100082 2459103.4241261575 4721.335831103977 52.0 92
202009100082 2459103.4241261575 4681.035507875808 68.0 90
202009100082 2459103.4241261575 4704.735697994891 44.0 89
202009100082 2459103.4241261575 4757.636122206339 65.0 86
202009100083 2459103.437332176 4712.639121108199 45.0 106
202009100083 2459103.437332176 4728.939250183608 37.0 105
202009100083 2459103.437332176 4745.139378469186 62.0 104
202009100083 2459103.437332176 4714.739137761233 101.0 103
202009100083 2459103.437332176 4709.139093330954 40.0 102
202009100083 2459103.437332176 4689.6389389143615 40.0 101
202009100083 2459103.437332176 4762.939519458639 53.0 100
202009100083 2459103.437332176 4700.839027641785 42.0 99
202009100083 2459103.437332176 4740.839344439854 69.0 98
202009100083 2459103.437332176 4686.938917522338 43.0 95
202009100083 2459103.437332176 4759.339490958129 82.0 94
202009100083 2459103.437332176 4721.939194762253 54.0 92
202009100083 2459103.437332176 4683.138887442165 84.0 90
202009100083 2459103.437332176 4700.139022112963 45.0 89
202009100083 2459103.437332176 4762.739517878976 73.0 86
202009100084 2459103.448883102 4713.583013173794 49.0 106
202009100084 2459103.448883102 4727.283120515367 41.0 105
202009100084 2459103.448883102 4749.483294326964 49.0 104
202009100084 2459103.448883102 4719.383058584631 56.0 103
202009100084 2459103.448883102 4722.283081356616 48.0 102
202009100084 2459103.448883102 4687.382808035196 38.0 101
202009100084 2459103.448883102 4753.783327956892 55.0 100
202009100084 2459103.448883102 4701.282916889865 51.0 99
202009100084 2459103.448883102 4751.4833099904645 78.0 98
202009100084 2459103.448883102 4703.082930973702 49.0 95
202009100084 2459103.448883102 4753.483325653964 64.0 94
202009100084 2459103.448883102 4711.282995207366 52.0 92
202009100084 2459103.448883102 4689.682826001625 53.0 90
202009100084 2459103.448883102 4705.1829474270335 51.0 89
202009100084 2459103.448883102 4760.78338284571 67.0 86
202009100085 2459103.460422454 4727.337368669412 57.0 106
202009100085 2459103.460422454 4723.7373409011425 46.0 105
202009100085 2459103.460422454 4757.137599446126 56.0 104
202009100085 2459103.460422454 4715.43727654332 67.0 103
202009100085 2459103.460422454 4724.337345440432 49.0 102
202009100085 2459103.460422454 4699.837155792559 43.0 101
202009100085 2459103.460422454 4734.737425985317 56.0 100
202009100085 2459103.460422454 4701.3371673737665 52.0 99
202009100085 2459103.460422454 4736.037436053427 77.0 98
202009100085 2459103.460422454 4697.137134933074 54.0 95
202009100085 2459103.460422454 4770.737704733088 71.0 94
202009100085 2459103.460422454 4718.237298259205 59.0 92
202009100085 2459103.460422454 4680.9370094433225 69.0 90
202009100085 2459103.460422454 4709.937233967949 55.0 89
202009100085 2459103.460422454 4747.937528179519 70.0 86
202009100086 2459103.4741840283 4718.114753788268 66.0 106
202009100086 2459103.4741840283 4728.814835504437 54.0 105
202009100086 2459103.4741840283 4753.615024859112 74.0 104
202009100086 2459103.4741840283 4715.714735431412 73.0 103
202009100086 2459103.4741840283 4696.4145879864345 59.0 102
202009100086 2459103.4741840283 4714.314724706604 67.0 101
202009100086 2459103.4741840283 4775.215189871114 80.0 100
202009100086 2459103.4741840283 4729.114837740797 78.0 99
202009100086 2459103.4741840283 4718.814759050821 82.0 98
202009100086 2459103.4741840283 4702.214632332194 65.0 95
202009100086 2459103.4741840283 4778.515215070186 106.0 94
202009100086 2459103.4741840283 4741.11492945851 69.0 92
202009100086 2459103.4741840283 4685.214502454241 81.0 90
202009100086 2459103.4741840283 4717.714750695508 70.0 89
202009100086 2459103.4741840283 4773.215174607018 87.0 86
202009100087 2459103.48572338 4740.926681400367 241.0 106
202009100087 2459103.48572338 4570.325393392023 224.0 105
202009100087 2459103.48572338 4629.525840269981 389.0 104
202009100087 2459103.48572338 4610.525696858681 2439.0 103
202009100087 2459103.48572338 4792.827073216732 737.0 102
202009100087 2459103.48572338 4557.725298200099 222.0 101
202009100087 2459103.48572338 4682.526240441659 544.0 100
202009100087 2459103.48572338 4706.926424639989 379.0 99
202009100087 2459103.48572338 4912.627977630888 554.0 98
202009100087 2459103.48572338 5019.72878626299 313.0 95
202009100087 2459103.48572338 4766.926877636898 393.0 94
202009100087 2459103.48572338 4314.023458320033 1680.0 92
202009100087 2459103.48572338 4628.92583579726 491.0 90
202009100087 2459103.48572338 4788.62704150828 959.0 89
202009100087 2459103.48572338 4855.827548843517 683.0 86
202009100088 2459103.4972627317 4523.377190230229 667.0 106
202009100088 2459103.4972627317 4624.477944749129 536.0 105
202009100088 2459103.4972627317 5201.682252898894 888.0 104
202009100088 2459103.4972627317 4890.279928694187 808.0 103
202009100088 2459103.4972627317 4742.378824770493 939.0 102
202009100088 2459103.4972627317 4674.478318030625 878.0 101
202009100088 2459103.4972627317 5181.882105099392 1605.0 100
202009100088 2459103.4972627317 5167.18199531802 2967.0 99
202009100088 2459103.4972627317 4203.574803340858 1970.0 98
202009100088 2459103.4972627317 5147.381847585085 2217.0 95
202009100088 2459103.4972627317 4484.076896867586 1587.0 94
202009100088 2459103.4972627317 4906.0800465646025 3931.0 92
202009100088 2459103.4972627317 5656.985651098208 1018.9999999999999 90
202009100088 2459103.4972627317 4587.577669410505 1334.0 89
202009100088 2459103.4972627317 5671.685760746444 2747.0 86
202009110199 2459104.488709491 4817.044574582725 166.0 106
202009110199 2459104.488709491 4796.244449971833 124.0 105
202009110199 2459104.488709491 4836.944693749313 143.0 104
202009110199 2459104.488709491 4820.444594913409 171.0 103
202009110199 2459104.488709491 4779.844351659492 146.0 102
202009110199 2459104.488709491 4809.044526640097 122.0 101
202009110199 2459104.488709491 4800.644476270383 140.0 100
202009110199 2459104.488709491 4794.644440330054 142.0 99
202009110199 2459104.488709491 4793.344432591799 158.0 98
202009110199 2459104.488709491 4763.644254660544 145.0 95
202009110199 2459104.488709491 4814.744560810036 163.0 94
202009110199 2459104.488709491 4798.744464924781 149.0 92
202009110199 2459104.488709491 4790.544415801894 149.0 90
202009110199 2459104.488709491 4787.244395994772 140.0 89
202009110199 2459104.488709491 4867.444876468174 185.0 86
202009110200 2459104.497876158 4787.926168740701 146.0 106
202009110200 2459104.497876158 4769.626060347537 121.0 105
202009110200 2459104.497876158 4823.426378969035 136.0 104
202009110200 2459104.497876158 4783.226140938031 161.0 103
202009110200 2459104.497876158 4769.9260621179255 133.0 102
202009110200 2459104.497876158 4769.326058577147 109.0 101
202009110200 2459104.497876158 4792.826197723631 135.0 100
202009110200 2459104.497876158 4782.226134970166 126.0 99
202009110200 2459104.497876158 4824.626386050593 157.0 98
202009110200 2459104.497876158 4751.225951297674 140.0 95
202009110200 2459104.497876158 4816.926340477461 159.0 94
202009110200 2459104.497876158 4788.026169330831 141.0 92
202009110200 2459104.497876158 4764.826031888169 144.0 90
202009110200 2459104.497876158 4765.226034248689 135.0 89
202009110200 2459104.497876158 4839.326473132516 125.0 86
202009110201 2459104.5094270837 4793.235434699118 149.0 106
202009110201 2459104.5094270837 4773.235317937928 124.0 105
202009110201 2459104.5094270837 4819.035585288434 137.0 104
202009110201 2459104.5094270837 4808.335522810215 171.0 103
202009110201 2459104.5094270837 4772.835315643976 140.0 102
202009110201 2459104.5094270837 4770.5353022041245 112.0 101
202009110201 2459104.5094270837 4793.735437649767 140.0 100
202009110201 2459104.5094270837 4783.835379759451 128.0 99
202009110201 2459104.5094270837 4818.435581814223 153.0 98
202009110201 2459104.5094270837 4750.835187146757 149.0 95
202009110201 2459104.5094270837 4810.2355339561145 159.0 94
202009110201 2459104.5094270837 4804.23549888116 153.0 92
202009110201 2459104.5094270837 4774.0353225924 147.0 90
202009110201 2459104.5094270837 4761.635250215107 135.0 89
202009110201 2459104.5094270837 4825.035620363388 126.0 86
202009110202 2459104.52103588 4790.809792858552 152.0 106
202009110202 2459104.52103588 4778.709723250158 129.0 105
202009110202 2459104.52103588 4826.109996048704 141.0 104
202009110202 2459104.52103588 4791.3097957426335 165.0 103
202009110202 2459104.52103588 4767.009655869149 140.0 102
202009110202 2459104.52103588 4777.809718072124 116.0 101
202009110202 2459104.52103588 4815.109932732036 145.0 100
202009110202 2459104.52103588 4788.609780208531 133.0 99
202009110202 2459104.52103588 4838.610068017617 161.0 98
202009110202 2459104.52103588 4748.209547720566 147.0 95
202009110202 2459104.52103588 4815.009932141907 167.0 94
202009110202 2459104.52103588 4785.409761790348 150.0 92
202009110202 2459104.52103588 4761.609624800945 151.0 90
202009110202 2459104.52103588 4756.309594322871 139.0 89
202009110202 2459104.52103588 4820.60996439037 130.0 86
202009110203 2459104.53359375 4795.043112609394 158.0 106
202009110203 2459104.53359375 4779.643025324032 133.0 105
202009110203 2459104.53359375 4823.843275843491 145.0 104
202009110203 2459104.53359375 4798.543132465131 173.0 103
202009110203 2459104.53359375 4780.143028141547 147.0 102
202009110203 2459104.53359375 4768.742963596004 119.0 101
202009110203 2459104.53359375 4793.743105203976 149.0 100
202009110203 2459104.53359375 4791.543092753657 138.0 99
202009110203 2459104.53359375 4831.943321780124 162.0 98
202009110203 2459104.53359375 4767.142954486763 158.0 95
202009110203 2459104.53359375 4827.2432951756655 172.0 94
202009110203 2459104.53359375 4806.843179515456 156.0 92
202009110203 2459104.53359375 4771.142977160015 154.0 90
202009110203 2459104.53359375 4764.242938038671 147.0 89
202009110203 2459104.53359375 4831.44331896261 134.0 86
202009110204 2459104.545283565 4785.223497970221 164.0 106
202009110204 2459104.545283565 4765.423387315271 130.0 105
202009110204 2459104.545283565 4827.623735004949 145.0 104
202009110204 2459104.545283565 4806.0236142602 179.0 103
202009110204 2459104.545283565 4777.623455450208 148.0 102
202009110204 2459104.545283565 4760.723361043649 122.0 101
202009110204 2459104.545283565 4791.123530923996 149.0 100
202009110204 2459104.545283565 4780.223469994777 139.0 99
202009110204 2459104.545283565 4819.323688620296 167.0 98
202009110204 2459104.545283565 4751.023306730015 160.0 95
202009110204 2459104.545283565 4814.8236633957995 172.0 94
202009110204 2459104.545283565 4796.4235606032635 158.0 92
202009110204 2459104.545283565 4752.823316819814 155.0 90
202009110204 2459104.545283565 4751.423309023967 146.0 89
202009110204 2459104.545283565 4811.923647280543 133.0 86
202009110205 2459104.5585127315 4798.9294149727175 165.0 106
202009110205 2459104.5585127315 4768.529247555359 132.0 105
202009110205 2459104.5585127315 4833.029602693832 145.0 104
202009110205 2459104.5585127315 4803.3294392076805 179.0 103
202009110205 2459104.5585127315 4777.729298252671 157.0 102
202009110205 2459104.5585127315 4780.729314758354 126.0 101
202009110205 2459104.5585127315 4802.229433182223 149.0 100
202009110205 2459104.5585127315 4789.829364865536 145.0 99
202009110205 2459104.5585127315 4823.429549835703 157.0 98
202009110205 2459104.5585127315 4759.429197514745 161.0 95
202009110205 2459104.5585127315 4824.529555927727 167.0 94
202009110205 2459104.5585127315 4808.129465670028 158.0 92
202009110205 2459104.5585127315 4761.629209632227 163.0 90
202009110205 2459104.5585127315 4763.729221159579 151.0 89
202009110205 2459104.5585127315 4816.229510208748 133.0 86
202009110206 2459104.57015625 4794.255990790652 163.0 106
202009110206 2459104.57015625 4780.555916266757 138.0 105
202009110206 2459104.57015625 4836.756221692212 138.0 104
202009110206 2459104.57015625 4800.5560249733035 178.0 103
202009110206 2459104.57015625 4778.955907623486 159.0 102
202009110206 2459104.57015625 4771.955869576195 130.0 101
202009110206 2459104.57015625 4819.756129291648 145.0 100
202009110206 2459104.57015625 4778.555905396102 145.0 99
202009110206 2459104.57015625 4838.456230925612 153.0 98
202009110206 2459104.57015625 4743.6557157497755 162.0 95
202009110206 2459104.57015625 4817.556117373868 168.0 94
202009110206 2459104.57015625 4809.856075528504 154.0 92
202009110206 2459104.57015625 4762.2558167936095 166.0 90
202009110206 2459104.57015625 4761.2558114248495 155.0 89
202009110206 2459104.57015625 4809.656074414812 132.0 86
202009110207 2459104.581857639 4792.883466435385 158.0 106
202009110207 2459104.581857639 4792.383463751005 140.0 105
202009110207 2459104.581857639 4827.183650543914 138.0 104
202009110207 2459104.581857639 4810.883563073066 172.0 103
202009110207 2459104.581857639 4786.4834320620075 150.0 102
202009110207 2459104.581857639 4780.18339827876 127.0 101
202009110207 2459104.581857639 4812.883573810586 143.0 100
202009110207 2459104.581857639 4787.68343854446 139.0 99
202009110207 2459104.581857639 4840.283720861357 149.0 98
202009110207 2459104.581857639 4762.4833032783345 165.0 95
202009110207 2459104.581857639 4821.083617807792 166.0 94
202009110207 2459104.581857639 4814.483582387289 150.0 92
202009110207 2459104.581857639 4765.183317813927 168.0 90
202009110207 2459104.581857639 4776.183376870287 147.0 89
202009110207 2459104.581857639 4802.883520189553 137.0 86
202009120079 2459105.476545139 4860.867733741119 123.0 106
202009120079 2459105.476545139 4830.9675979649155 107.0 105
202009120079 2459105.476545139 4902.067920758382 104.0 104
202009120079 2459105.476545139 4818.967543458322 147.0 103
202009120079 2459105.476545139 4845.667664677246 116.0 102
202009120079 2459105.476545139 4880.467822713082 96.0 101
202009120079 2459105.476545139 4878.167812268758 124.0 100
202009120079 2459105.476545139 4826.267576619273 121.0 99
202009120079 2459105.476545139 4899.067907115092 164.0 98
202009120079 2459105.476545139 4843.8676565178985 124.0 95
202009120079 2459105.476545139 4871.5677823067745 133.0 94
202009120079 2459105.476545139 4845.867665657804 114.0 92
202009120079 2459105.476545139 4855.967711481487 129.0 90
202009120079 2459105.476545139 4792.667424067381 121.0 89
202009120079 2459105.476545139 4887.367854046051 118.0 86
202009120080 2459105.4881307874 4826.661292763583 113.0 106
202009120080 2459105.4881307874 4824.461282975957 98.0 105
202009120080 2459105.4881307874 4865.361465094167 96.0 104
202009120080 2459105.4881307874 4847.5613858126 122.0 103
202009120080 2459105.4881307874 4815.261241997471 111.0 102
202009120080 2459105.4881307874 4815.361242454467 91.0 101
202009120080 2459105.4881307874 4881.461536806518 101.0 100
202009120080 2459105.4881307874 4828.961303008205 97.0 99
202009120080 2459105.4881307874 4880.161530998714 110.0 98
202009120080 2459105.4881307874 4818.661257135906 120.0 95
202009120080 2459105.4881307874 4856.561425877096 119.0 94
202009120080 2459105.4881307874 4843.561367998761 106.0 92
202009120080 2459105.4881307874 4840.36135370775 126.0 90
202009120080 2459105.4881307874 4775.6610656204975 116.0 89
202009120080 2459105.4881307874 4878.561523886492 95.0 86
202009120081 2459105.500827546 4835.535603178505 111.0 106
202009120081 2459105.500827546 4818.535529083947 98.0 105
202009120081 2459105.500827546 4861.53571653875 95.0 104
202009120081 2459105.500827546 4842.335632789701 119.0 103
202009120081 2459105.500827546 4820.035535606039 107.0 102
202009120081 2459105.500827546 4816.035518191604 88.0 101
202009120081 2459105.500827546 4886.635825919173 96.0 100
202009120081 2459105.500827546 4826.135562151403 102.0 99
202009120081 2459105.500827546 4869.935753129033 110.0 98
202009120081 2459105.500827546 4830.635581784247 113.0 95
202009120081 2459105.500827546 4862.035718690592 106.0 94
202009120081 2459105.500827546 4848.635660315623 100.0 92
202009120081 2459105.500827546 4835.935604873351 122.0 90
202009120081 2459105.500827546 4794.43542394064 107.0 89
202009120081 2459105.500827546 4851.335672055388 96.0 86
202009120082 2459105.51353588 4833.430021233097 101.0 106
202009120082 2459105.51353588 4829.1300028470805 88.0 105
202009120082 2459105.51353588 4873.230191135091 90.0 104
202009120082 2459105.51353588 4844.730069412061 111.0 103
202009120082 2459105.51353588 4820.329965294191 107.0 102
202009120082 2459105.51353588 4818.429957210387 86.0 101
202009120082 2459105.51353588 4888.130254700807 92.0 100
202009120082 2459105.51353588 4821.529970445297 95.0 99
202009120082 2459105.51353588 4868.130169359382 105.0 98
202009120082 2459105.51353588 4821.529970445297 120.0 95
202009120082 2459105.51353588 4840.5300515496065 109.0 94
202009120082 2459105.51353588 4852.5301027944015 96.0 92
202009120082 2459105.51353588 4847.530081409121 124.0 90
202009120082 2459105.51353588 4781.329798915024 106.0 89
202009120082 2459105.51353588 4887.1302504636915 89.0 86
202009120083 2459105.5271006944 4826.140157425111 98.0 106
202009120083 2459105.5271006944 4805.640071862296 87.0 105
202009120083 2459105.5271006944 4871.640347251643 83.0 104
202009120083 2459105.5271006944 4841.740222525611 109.0 103
202009120083 2459105.5271006944 4812.040098580435 104.0 102
202009120083 2459105.5271006944 4814.540109006806 81.0 101
202009120083 2459105.5271006944 4890.240424863789 90.0 100
202009120083 2459105.5271006944 4814.240107768956 92.0 99
202009120083 2459105.5271006944 4864.740318514798 99.0 98
202009120083 2459105.5271006944 4816.740118195327 109.0 95
202009120083 2459105.5271006944 4845.140236665537 98.0 94
202009120083 2459105.5271006944 4851.340262602819 93.0 92
202009120083 2459105.5271006944 4826.440158662963 111.0 90
202009120083 2459105.5271006944 4783.039977634524 99.0 89
202009120083 2459105.5271006944 4841.540221744755 90.0 86
202009120084 2459105.5416840278 4823.29444984044 97.0 106
202009120084 2459105.5416840278 4811.294400925501 84.0 105
202009120084 2459105.5416840278 4869.694638853949 84.0 104
202009120084 2459105.5416840278 4826.9944649519475 105.0 103
202009120084 2459105.5416840278 4811.094400078077 93.0 102
202009120084 2459105.5416840278 4818.594430691519 78.0 101
202009120084 2459105.5416840278 4877.694671486099 89.0 100
202009120084 2459105.5416840278 4820.194437138069 87.0 99
202009120084 2459105.5416840278 4875.6946632781355 93.0 98
202009120084 2459105.5416840278 4827.994468989362 123.0 95
202009120084 2459105.5416840278 4849.094554897725 101.0 94
202009120084 2459105.5416840278 4854.094575284497 86.0 92
202009120084 2459105.5416840278 4825.5944592196865 117.0 90
202009120084 2459105.5416840278 4782.394283165843 98.0 89
202009120084 2459105.5416840278 4867.394629474703 83.0 86
202009120085 2459105.5546006947 4822.088565132747 94.0 106
202009120085 2459105.5546006947 4820.488558686198 80.0 105
202009120085 2459105.5546006947 4860.688719232868 77.0 104
202009120085 2459105.5546006947 4839.488634531691 101.0 103
202009120085 2459105.5546006947 4829.288593842665 102.0 102
202009120085 2459105.5546006947 4807.688507646344 75.0 101
202009120085 2459105.5546006947 4886.78882339785 90.0 100
202009120085 2459105.5546006947 4828.288589871819 83.0 99
202009120085 2459105.5546006947 4850.9886804959815 95.0 98
202009120085 2459105.5546006947 4800.588479326854 108.0 95
202009120085 2459105.5546006947 4845.088656928194 96.0 94
202009120085 2459105.5546006947 4850.488678477274 85.0 92
202009120085 2459105.5546006947 4811.98852483415 108.0 90
202009120085 2459105.5546006947 4789.688435771698 92.0 89
202009120085 2459105.5546006947 4873.18876903487 81.0 86
202009120086 2459105.5674131946 4811.503038946393 91.0 106
202009120086 2459105.5674131946 4802.103002113031 77.0 105
202009120086 2459105.5674131946 4856.30321419095 75.0 104
202009120086 2459105.5674131946 4823.303085083458 97.0 103
202009120086 2459105.5674131946 4807.203022091424 89.0 102
202009120086 2459105.5674131946 4808.103025605275 72.0 101
202009120086 2459105.5674131946 4874.90328701025 84.0 100
202009120086 2459105.5674131946 4804.9030131115815 80.0 99
202009120086 2459105.5674131946 4841.203155169763 92.0 98
202009120086 2459105.5674131946 4827.603101938427 106.0 95
202009120086 2459105.5674131946 4840.903153998479 100.0 94
202009120086 2459105.5674131946 4837.603141047789 84.0 92
202009120086 2459105.5674131946 4831.2031160604 96.0 90
202009120086 2459105.5674131946 4780.6029179713205 93.0 89
202009120086 2459105.5674131946 4829.603109746986 84.0 86
202009190117 2459112.5552488426 4782.2927195089915 92.0 106
202009190117 2459112.5552488426 4754.092912955189 69.0 105
202009190117 2459112.5552488426 4791.892653677628 84.0 104
202009190117 2459112.5552488426 4792.692648147303 98.0 103
202009190117 2459112.5552488426 4334.595790436331 67.0 102
202009190117 2459112.5552488426 4327.295840484502 29.0 101
202009190117 2459112.5552488426 4835.79235251425 114.0 100
202009190117 2459112.5552488426 4745.292973256227 81.0 99
202009190117 2459112.5552488426 4814.892495912275 112.0 98
202009190117 2459112.5552488426 4705.093249058195 91.0 95
202009190117 2459112.5552488426 4776.392759978945 126.0 94
202009190117 2459112.5552488426 4780.592731177723 98.0 92
202009190117 2459112.5552488426 4728.893085762517 104.0 90
202009190117 2459112.5552488426 4702.993263425523 83.0 89
202009190117 2459112.5552488426 4774.992769557163 92.0 86
202009190118 2459112.5693692127 4780.6576474734975 92.0 106
202009190118 2459112.5693692127 4756.457815331655 73.0 105
202009190118 2459112.5693692127 4793.4575585888915 90.0 104
202009190118 2459112.5693692127 4778.357663389824 106.0 103
202009190118 2459112.5693692127 4328.860781941212 52.0 102
202009190118 2459112.5693692127 4338.960711804662 40.0 101
202009190118 2459112.5693692127 4796.757535726374 98.0 100
202009190118 2459112.5693692127 4759.65779307722 83.0 99
202009190118 2459112.5693692127 4813.857417099629 105.0 98
202009190118 2459112.5693692127 4716.058095611584 95.0 95
202009190118 2459112.5693692127 4777.6576682455 132.0 94
202009190118 2459112.5693692127 4753.457836103657 97.0 92
202009190118 2459112.5693692127 4733.757972803811 110.0 90
202009190118 2459112.5693692127 4723.758042199144 89.0 89
202009190118 2459112.5693692127 4728.458009558708 82.0 86
