202008270001 2458801.194982639 2458802.19984462 -1.4244115220112001 2.0 0.3 6114.02957741465 86
202008270001 2458801.194982639 2458802.19984462 5.350696242024 2.0 4.8 6120.804685178679 89
202008270001 2458801.194982639 2458802.19984462 -0.013189601452801 1.0 3.5 6115.44079933521 90
202008270001 2458801.194982639 2458802.19984462 0.0282448195232377 3.0 -2.6 6115.48223375618 92
202008270001 2458801.194982639 2458802.19984462 -0.00032713351494351 1.0 3.0 6115.45366180314 93
202008270001 2458801.194982639 2458802.19984462 -0.027227781171034998 3.0 19.8 6115.42676115549 94
202008270001 2458801.194982639 2458802.19984462 -0.011931346212357 1.0 -6.7 6115.44205759045 95
202008270001 2458801.194982639 2458802.19984462 -0.10833618411787 1.0 6.7 6115.3456527525395 98
202008270001 2458801.194982639 2458802.19984462 0.057586556902578 1.0 -12.3 6115.5115754935605 99
202008270001 2458801.194982639 2458802.19984462 0.0277292557289144 1.0 2.0 6115.48171819239 100
202008270001 2458801.194982639 2458802.19984462 0.027722865267421102 2.0 -7.5 6115.48171180193 101
202008270001 2458801.194982639 2458802.19984462 -0.022008105477589 3.0 -1.0 6115.43198083118 102
202008270001 2458801.194982639 2458802.19984462 0.0299052078673867 1.0 4.4 6115.4838941445305 103
202008270001 2458801.194982639 2458802.19984462 -0.014500178597388 2.0 1.7 6115.43948875806 104
202008270001 2458801.194982639 2458802.19984462 -0.0026730319886425 3.0 -3.2 6115.45131590467 105
202008270001 2458801.194982639 2458802.19984462 -0.0068811508819877 1.0 2.5 6115.44710778578 106
202008270002 2458801.194982639 2458802.19984462 10.3166259479668 2.0 9.799999999999999 6125.77061488463 89
202008270002 2458801.194982639 2458802.19984462 5.0295911287356905 1.0 8.6 6120.4835800654 90
202008270002 2458801.194982639 2458802.19984462 5.02576763574325 3.0 2.4 6120.4797565724 92
202008270002 2458801.194982639 2458802.19984462 4.95301529373826 1.0 7.9 6120.4070042304 93
202008270002 2458801.194982639 2458802.19984462 4.89359179022486 3.0 24.8 6120.34758072688 94
202008270002 2458801.194982639 2458802.19984462 4.96894478378884 1.0 -1.7 6120.42293372045 95
202008270002 2458801.194982639 2458802.19984462 4.80347303627493 1.0 11.6 6120.25746197294 98
202008270002 2458801.194982639 2458802.19984462 5.00654066756123 1.0 -7.3 6120.46052960422 99
202008270002 2458801.194982639 2458802.19984462 4.9910355440943 1.0 6.8999999999999995 6120.44502448075 100
202008270002 2458801.194982639 2458802.19984462 5.01934009625948 2.0 -2.5 6120.4733290329195 101
202008270002 2458801.194982639 2458802.19984462 4.97377437506241 3.0 3.9 6120.42776331172 102
202008270002 2458801.194982639 2458802.19984462 4.99805539947751 1.0 9.299999999999999 6120.452044336141 103
202008270002 2458801.194982639 2458802.19984462 4.97615555420872 2.0 6.6 6120.43014449087 104
202008270002 2458801.194982639 2458802.19984462 4.97350351268899 3.0 1.8 6120.42749244935 105
202008270002 2458801.194982639 2458802.19984462 4.9812876273263 1.0 7.5 6120.43527656399 106
202008270003 2458801.194982639 2458802.19984462 0.541805470549051 0.0 0.0 6115.99579440721 89
202008270003 2458801.194982639 2458802.19984462 -3.5623954657611003 0.0 -0.0 6111.8915934709 90
202008270003 2458801.194982639 2458802.19984462 2.63348832405885 0.0 -0.0 6118.08747726072 92
202008270003 2458801.194982639 2458802.19984462 -2.966327899232 0.0 -0.0 6112.4876610374295 93
202008270003 2458801.194982639 2458802.19984462 -19.8301803057088 0.0 0.0 6095.62380863095 94
202008270003 2458801.194982639 2458802.19984462 6.69994566374132 0.0 -0.0 6122.1539346004 95
202008270003 2458801.194982639 2458802.19984462 -6.801873900931501 0.0 0.0 6108.652115035729 98
202008270003 2458801.194982639 2458802.19984462 12.349394870701001 0.0 0.0 6127.803383807361 99
202008270003 2458801.194982639 2458802.19984462 -1.9324252524608 0.0 0.0 6113.5215636842 100
202008270003 2458801.194982639 2458802.19984462 7.53860393544059 0.0 -0.0 6122.9925928720995 101
202008270003 2458801.194982639 2458802.19984462 1.02735506466622 0.0 0.0 6116.4813440013295 102
202008270003 2458801.194982639 2458802.19984462 -4.3595154714851 0.0 -0.0 6111.094473465169 103
202008270003 2458801.194982639 2458802.19984462 -1.6815182270316 0.0 -0.0 6113.77247070963 104
202008270003 2458801.194982639 2458802.19984462 3.18674905143812 0.0 -0.0 6118.6407379881 105
202008270003 2458801.194982639 2458802.19984462 -2.5043274885546003 0.0 -0.0 6112.94966144811 106
202008270004 2458801.194982639 2458802.19984462 -4.3317523112298 2.0 -4.8999999999999995 6111.122236625431 89
202008270004 2458801.194982639 2458802.19984462 -2.2171004083623997 3.0 1.3 6113.2368885283 90
202008270004 2458801.194982639 2458802.19984462 12.4473098545383 4.0 9.799999999999999 6127.9012987912 92
202008270004 2458801.194982639 2458802.19984462 3.48993710801704 1.0 6.5 6118.94392604468 93
202008270004 2458801.194982639 2458802.19984462 6.9005823235350805 4.0 26.700000000000003 6122.35457126019 94
202008270004 2458801.194982639 2458802.19984462 1.02683484116017 1.0 -5.7 6116.480823777821 95
202008270004 2458801.194982639 2458802.19984462 4.87086491273203 1.0 11.700000000000001 6120.324853849391 98
202008270004 2458801.194982639 2458802.19984462 5.29991224304638 1.0 -7.0 6120.75390117971 99
202008270004 2458801.194982639 2458802.19984462 -2.2860925628851 2.0 -0.4 6113.16789637378 100
202008270004 2458801.194982639 2458802.19984462 2.32917075341099 1.0 -5.2 6117.7831596900705 101
202008270004 2458801.194982639 2458802.19984462 10.0985968484117 7.0 9.1 6125.55258578507 102
202008270004 2458801.194982639 2458802.19984462 3.74961903588478 6.0 8.1 6119.203607972539 103
202008270004 2458801.194982639 2458802.19984462 2.20643035772028 6.0 3.9 6117.6604192943805 104
202008270004 2458801.194982639 2458802.19984462 1.30316751585191 2.0 -1.9 6116.757156452511 105
202008270004 2458801.194982639 2458802.19984462 1.60547288993751 2.0 4.1000000000000005 6117.0594618266 106
