202008270001 2458801.194982639 2458802.19984462 -0.00024126168884918998 0.0 -0.0 6115.45374767497 86
202008270001 2458801.194982639 2458802.19984462 -0.0004685890431233 0.0 -0.0 6115.45352034762 89
202008270001 2458801.194982639 2458802.19984462 -0.00025084738108915996 0.0 -0.0 6115.45373808928 90
202008270001 2458801.194982639 2458802.19984462 -0.00025544052562054 0.0 -0.0 6115.45373349613 92
202008270001 2458801.194982639 2458802.19984462 -0.00035362730343991 0.0 -0.0 6115.45363530936 93
202008270001 2458801.194982639 2458802.19984462 -0.00021017475670959 0.0 -0.0 6115.4537787619 94
202008270001 2458801.194982639 2458802.19984462 -0.00032373858260826 0.0 -0.0 6115.45366519808 95
202008270001 2458801.194982639 2458802.19984462 -0.00013508683416319002 0.0 -0.0 6115.45385384983 98
202008270001 2458801.194982639 2458802.19984462 -0.00019692786246139 0.0 -0.0 6115.4537920088005 99
202008270001 2458801.194982639 2458802.19984462 -0.00015086328541969 0.0 -0.0 6115.45383807337 100
202008270001 2458801.194982639 2458802.19984462 -0.00030669735195943 0.0 -0.0 6115.45368223931 101
202008270001 2458801.194982639 2458802.19984462 -0.00033052844816694 0.0 -0.0 6115.45365840821 102
202008270001 2458801.194982639 2458802.19984462 -0.00020358459273950001 0.0 -0.0 6115.45378535207 103
202008270001 2458801.194982639 2458802.19984462 -0.00026755577486881 0.0 -0.0 6115.45372138088 104
202008270001 2458801.194982639 2458802.19984462 -0.00052656916782468 0.0 -0.0 6115.45346236749 105
202008270001 2458801.194982639 2458802.19984462 -0.00067008828175119 0.0 -0.0 6115.45331884838 106
202008270002 2458801.194982639 2458802.19984462 5.0032947125267 1.0 5.0 6120.457283649191 86
202008270002 2458801.194982639 2458802.19984462 5.05984829972306 1.0 5.1000000000000005 6120.51383723638 90
202008270002 2458801.194982639 2458802.19984462 5.02743614529866 1.0 5.0 6120.48142508196 92
202008270002 2458801.194982639 2458802.19984462 4.98375188247291 1.0 5.0 6120.43774081913 93
202008270002 2458801.194982639 2458802.19984462 4.95740181301407 1.0 5.0 6120.411390749669 94
202008270002 2458801.194982639 2458802.19984462 4.99135027432285 1.0 5.0 6120.44533921098 95
202008270002 2458801.194982639 2458802.19984462 5.00193860334441 1.0 5.0 6120.45592754 98
202008270002 2458801.194982639 2458802.19984462 4.96756098260587 2.0 5.0 6120.42154991927 99
202008270002 2458801.194982639 2458802.19984462 5.0123375483766 1.0 5.0 6120.466326485041 100
202008270002 2458801.194982639 2458802.19984462 5.01634343579038 1.0 5.0 6120.47033237245 101
202008270002 2458801.194982639 2458802.19984462 4.98790980961594 1.0 5.0 6120.44189874628 102
202008270002 2458801.194982639 2458802.19984462 4.99459902518407 1.0 5.0 6120.44858796184 103
202008270002 2458801.194982639 2458802.19984462 5.01787015698163 1.0 5.0 6120.47185909364 104
202008270002 2458801.194982639 2458802.19984462 4.99231989372007 1.0 5.0 6120.44630883038 105
202008270002 2458801.194982639 2458802.19984462 4.98691629255621 1.0 5.0 6120.44090522922 106
202008270003 2458801.194982639 2458802.19984462 -1.700333210148 14.0 -1.7 6113.75365572651 86
202008270003 2458801.194982639 2458802.19984462 -3.8004446163971 13.0 -3.8 6111.65354432026 90
202008270003 2458801.194982639 2458802.19984462 3.38348546613432 11.0 3.4 6118.83747440279 92
202008270003 2458801.194982639 2458802.19984462 -2.9805725707375 10.0 -3.0 6112.4734163659205 93
202008270003 2458801.194982639 2458802.19984462 -20.6583274664638 20.0 -20.7 6094.7956614702 94
202008270003 2458801.194982639 2458802.19984462 6.25648757648989 24.0 6.3 6121.71047651315 95
202008270003 2458801.194982639 2458802.19984462 -7.550469468353199 20.0 -7.6 6107.903519468309 98
202008270003 2458801.194982639 2458802.19984462 12.6640301742666 18.0 12.7 6128.118019110931 99
202008270003 2458801.194982639 2458802.19984462 -1.8610738194358 14.0 -1.9 6113.5929151172195 100
202008270003 2458801.194982639 2458802.19984462 7.51496508583838 25.0 7.5 6122.9689540225 101
202008270003 2458801.194982639 2458802.19984462 0.634590112017719 8.0 0.6 6116.08857904868 102
202008270003 2458801.194982639 2458802.19984462 -3.7304039602191 26.0 -3.7 6111.72358497644 103
202008270003 2458801.194982639 2458802.19984462 -2.077428418378 9.0 -2.1 6113.376560518281 104
202008270003 2458801.194982639 2458802.19984462 3.46735681173449 11.0 3.5 6118.92134574839 105
202008270003 2458801.194982639 2458802.19984462 -2.6681470355028 13.0 -2.7 6112.78584190116 106
202008270004 2458801.194982639 2458802.19984462 13.3687568877203 14.0 13.4 6128.82274582438 86
202008270004 2458801.194982639 2458802.19984462 -3.3851751210614 11.0 -3.4 6112.068813815599 90
202008270004 2458801.194982639 2458802.19984462 12.111038578510101 10.0 12.1 6127.56502751517 92
202008270004 2458801.194982639 2458802.19984462 3.65907378519736 10.0 3.7 6119.11306272186 93
202008270004 2458801.194982639 2458802.19984462 7.41096451877521 22.0 7.4 6122.86495345544 94
202008270004 2458801.194982639 2458802.19984462 0.9835678887828441 21.0 1.0 6116.43755682544 95
202008270004 2458801.194982639 2458802.19984462 4.44837466188019 19.0 4.4 6119.90236359854 98
202008270004 2458801.194982639 2458802.19984462 5.15831918714316 21.0 5.2 6120.6123081238 99
202008270004 2458801.194982639 2458802.19984462 -2.4160670941207 12.0 -2.4 6113.0379218425405 100
202008270004 2458801.194982639 2458802.19984462 2.16390216931917 15.0 2.2 6117.617891105981 101
202008270004 2458801.194982639 2458802.19984462 11.0183757048743 21.0 11.0 6126.47236464153 102
202008270004 2458801.194982639 2458802.19984462 2.95699518579262 11.0 3.0 6118.41098412245 103
202008270004 2458801.194982639 2458802.19984462 2.29902608117172 12.0 2.3 6117.75301501783 104
202008270004 2458801.194982639 2458802.19984462 1.56966740045927 13.0 1.6 6117.02365633712 105
202008270004 2458801.194982639 2458802.19984462 1.6139817228486601 17.0 1.6 6117.06797065951 106
