2458730.377170139 33.554629351722724 19.328055559706943
2458730.3834953704 3.9370319493718853 4.613102700758012
2458730.3921006946 -5.297748705635058 3.351077289507603
2458730.3989872686 -3.4498419054989427 6.666367699032894
2458730.405862269 -4.777523832945917 5.348717362813823
2458730.412748843 -0.8718663708032182 3.4932756706393278
2458730.4196238425 -4.6060443470751125 3.13750382883755
2458730.431070602 -9.169647952348896 2.6905311766005866
2458730.4539872687 -4.845349252201231 3.128841792101526
2458730.4608391207 -5.214136740707545 3.956043812055527
2458730.4677256946 -8.901554067997495 3.7645285565085826
2458730.4780497686 nan 6.928395288366835
2458730.488373843 -6.347912302428085 3.215563256133943
2458730.495260417 -8.65758463950533 10.70484124865367
2458730.502146991 -9.848915771310203 3.1167911878299646
2458730.5123553243 -16.926203485814767 2.3976906511433063
2458745.337309028 -24.774559538611356 31.7172648821823
2458745.346927084 -33.062883642547604 32.11956870753183
2458745.358408565 -35.644743113897675 32.46587713252079
2458745.369913195 -36.19361231209132 32.25649158798604
2458745.3858159725 -40.223739986406144 32.50564660251091
2458745.397320602 -44.713806591134926 32.22430662551533
2458745.4088368057 -56.853905708240745 32.50177867768446
2458746.469496528 25.66753252568651 8.479888768293932
2458746.475572917 16.698983334863442 6.7079034213177575
2458746.4836053243 15.709305710672197 6.928395288366835
2458746.49166088 17.653441369919165 7.0903805316499575
2458746.501568287 19.607134114793553 7.937653777925252
2458746.509612269 18.4904765847632 7.3597139550827855
2458746.5176678244 17.592657840744323 7.487825011142514
2458746.5257002315 19.070644749850544 6.985303547583224
