2458730.535190972 130.22253764001653 12.05091015467814
2458730.5396238426 126.08417084309986 11.2802250819086
2458730.545943287 127.09220151634509 11.738235746717384
2458730.549809028 126.53922866462017 11.7738969156051
2458730.555318287 137.77882552787196 11.49231501263687
2458730.558269676 130.33582607563585 11.227432842442598
2458730.5612210645 131.25788839613233 10.934807176593266
2458730.5641608797 134.19586333588813 10.681869498129588
2458730.5671006944 136.15619285807043 12.056858630428046
2458730.5700520836 136.6095798123606 11.843328544749264
2458730.5729918983 141.51643623660493 12.32552435407407
2458730.575943287 140.58533720250853 12.119320766481295
2458731.590572917 157.50326733823022 12.443873101249983
2458731.5959201395 157.29977519907698 12.774797632242773
2458731.602158565 165.8113403646239 12.68430291802421
2458731.608686343 168.36679488614755 13.187771399617972
2458731.6144155096 160.24366779971388 11.992374668918705
2458731.6201331024 163.57321303969002 12.434373801563341
2458737.5953530096 132.0381510740117 12.41660550149395
2458737.6014525467 127.68112682122228 11.626055976035262
2458737.6071817135 127.73048243462472 11.87710972724376
2458737.6129108802 129.16055277539635 12.57889156091258
2458737.6209085654 133.44668182616806 13.67080207810108
2458737.6289525465 131.99668322866273 12.422732234182849
2458737.636996528 126.74453239965442 12.872060345410791
2458737.647297454 129.61834500455734 13.77013179521081
2458737.6567650465 129.60014095071529 12.918262669322507
2458739.552193287 -29.141219398443354 13.334219468726902
2458739.5567534724 -32.71197823845068 13.688462783464356
2458739.561290509 -31.844276835206983 14.162583843335904
2458739.5693807867 -25.586151979452552 13.36678666586149
2458739.57322338 -10.948089149893349 14.778660423422306
2458739.5770891206 -6.565470440586068 14.064296752016197
2458739.5809664354 -6.649211987954914 15.527874810557119
2458739.58484375 -11.14616497248062 15.966183008864617
2458739.5887094913 -14.679104974766233 15.11287757410372
2458739.592586806 -18.628120673791273 13.243048091980741
2458739.596452547 -13.278605484167201 14.226117056054536
2458739.6003298615 -22.779489639913663 11.895256932764648
2458739.6042071762 -22.93829477682084 13.399627853111257
2458740.5427372684 33.913002752287866 12.083862385479073
2458740.5479918984 29.02703111403389 13.011082951402404
2458740.55353588 30.966809340672626 13.01913014969298
2458740.558616898 29.968883305151394 13.053972059119584
2458740.5628182874 27.380931905099715 13.422277200813554
2458740.5668460648 34.37054327050282 13.123729634509408
2458740.571707176 31.556397474520054 13.610814300416825
2458740.5817650463 31.08202180725857 11.901063006571395
2458740.586371528 30.173627728428983 12.628854451451167
2458740.5909664356 21.269873443583492 12.868259688035515
2458740.5957233803 18.299040909667383 12.693663156591771
2458740.6006655097 21.41471730509511 12.123689050863419
2458740.6048668986 22.745506783561723 12.632042735902893
2458740.608987269 18.505859722878085 13.64796272472262
2458740.613234954 22.340520003130223 13.904408128981778
2458740.6181655093 35.823175903184165 16.061522789062735
2458740.6244270834 18.8047509258613 13.863204367235005
2458740.6296585654 17.89191734504493 14.103666604739038
2458740.634369213 22.43250051231007 14.223921799763605
2458740.63853588 24.790136252519005 14.016059099712615
2458740.642795139 21.462125022750115 15.080630589706637
2458740.6468576393 25.639909708537743 14.5148287600379
2458741.5651099537 69.61613829543057 12.416167616263856
2458741.5735243056 70.69686137528333 13.421159414465054
2458741.587320602 51.708890151207015 12.552302067586817
2458741.5972858802 48.32254171804743 10.789531891276114
2458741.606533565 44.22860350972769 10.373719290154412
2458741.614739584 54.79754556163971 11.02207332529642
2458741.6201562504 57.91911699513366 11.525209294359529
2458741.625295139 46.65318911289796 12.214059087207762
2458741.6320543983 48.838748985326674 11.419075280636532
2458741.6375057874 46.16884564868451 12.90515192642527
2458741.643165509 48.232932132665155 12.677675771439068
2458741.6474016206 49.098981686180196 12.15880036765133
2458741.6512673614 45.563178556207276 12.714558002983853
2458741.655885417 52.75130535485732 10.723909313654937
2458742.5982349543 0.6190604358125711 13.407845428241252
2458742.606336806 -24.422445872376557 12.072543201940157
2458742.614508102 -26.035386911116802 12.021970319409709
2458742.6205034726 -27.10785252246569 12.111362444451627
2458742.6265104166 -26.310760968452087 12.243291252359109
2458742.6323668985 -24.156267574489902 11.998608135976419
2458742.636846065 -19.444529300722934 13.566567156573209
2458742.640711806 -20.398718965006992 13.825805559699244
2458742.6449247687 -28.863395990902063 12.993798291881818
2458742.6487673614 -17.38769298934494 13.106061101826548
2458742.6528298617 -26.504878966756223 13.891782414290137
2458742.656707176 -25.619829182880494 12.981679203700411
2458745.4256886574 86.32001045614743 13.526195320925114
2458745.432644676 87.73450251721442 10.699421294432497
2458745.4372048615 83.50654865793695 12.21341033564886
2458745.44177662 83.1454569853704 10.957123314390074
2458745.44634838 82.17377019252672 12.335905409760251
2458745.450920139 79.19955220200427 12.496211628564629
2458745.455480324 80.49138674552887 11.066115145289682
2458745.462482639 80.17532989806932 11.22939239657325
2458745.4670543983 83.35592056217865 11.000928845889032
2458745.471626158 78.29124094797226 13.087695794911236
2458746.545503472 111.62729526338808 12.842081765694013
2458746.553767361 100.42002709361986 15.24645775052591
2458746.5594849535 102.8862070769319 14.483281891411824
2458746.5652141203 100.78510679400642 14.16133764859658
2458746.5731539354 106.06278126079269 15.40630903842064
2458746.5811863425 92.92133092365839 11.80173824597243
2458746.5892303246 94.94215446631279 12.921242642887902
2458746.5972627318 88.54418103775242 12.350069294708831
2458746.610596065 89.80465242515493 12.348738209598409
2458746.6186284726 84.86311453731832 12.927905794826033
2458747.56640625 -22.921179997461877 11.76484885588851
2458747.575572917 -30.190591536756983 10.148610359968993
2458747.584670139 -26.52104051585775 9.782439534997339
2458747.59384838 -24.589602015275887 9.952474617167654
2458747.604299769 -26.03077962192765 10.784773307323078
2458747.6115219914 -12.06132593464281 11.463998177867907
2458747.616059028 -20.70583197615997 11.343257963766233
2458747.623859954 -15.851646844675997 11.712545393800559
2458747.628431713 -27.20560996702625 12.208528861671367
2458747.6364988424 -23.45681923204029 11.314001432025213
2458747.64103588 -28.4317955729166 11.054643148568728
2458747.6472395835 -21.167541430681013 12.116636753391335
2458747.65177662 -25.22451286678188 11.245742467190032
2458748.588813658 -83.36246545839458 11.96243769104215
2458748.5957349543 -83.22414951137398 12.372243268021764
2458748.6042418987 -88.80592318966592 11.881358409818422
2458748.612609954 -81.28986436225387 12.463245056244384
2458748.6203298615 -81.87768537449301 12.804914099060003
2458748.6301909727 -81.69175900359187 13.214143114670472
2458748.642760417 -85.77763339079684 13.469713184591749
2458748.6589178243 -75.19676351764429 13.804519042388769
2458756.591822917 -54.96147482352899 12.875596460485088
2458756.6009548614 -61.402798209655884 11.404664340163544
2458756.6105381944 -58.6456570438022 11.666444113825815
2458756.6184548615 -63.06797557217942 12.018200200916137
2458756.626371528 -64.86982207389156 12.834028478402695
2458756.6381423613 -63.82833590110022 15.969536874124822
2458757.550978009 -113.14980915843262 11.74491611332973
2458757.557424769 -120.72224778899908 11.533336812634472
2458757.564103009 -125.84662080107591 13.48604938442065
2458757.5703761578 -124.8020659236754 12.703965297542632
2458757.578396991 -112.63914643671524 11.579941553621286
2458757.5839409726 -114.90656667674557 12.779077515649986
2458757.590283565 -115.44912804484193 13.074428282767274
2458757.5948437504 -111.60419498966075 12.997305602124559
2458757.600399306 -113.95606504436728 11.874545613759153
2458757.604971065 -116.13714311528747 12.625168308558875
2458767.5533738425 -83.74020015088536 8.657562883167142
2458767.56078125 -92.72167527173224 9.301385579756914
2458767.5676099537 -90.30900218365787 8.544323758800772
2458767.575966435 -70.92429717483901 10.514467299682494
2458767.5837789355 -75.39955350156742 9.58698620478533
2458767.5909317136 -66.41385631587036 8.910989799613839
2458767.598350695 -74.3897670618062 9.418025782832506
2458768.490561343 -55.17746874324803 15.285576167750545
2458768.4982118057 -70.04754804869663 9.218407060223132
2458768.5066145835 -77.26121627713655 9.551848832134759
2458768.515260417 -97.05548823382924 7.89838303814379
2458768.523894676 -89.27090952892104 10.441814321318684
2458768.536371528 -99.73854199490597 9.620556586802659
2458768.545063657 -97.26104211608254 9.110682424113547
2458768.5536631946 -80.2300999452309 10.218529766926894
2458768.5615104167 -78.9091754556539 8.99231512495987
2458768.5682465276 -83.14279413825352 9.573950304242329
2458768.574832176 -97.02330049464217 10.995353928109145
2458770.5433854167 -198.9958080257602 10.100128705813564
2458770.555862269 -220.20548844162477 10.345471140259587
2458770.5604224536 -217.49463302920776 9.640402225206655
2458770.564994213 -219.48693177558744 11.073420128009689
2458770.5788020836 -226.63907588768416 9.565367946449458
2458770.5833738428 -214.52121796442225 10.79591706244794
2458770.5879340284 -222.78526574057832 10.994986353033386
2458770.5946701393 -221.01701059481638 9.886826771704207
2458770.6003877316 -231.4452846776221 10.240555421779193
2458770.6061053243 -227.6538325382353 9.598261590254948
2458770.611834491 -225.51188927611656 10.668834767530699
2458773.6249131947 -29.260273665044224 12.417821423336205
2458773.6311053243 -29.372084593629552 11.631740493665415
2458773.639149306 -39.34143326686171 9.866142065610989
2458773.6471817135 -50.46495494674309 9.750987220560665
2458773.65515625 -42.94527669469244 8.922452067875271
2458773.6620428246 -36.37153949153071 9.356293689575002
2458773.668917824 -32.72869257043567 39.01332485547211
2458775.5548784724 -196.60882144811694 9.908600229567588
2458775.5627141204 -196.01607346008313 10.281105168087509
2458775.571672454 -197.14591634703174 9.911131880942987
2458775.5807928243 -189.61281781837533 11.104309093905526
2458775.589797454 -200.6367178553155 11.87560708175953
2458775.599496528 -199.53741884849296 10.710111918319729
2458776.5072164354 56282.73882129868 223973.06158929176
2458776.527667824 -129.80966187142258 21.824270171205228
2458776.545063657 -156.3921873092586 9.53496416809481
2458776.562019676 -155.62063461905564 12.062874447732058
2458776.5716493055 -146.60642647103305 10.884474076432864
2458788.4681076393 -133.0501032580396 67.36538737675957
2458793.5591030093 -269.12064964620004 10.322439635389738
2458793.5651793983 -273.02331380702526 9.543878742999896
2458793.5721006948 -290.7746338915349 9.70130643787086
2458793.5790104168 -300.4497526712512 9.185274344313786
2458793.585931713 -288.68226758568926 9.102723003942062
2458793.593859954 -302.2572704428312 9.265080001723154
2458798.4992534723 -162.17358873146804 12.180674602600138
2458798.5056076394 -171.24645976170723 9.080361081071219
2458798.513674769 -172.72638806598115 8.8368092023548
2458798.5217534727 -182.56461126924114 9.221861055480593
2458798.530769676 -176.2494698467708 9.779045486431116
2458798.5388252316 -179.92148220664603 9.131746413472285
2458798.548258102 -176.764194235795 8.293913840428303
2458798.5563368057 -173.51526182926318 8.33848270968235
2458798.5644502314 -178.97780518959917 9.246732457925829
2458801.500225695 -13.031971091855667 29.15079004791019
2458801.506174769 -19.793028235631937 29.546562561704107
2458801.5119039356 -9.51703128369627 29.61765662469615
2458801.5176678244 -16.046206001108658 29.7481051457135
2458801.523420139 -12.651207106009679 29.691029898483624
2458801.529172454 -14.710980507501517 29.308788759290604
2458801.5349247684 -5.067055893236102 29.52131088634333
2458801.541545139 -2.2136966797443165 29.926130751101695
2458801.547332176 -14.491790491196298 29.563303511591045
2458801.553130787 -0.7041904118595994 29.97563186782783
2458870.342494213 370.5446958296234 10.613219577720749
2458870.3482465283 361.64733022760265 9.114593958331445
2458870.3528761575 362.25685948671526 8.771101600994387
2458870.357505787 357.5904758397337 9.62441755752982
2458870.362262732 360.3562871188806 9.63469165185839
2458870.366857639 357.8519863210604 9.290555322125961
2458870.3714525467 362.60533488485817 9.551735770388701
2458870.376359954 360.17410768117406 8.659357182466023
2458870.3809895837 362.7960964493359 9.094760650189507
2458870.385746528 360.0418447692973 9.150097013582043
2458870.3903414356 360.1492760074034 8.767578785347013
2458871.346197917 270.9560971747087 8.051941318396876
2458871.35197338 258.12530679511474 4.007052159324091
2458871.3566030096 259.8732067176461 4.516801097038269
2458871.3613715284 259.5132066497099 4.516085487643431
2458871.3659780095 257.0979620764774 3.8761405738736774
2458871.370873843 256.5627791823681 4.220975595781173
2458871.3755150465 252.7122693045494 4.523713514568775
2458871.3802719912 258.222050439148 4.834774145873612
2458871.3848784724 254.76937606760112 4.130114032574323
2458871.3897743057 251.45937183751084 4.209817552741479
2458871.3944039354 251.9160621232295 6.211035378353931
2458871.3991724537 253.79232634597065 4.445850355156987
2458871.4037442133 249.32648245094242 12.021970319409709
2458889.2425520835 48698.55204194378 74333.57037205357
2458901.2625057874 503.7285654669322 9.047603277558194
2458901.2705266206 510.84886547013593 21.61213622088385
2458901.285167824 502.721304936018 31.32854054868021
2458904.33140625 477.81801843976064 14.001039600854533
2458904.337320602 473.4463759862447 13.348840637311667
2458904.343049769 469.7528709393664 13.79734016343387
2458904.3484317134 480.71816654496797 14.004519207831263
2458904.353686343 481.2426772077233 14.124420092914306
2458904.3589525465 477.6310926410042 13.413492428903687
2458904.366047454 474.67283043672796 14.529127279791618
