2458801.500225695 2458802.50508121 5.98845952078886 708.0 -20.1 6631.14473232974 148
2458801.500225695 2458802.50508121 -43.7561329586433 264.0 -69.9 6581.400139850311 147
2458801.500225695 2458802.50508121 209.358012553896 727.0 183.2 6834.51428536285 146
2458801.500225695 2458802.50508121 175.95030257811501 693.0 149.79999999999998 6801.106575387071 145
2458801.500225695 2458802.50508121 98.8994449405336 554.0 72.8 6724.05571774948 144
2458801.500225695 2458802.50508121 63.365883644983995 118.0 37.199999999999996 6688.522156453941 143
2458801.500225695 2458802.50508121 40.0503800778891 310.0 13.899999999999999 6665.20665288684 142
2458801.500225695 2458802.50508121 30.7336314083786 123.0 4.6 6655.88990421733 141
2458801.500225695 2458802.50508121 18.7352920580359 220.0 -7.4 6643.89156486699 140
2458801.500225695 2458802.50508121 -12.3377606651056 239.0 -38.5 6612.81851214385 139
2458801.500225695 2458802.50508121 -30.0753005248229 120.0 -56.2 6595.0809722841295 138
2458801.500225695 2458802.50508121 -47.1089643347042 123.0 -73.2 6578.047308474251 137
2458801.500225695 2458802.50508121 -40.8723378913649 56.0 -67.0 6584.283934917589 136
2458801.500225695 2458802.50508121 21.802176975761302 54.0 -4.3 6646.95844978471 135
2458801.500225695 2458802.50508121 -1.5554439928822 174.0 -27.7 6623.60082881607 134
2458801.500225695 2458802.50508121 33.8800582671768 127.0 7.8 6659.0363310761295 133
2458801.500225695 2458802.50508121 -3.9734179523182998 122.0 -30.099999999999998 6621.18285485663 132
2458801.500225695 2458802.50508121 62.922555696818705 88.0 36.8 6688.07882850577 131
2458801.500225695 2458802.50508121 15.123881374984501 117.0 -11.0 6640.28015418394 130
2458801.500225695 2458802.50508121 33.9635594985488 426.0 7.8 6659.1198323075 129
2458801.500225695 2458802.50508121 26.0321730149231 139.0 -0.1 6651.18844582388 128
2458801.500225695 2458802.50508121 -23.3457496285325 162.0 -49.5 6601.81052318042 127
2458801.500225695 2458802.50508121 13.0320026804558 234.0 -13.100000000000001 6638.18827548941 126
2458801.500225695 2458802.50508121 -48.0759376812383 49.0 -74.2 6577.08033512771 125
2458801.500225695 2458802.50508121 46.560400648711 94.0 20.400000000000002 6671.71667345766 124
2458801.500225695 2458802.50508121 -19.1357711108928 498.0 -45.3 6606.02050169806 123
2458801.500225695 2458802.50508121 0.327212323700365 64.0 -25.8 6625.48348513265 122
2458801.500225695 2458802.50508121 15.350893266678199 51.0 -10.8 6640.50716607563 121
2458801.500225695 2458802.50508121 -6.3188590421603 46.0 -32.4 6618.83741376679 120
2458801.500225695 2458802.50508121 59.5947140207249 140.0 33.5 6684.75098682968 119
2458801.500225695 2458802.50508121 -42.0253811069875 86.0 -68.2 6583.13089170196 118
2458801.500225695 2458802.50508121 -0.094803302250313 243.0 -26.200000000000003 6625.0614695067 117
2458801.500225695 2458802.50508121 19.0870498852522 109.0 -7.0 6644.243322694199 116
2458801.500225695 2458802.50508121 9.79593368962739 51.0 -16.299999999999997 6634.95220649858 115
2458801.500225695 2458802.50508121 46.2515799994314 49.0 20.1 6671.40785280838 114
2458801.500225695 2458802.50508121 28.7216673652768 113.0 2.6 6653.8779401742295 113
2458801.500225695 2458802.50508121 -6.8719654665212 73.0 -33.0 6618.28430734243 112
2458801.500225695 2458802.50508121 26.3597993278966 36.0 0.2 6651.51607213685 111
2458801.500225695 2458802.50508121 -13.7960671731099 73.0 -39.9 6611.36020563584 110
2458801.500225695 2458802.50508121 21.031850843733 170.0 -5.1000000000000005 6646.188123652691 109
2458801.500225695 2458802.50508121 -1.6726877928814001 111.0 -27.799999999999997 6623.48358501607 108
2458801.500225695 2458802.50508121 15.0914297461462 182.0 -11.0 6640.2477025551 107
2458801.500225695 2458802.50508121 -2.2364807996089 34.0 -28.400000000000002 6622.91979200934 106
2458801.500225695 2458802.50508121 -19.2079803968053 50.0 -45.3 6605.94829241215 105
2458801.500225695 2458802.50508121 -63.072798456434306 100.0 -89.2 6562.08347435252 104
2458801.500225695 2458802.50508121 -1.2682236359883998 64.0 -27.400000000000002 6623.88804917296 103
2458801.500225695 2458802.50508121 15.634519721222901 57.0 -10.5 6640.790792530171 102
2458801.500225695 2458802.50508121 -17.442988053064198 71.0 -43.6 6607.7132847558905 101
2458801.500225695 2458802.50508121 -15.0333932534252 99.0 -41.2 6610.12287955553 100
2458801.500225695 2458802.50508121 -32.0200515578222 94.0 -58.1 6593.136221251129 99
2458801.500225695 2458802.50508121 -8.5658492813421 86.0 -34.7 6616.59042352761 98
2458801.500225695 2458802.50508121 25.609319040304598 48.0 -0.5 6650.76559184926 97
2458801.500225695 2458802.50508121 28.697248613102698 102.0 2.6 6653.85352142205 96
2458801.500225695 2458802.50508121 -4.1255173263206 74.0 -30.3 6621.03075548263 95
2458801.500225695 2458802.50508121 20.854469539283798 99.0 -5.3 6646.0107423482405 94
2458801.500225695 2458802.50508121 37.2099482193136 64.0 11.1 6662.36622102826 93
2458801.500225695 2458802.50508121 -7.3198900869524 72.0 -33.4 6617.836382722 92
2458801.500225695 2458802.50508121 1.2318501798667099 50.0 -24.9 6626.38812298882 91
2458801.500225695 2458802.50508121 -12.4251652702378 89.0 -38.6 6612.73110753871 90
2458801.500225695 2458802.50508121 -6.3948916879308 68.0 -32.5 6618.76138112102 89
2458801.500225695 2458802.50508121 -8.7569175563962 69.0 -34.9 6616.39935525256 88
2458801.500225695 2458802.50508121 21.2020451422896 72.0 -4.8999999999999995 6646.35831795124 87
2458801.500225695 2458802.50508121 -50.2906739299167 139.0 -76.39999999999999 6574.86559887903 86
2458801.500225695 2458802.50508121 -38.3403688162254 180.0 -64.5 6586.8159039927305 85
2458801.500225695 2458802.50508121 119.236023100108 237.0 93.10000000000001 6744.3922959090605 84
2458801.500225695 2458802.50508121 40.6991735448825 14.0 14.6 6665.85544635383 83
2458801.500225695 2458802.50508121 19.210383062813598 119.0 -6.8999999999999995 6644.36665587177 82
2458801.500225695 2458802.50508121 25.9167741944113 152.0 -0.2 6651.0730470033595 81
2458801.500225695 2458802.50508121 23.7744963930764 101.0 -2.4 6648.93076920203 80
2458801.500225695 2458802.50508121 -6.3138181662534 38.0 -32.4 6618.8424546427 79
2458801.500225695 2458802.50508121 -16.1693011787944 92.0 -42.3 6608.98697163016 78
2458801.500225695 2458802.50508121 17.4210138377351 111.0 -8.7 6642.57728664669 77
2458801.500225695 2458802.50508121 -39.0027800238233 99.0 -65.10000000000001 6586.153492785131 76
2458801.500225695 2458802.50508121 32.643754527566 37.0 6.5 6657.80002733652 75
2458801.500225695 2458802.50508121 -26.0649797281562 103.0 -52.2 6599.0912930808 74
2458801.500225695 2458802.50508121 -32.757698533957 193.0 -58.9 6592.39857427499 73
2458801.500225695 2458802.50508121 90.91000417633751 118.0 64.8 6716.066276985291 72
2458801.500225695 2458802.50508121 103.184785105487 225.0 77.10000000000001 6728.34105791444 71
2458801.500225695 2458802.50508121 10.613046387268499 35.0 -15.5 6635.769319196221 70
2458801.500225695 2458802.50508121 21.0304412810025 44.0 -5.1000000000000005 6646.18671408995 69
2458801.500225695 2458802.50508121 34.346902647667 151.0 8.200000000000001 6659.50317545662 68
2458801.500225695 2458802.50508121 1.11484375888615 81.0 -25.0 6626.27111656784 67
2458801.500225695 2458802.50508121 32.2987283858591 166.0 6.2 6657.45500119481 66
2458801.500225695 2458802.50508121 -18.9218308416157 137.0 -45.0 6606.23444196734 65
2458801.506174769 2458802.51103015 -144.412430722864 160.0 -161.39999999999998 6489.880741591621 148
2458801.506174769 2458802.51103015 -71.0997088830361 364.0 -88.1 6563.19346343144 147
2458801.506174769 2458802.51103015 102.863518975635 469.0 85.9 6737.15669129012 146
2458801.506174769 2458802.51103015 -119.40360210692499 245.0 -136.4 6514.88957020755 145
2458801.506174769 2458802.51103015 -6.0320987221738 529.0 -23.0 6628.26107359231 144
2458801.506174769 2458802.51103015 11.4025109627125 316.0 -5.6 6645.69568327719 143
2458801.506174769 2458802.51103015 -11.7494426550291 328.0 -28.7 6622.54372965945 142
2458801.506174769 2458802.51103015 -9.397332053541 86.0 -26.4 6624.8958402609405 141
2458801.506174769 2458802.51103015 6.16472596572848 128.0 -10.8 6640.4578982802095 140
2458801.506174769 2458802.51103015 33.407555675325696 224.0 16.400000000000002 6667.70072798981 139
2458801.506174769 2458802.51103015 -11.958871591327899 173.0 -28.9 6622.33430072315 138
2458801.506174769 2458802.51103015 -85.16397226825401 129.0 -102.2 6549.12920004623 137
2458801.506174769 2458802.51103015 22.4019604722665 99.0 5.4 6656.69513278675 136
2458801.506174769 2458802.51103015 -5.2461551010632 344.0 -22.2 6629.04701721342 135
2458801.506174769 2458802.51103015 -28.7073192528018 219.0 -45.699999999999996 6605.58585306168 134
2458801.506174769 2458802.51103015 -7.243142232281 171.0 -24.2 6627.0500300822005 133
2458801.506174769 2458802.51103015 -32.0636068700217 36.0 -49.099999999999994 6602.22956544446 132
2458801.506174769 2458802.51103015 -1.3027099513865 102.0 -18.3 6632.99046236309 131
2458801.506174769 2458802.51103015 5.36518750316617 198.0 -11.6 6639.65835981765 130
2458801.506174769 2458802.51103015 -34.5273291447779 31.0 -51.5 6599.7658431697 129
2458801.506174769 2458802.51103015 -12.9995522544561 48.0 -30.0 6621.29362006002 128
2458801.506174769 2458802.51103015 -4.1608945785576 45.0 -21.2 6630.13227773592 127
2458801.506174769 2458802.51103015 14.0106750412849 64.0 -3.0 6648.30384735576 126
2458801.506174769 2458802.51103015 -23.6755160041131 56.0 -40.7 6610.61765631037 125
2458801.506174769 2458802.51103015 -1.2250280340123 74.0 -18.2 6633.06814428047 124
2458801.506174769 2458802.51103015 16.374460882786 150.0 -0.6 6650.66763319727 123
2458801.506174769 2458802.51103015 -15.2812626031711 84.0 -32.300000000000004 6619.01190971131 122
2458801.506174769 2458802.51103015 5.74394529646138 59.0 -11.2 6640.03711761094 121
2458801.506174769 2458802.51103015 32.4087801306039 42.0 15.4 6666.70195244508 120
2458801.506174769 2458802.51103015 6.88143765687599 227.0 -10.1 6641.17460997136 119
2458801.506174769 2458802.51103015 -33.3112366375525 64.0 -50.3 6600.981935676929 118
2458801.506174769 2458802.51103015 4.25834219845722 30.0 -12.7 6638.55151451294 117
2458801.506174769 2458802.51103015 -9.376550605601599 43.0 -26.4 6624.91662170888 116
2458801.506174769 2458802.51103015 -19.5271783469897 28.0 -36.5 6614.7659939674895 115
2458801.506174769 2458802.51103015 -3.165229724102 270.0 -20.2 6631.12794259038 114
2458801.506174769 2458802.51103015 16.8258354870483 29.0 -0.2 6651.11900780153 113
2458801.506174769 2458802.51103015 37.5693177615943 69.0 20.6 6671.862490076071 112
2458801.506174769 2458802.51103015 6.4652123881439 24.0 -10.5 6640.75838470262 111
2458801.506174769 2458802.51103015 -5.9720329772803 59.0 -23.0 6628.3211393372 110
2458801.506174769 2458802.51103015 -8.1071612501189 113.0 -25.1 6626.18601106436 109
2458801.506174769 2458802.51103015 -7.2062838477045 136.0 -24.2 6627.086888466781 108
2458801.506174769 2458802.51103015 24.7452351956623 28.0 7.8 6659.03840751014 107
2458801.506174769 2458802.51103015 -9.8787868263228 38.0 -26.9 6624.41438548816 106
2458801.506174769 2458802.51103015 19.704041496646102 29.0 2.7 6653.99721381113 105
2458801.506174769 2458802.51103015 -14.133899043336 45.0 -31.099999999999998 6620.15927327114 104
2458801.506174769 2458802.51103015 2.24589274655074 35.0 -14.7 6636.539065061031 103
2458801.506174769 2458802.51103015 15.9114489153067 34.0 -1.1 6650.20462122979 102
2458801.506174769 2458802.51103015 -6.3662149481978 113.0 -23.400000000000002 6627.92695736628 101
2458801.506174769 2458802.51103015 -7.3058524965877 150.0 -24.299999999999997 6626.98731981789 100
2458801.506174769 2458802.51103015 -31.967232852779603 82.0 -49.0 6602.3259394617 99
2458801.506174769 2458802.51103015 -8.7390476195868 148.0 -25.7 6625.554124694891 98
2458801.506174769 2458802.51103015 15.5754347887873 53.0 -1.4 6649.868607103271 97
2458801.506174769 2458802.51103015 -31.3447691522155 78.0 -48.300000000000004 6602.94840316226 96
2458801.506174769 2458802.51103015 5.10965771108651 39.0 -11.9 6639.4028300255695 95
2458801.506174769 2458802.51103015 15.4550241822822 66.0 -1.5 6649.74819649676 94
2458801.506174769 2458802.51103015 -12.325421872421101 75.0 -29.3 6621.967750442061 93
2458801.506174769 2458802.51103015 -34.2915105980408 66.0 -51.3 6600.001661716439 92
2458801.506174769 2458802.51103015 16.124403988437003 28.0 -0.9 6650.41757630292 91
2458801.506174769 2458802.51103015 -22.3545345891099 48.0 -39.300000000000004 6611.9386377253695 90
2458801.506174769 2458802.51103015 19.4054943795914 59.0 2.4 6653.69866669407 89
2458801.506174769 2458802.51103015 -48.9738136205835 131.0 -66.0 6585.3193586939 88
2458801.506174769 2458802.51103015 6.77263053082822 29.0 -10.200000000000001 6641.06580284531 87
2458801.506174769 2458802.51103015 9.83378300489246 119.0 -7.2 6644.126955319371 86
2458801.506174769 2458802.51103015 30.848665250097397 73.0 13.899999999999999 6665.14183756458 85
2458801.506174769 2458802.51103015 68.83186031580111 141.0 51.8 6703.12503263028 84
2458801.506174769 2458802.51103015 15.7532416580306 11.0 -1.2 6650.04641397251 83
2458801.506174769 2458802.51103015 25.7361621885943 84.0 8.7 6660.0293345030705 82
2458801.506174769 2458802.51103015 -22.586176237021 144.0 -39.6 6611.706996077461 81
2458801.506174769 2458802.51103015 13.3920843597899 75.0 -3.6 6647.68525667427 80
2458801.506174769 2458802.51103015 -18.069079196148 33.0 -35.1 6616.22409311833 79
2458801.506174769 2458802.51103015 -17.5518735856484 42.0 -34.5 6616.741298728831 78
2458801.506174769 2458802.51103015 4.87845301098044 89.0 -12.1 6639.17162532546 77
2458801.506174769 2458802.51103015 -42.7390651075479 75.0 -59.7 6591.55410720693 76
2458801.506174769 2458802.51103015 16.821799644346502 66.0 -0.2 6651.114971958829 75
2458801.506174769 2458802.51103015 -7.882713397964199 85.0 -24.9 6626.41045891652 74
2458801.506174769 2458802.51103015 38.868030282178395 108.0 21.9 6673.16120259666 73
2458801.506174769 2458802.51103015 -1.8410063481021999 124.0 -18.8 6632.45216596638 72
2458801.506174769 2458802.51103015 71.4526359701306 227.0 54.5 6705.745808284611 71
2458801.506174769 2458802.51103015 23.922918665348 38.0 6.8999999999999995 6658.21609097983 70
2458801.506174769 2458802.51103015 16.6618202322173 45.0 -0.3 6650.954992546701 69
2458801.506174769 2458802.51103015 51.8583011926861 136.0 34.9 6686.1514735071705 68
2458801.506174769 2458802.51103015 -6.0261001424182 69.0 -23.0 6628.26707217206 67
2458801.506174769 2458802.51103015 31.7186281293642 128.0 14.7 6666.01180044384 66
2458801.506174769 2458802.51103015 -52.1325783303714 48.0 -69.1 6582.16059398411 65
2458801.5119039356 2458802.5167592 -106.65033019348199 247.0 -115.1 6536.22852893094 148
2458801.5119039356 2458802.5167592 -96.8592427963326 412.0 -105.30000000000001 6546.01961632809 147
2458801.5119039356 2458802.5167592 129.582580058512 720.0 121.2 6772.46143918293 146
2458801.5119039356 2458802.5167592 -72.9585059579296 126.0 -81.4 6569.92035316649 145
2458801.5119039356 2458802.5167592 15.997635792421 1096.0 7.6 6658.87649491684 144
2458801.5119039356 2458802.5167592 -5.6452603357222 208.0 -14.0 6637.2335987887 143
2458801.5119039356 2458802.5167592 118.01695343412099 154.0 109.60000000000001 6760.8958125585405 142
2458801.5119039356 2458802.5167592 3.3148225655779098 290.0 -5.1000000000000005 6646.19368169 141
2458801.5119039356 2458802.5167592 46.875124484280704 161.0 38.5 6689.7539836087 140
2458801.5119039356 2458802.5167592 -4.0614717909122 405.0 -12.5 6638.81738733351 139
2458801.5119039356 2458802.5167592 -48.524359894806004 67.0 -56.9 6594.35449922962 138
2458801.5119039356 2458802.5167592 -91.5370921914924 111.0 -99.9 6551.34176693293 137
2458801.5119039356 2458802.5167592 32.5768970509372 102.0 24.2 6675.45575617536 136
2458801.5119039356 2458802.5167592 14.1667705716069 111.0 5.8 6657.045629696029 135
2458801.5119039356 2458802.5167592 20.160837330141 56.0 11.799999999999999 6663.03969645456 134
2458801.5119039356 2458802.5167592 12.9510720097059 71.0 4.5 6655.82993113413 133
2458801.5119039356 2458802.5167592 -18.4584614767793 75.0 -26.9 6624.42039764764 132
2458801.5119039356 2458802.5167592 17.6497586070559 72.0 9.2 6660.52861773148 131
2458801.5119039356 2458802.5167592 21.6596477147348 150.0 13.299999999999999 6664.538506839161 130
2458801.5119039356 2458802.5167592 -15.228072274872801 196.0 -23.599999999999998 6627.65078684955 129
2458801.5119039356 2458802.5167592 -21.7787948265897 45.0 -30.200000000000003 6621.100064297831 128
2458801.5119039356 2458802.5167592 5.92219562483809 89.0 -2.5 6648.80105474926 127
2458801.5119039356 2458802.5167592 9.29644809409425 113.0 0.9 6652.175307218519 126
2458801.5119039356 2458802.5167592 -27.0544306601321 41.0 -35.5 6615.82442846429 125
2458801.5119039356 2458802.5167592 15.166854163915401 41.0 6.8 6658.04571328834 124
2458801.5119039356 2458802.5167592 21.097143584208702 221.0 12.7 6663.9760027086295 123
2458801.5119039356 2458802.5167592 22.3655752358427 48.0 14.0 6665.24443436027 122
2458801.5119039356 2458802.5167592 34.800165963623 68.0 26.4 6677.67902508805 121
2458801.5119039356 2458802.5167592 21.3360027924061 47.0 12.9 6664.21486191683 120
2458801.5119039356 2458802.5167592 19.9744448758814 235.0 11.6 6662.85330400031 119
2458801.5119039356 2458802.5167592 -50.389539563983696 54.0 -58.8 6592.48931956044 118
2458801.5119039356 2458802.5167592 -0.7609348260295701 57.0 -9.2 6642.11792429839 117
2458801.5119039356 2458802.5167592 2.48014941229169 89.0 -5.8999999999999995 6645.3590085367105 116
2458801.5119039356 2458802.5167592 7.7604408967353296 55.0 -0.6 6650.63930002116 115
2458801.5119039356 2458802.5167592 32.0706155349564 124.0 23.7 6674.94947465938 114
2458801.5119039356 2458802.5167592 7.07167669071662 45.0 -1.3 6649.95053581514 113
2458801.5119039356 2458802.5167592 28.5386490056032 68.0 20.1 6671.41750813003 112
2458801.5119039356 2458802.5167592 1.49388319594301 38.0 -6.8999999999999995 6644.37274232037 111
2458801.5119039356 2458802.5167592 -2.7387600918924 31.0 -11.1 6640.14009903253 110
2458801.5119039356 2458802.5167592 2.56823054096778 31.0 -5.8 6645.447089665389 109
2458801.5119039356 2458802.5167592 4.17530512865127 190.0 -4.2 6647.054164253081 108
2458801.5119039356 2458802.5167592 27.6612425034752 29.0 19.3 6670.5401016279 107
2458801.5119039356 2458802.5167592 8.66376977337158 24.0 0.3 6651.54262889779 106
2458801.5119039356 2458802.5167592 24.475678794309502 30.0 16.1 6667.35453791873 105
2458801.5119039356 2458802.5167592 -4.4108631503574 65.0 -12.8 6638.46799597407 104
2458801.5119039356 2458802.5167592 -11.4690929218826 38.0 -19.900000000000002 6631.409766202541 103
2458801.5119039356 2458802.5167592 21.9206972679284 39.0 13.5 6664.7995563923505 102
2458801.5119039356 2458802.5167592 -2.8037714548752 51.0 -11.2 6640.07508766955 101
2458801.5119039356 2458802.5167592 -8.327837943451899 129.0 -16.7 6634.55102118097 100
2458801.5119039356 2458802.5167592 -36.0648957601439 104.0 -44.5 6606.8139633642795 99
2458801.5119039356 2458802.5167592 25.6011697349052 80.0 17.2 6668.48002885933 98
2458801.5119039356 2458802.5167592 23.1262099001803 36.0 14.7 6666.005069024601 97
2458801.5119039356 2458802.5167592 -4.0774928775775 84.0 -12.5 6638.801366246849 96
2458801.5119039356 2458802.5167592 20.2379886395097 46.0 11.799999999999999 6663.116847763929 95
2458801.5119039356 2458802.5167592 18.0411779015888 50.0 9.6 6660.92003702601 94
2458801.5119039356 2458802.5167592 -2.2677959273256 43.0 -10.7 6640.6110631971 93
2458801.5119039356 2458802.5167592 -6.9159430939845 42.0 -15.299999999999999 6635.96291603044 92
2458801.5119039356 2458802.5167592 2.54899258918062 24.0 -5.8999999999999995 6645.4278517136 91
2458801.5119039356 2458802.5167592 9.42085586769625 56.0 1.0 6652.29971499212 90
2458801.5119039356 2458802.5167592 -10.5361332726188 35.0 -18.9 6632.34272585181 89
2458801.5119039356 2458802.5167592 -33.0312948954328 73.0 -41.4 6609.84756422899 88
2458801.5119039356 2458802.5167592 -2.5830901806652 89.0 -11.0 6640.29576894376 87
2458801.5119039356 2458802.5167592 -6.2447655711306 72.0 -14.6 6636.634093553291 86
2458801.5119039356 2458802.5167592 8.63397577770719 69.0 0.2 6651.51283490213 85
2458801.5119039356 2458802.5167592 -15.2282400910542 152.0 -23.599999999999998 6627.65061903337 84
2458801.5119039356 2458802.5167592 7.18440542996834 17.0 -1.2 6650.06326455439 83
2458801.5119039356 2458802.5167592 39.7029983163675 49.0 31.3 6682.58185744079 82
2458801.5119039356 2458802.5167592 -4.5141799380408 85.0 -12.9 6638.36467918638 81
2458801.5119039356 2458802.5167592 -28.94260327633 59.0 -37.3 6613.93625584809 80
2458801.5119039356 2458802.5167592 4.67866394044147 27.0 -3.7 6647.55752306486 79
2458801.5119039356 2458802.5167592 -32.1447365202063 39.0 -40.5 6610.73412260422 78
2458801.5119039356 2458802.5167592 -6.9307530550633 68.0 -15.299999999999999 6635.948106069361 77
2458801.5119039356 2458802.5167592 -44.5009141553099 67.0 -52.900000000000006 6598.37794496911 76
2458801.5119039356 2458802.5167592 12.704231248237699 11.0 4.3 6655.583090372659 75
2458801.5119039356 2458802.5167592 -13.9952394212273 104.0 -22.4 6628.8836197032 74
2458801.5119039356 2458802.5167592 79.2449421017309 108.0 70.8 6722.12380122615 73
2458801.5119039356 2458802.5167592 9.88240961174292 81.0 1.5 6652.76126873617 72
2458801.5119039356 2458802.5167592 43.3665468442914 144.0 35.0 6686.24540596871 71
2458801.5119039356 2458802.5167592 23.8898583993521 21.0 15.5 6666.768717523781 70
2458801.5119039356 2458802.5167592 13.6544572587844 49.0 5.2 6656.53331638321 69
2458801.5119039356 2458802.5167592 -6.9458895953503 122.0 -15.4 6635.93296952907 68
2458801.5119039356 2458802.5167592 -40.4199531307299 47.0 -48.800000000000004 6602.458905993691 67
2458801.5119039356 2458802.5167592 62.764012671530104 76.0 54.4 6705.64287179595 66
2458801.5119039356 2458802.5167592 8.03063426838335 144.0 -0.4 6650.90949339281 65
2458801.5176678244 2458802.52252296 -6.062550639285301e-05 0.0 -0.0 6651.28350853173 148
2458801.5176678244 2458802.52252296 -0.00017066126556387 0.0 -0.0 6651.28339849597 147
2458801.5176678244 2458802.52252296 -0.00030785648608145 0.0 -0.0 6651.28326130075 146
2458801.5176678244 2458802.52252296 -0.00013717790992018002 0.0 -0.0 6651.28343197933 145
2458801.5176678244 2458802.52252296 -4.3318006959225e-05 0.0 -0.0 6651.283525839231 144
2458801.5176678244 2458802.52252296 -0.00054357132039939 0.0 -0.0 6651.283025585921 143
2458801.5176678244 2458802.52252296 -0.00013777701557416 0.0 -0.0 6651.28343138022 142
2458801.5176678244 2458802.52252296 -0.0003839429183472 0.0 -0.0 6651.28318521432 141
2458801.5176678244 2458802.52252296 -0.0009234043760741901 0.0 -0.0 6651.28264575286 140
2458801.5176678244 2458802.52252296 -0.00021732494825955 0.0 -0.0 6651.28335183229 139
2458801.5176678244 2458802.52252296 -0.00047913416700851 0.0 -0.0 6651.28309002307 138
2458801.5176678244 2458802.52252296 -0.0001034282854917 0.0 -0.0 6651.2834657289495 137
2458801.5176678244 2458802.52252296 -0.00028369255300476003 0.0 -0.0 6651.28328546469 136
2458801.5176678244 2458802.52252296 0.000116709799158343 0.0 0.0 6651.28368586704 135
2458801.5176678244 2458802.52252296 -0.00053158920554353 0.0 -0.0 6651.28303756803 134
2458801.5176678244 2458802.52252296 -0.00043673079286322 0.0 -0.0 6651.28313242645 133
2458801.5176678244 2458802.52252296 -0.00027377402478379 0.0 -0.0 6651.283295383209 132
2458801.5176678244 2458802.52252296 -0.00050243272475825 0.0 -0.0 6651.28306672451 131
2458801.5176678244 2458802.52252296 -0.00026092653460097 0.0 -0.0 6651.2833082307 130
2458801.5176678244 2458802.52252296 -0.00016719976603241 0.0 -0.0 6651.28340195747 129
2458801.5176678244 2458802.52252296 -0.00019003235252057 0.0 -0.0 6651.28337912489 128
2458801.5176678244 2458802.52252296 -0.00014263642889033999 0.0 -0.0 6651.28342652081 127
2458801.5176678244 2458802.52252296 -0.0006251162716353099 0.0 -0.0 6651.28294404097 126
2458801.5176678244 2458802.52252296 -0.00036157630312061 0.0 -0.0 6651.28320758094 125
2458801.5176678244 2458802.52252296 -0.00046349085014441 0.0 -0.0 6651.28310566639 124
2458801.5176678244 2458802.52252296 -5.3436237656967004e-05 0.0 -0.0 6651.283515721 123
2458801.5176678244 2458802.52252296 0.000135148943591901 0.0 0.0 6651.28370430618 122
2458801.5176678244 2458802.52252296 -0.00026645162076733 0.0 -0.0 6651.28330270562 121
2458801.5176678244 2458802.52252296 -0.00026598564950574996 0.0 -0.0 6651.28330317159 120
2458801.5176678244 2458802.52252296 0.000173491712551765 0.0 0.0 6651.28374264895 119
2458801.5176678244 2458802.52252296 -0.00036210884157839 0.0 -0.0 6651.2832070484 118
2458801.5176678244 2458802.52252296 -0.00073348784823679 0.0 -0.0 6651.28283566939 117
2458801.5176678244 2458802.52252296 -5.7962814992152e-05 0.0 -0.0 6651.2835111944205 116
2458801.5176678244 2458802.52252296 -0.00071757826169971 0.0 -0.0 6651.28285157898 115
2458801.5176678244 2458802.52252296 5.44028004867414e-05 0.0 0.0 6651.283623560041 114
2458801.5176678244 2458802.52252296 9.2479299773629e-05 0.0 0.0 6651.283661636539 113
2458801.5176678244 2458802.52252296 0.000134416703545526 0.0 0.0 6651.283703573939 112
2458801.5176678244 2458802.52252296 -0.00021958823648305 0.0 -0.0 6651.283349569 111
2458801.5176678244 2458802.52252296 -0.00039918683114593 0.0 -0.0 6651.283169970409 110
2458801.5176678244 2458802.52252296 -0.00019515803462156 0.0 -0.0 6651.2833739992 109
2458801.5176678244 2458802.52252296 -0.00059103381033765 0.0 -0.0 6651.28297812343 108
2458801.5176678244 2458802.52252296 -5.0374141302711e-05 0.0 -0.0 6651.283518783101 107
2458801.5176678244 2458802.52252296 -0.00024734680348359 0.0 -0.0 6651.28332181044 106
2458801.5176678244 2458802.52252296 -0.0006028827916893 0.0 -0.0 6651.28296627445 105
2458801.5176678244 2458802.52252296 -0.00030965380304337 0.0 -0.0 6651.283259503441 104
2458801.5176678244 2458802.52252296 -7.979689087278501e-05 0.0 -0.0 6651.283489360349 103
2458801.5176678244 2458802.52252296 -0.0006399607812568299 0.0 -0.0 6651.28292919646 102
2458801.5176678244 2458802.52252296 -0.00016566871785528002 0.0 -0.0 6651.28340348852 101
2458801.5176678244 2458802.52252296 -0.00078115004065182 0.0 -0.0 6651.2827880072 100
2458801.5176678244 2458802.52252296 -0.0003554521104121 0.0 -0.0 6651.28321370513 99
2458801.5176678244 2458802.52252296 -0.00040238206189258 0.0 -0.0 6651.28316677518 98
2458801.5176678244 2458802.52252296 0.000486890595396972 0.0 0.0 6651.28405604783 97
2458801.5176678244 2458802.52252296 -0.00045170843687714 0.0 -0.0 6651.2831174488 96
2458801.5176678244 2458802.52252296 -0.00016040990047372 0.0 -0.0 6651.28340874734 95
2458801.5176678244 2458802.52252296 -0.00029074868823642 0.0 -0.0 6651.283278408549 94
2458801.5176678244 2458802.52252296 -0.00039000054297134 0.0 -0.0 6651.2831791567005 93
2458801.5176678244 2458802.52252296 -0.00031684307266743997 0.0 -0.0 6651.28325231417 92
2458801.5176678244 2458802.52252296 -0.00050695930209343 0.0 -0.0 6651.28306219794 91
2458801.5176678244 2458802.52252296 -0.00023523155334715 0.0 -0.0 6651.28333392569 90
2458801.5176678244 2458802.52252296 -0.00042654599496927 0.0 -0.0 6651.283142611241 89
2458801.5176678244 2458802.52252296 0.000108056049441529 0.0 0.0 6651.2836772132905 88
2458801.5176678244 2458802.52252296 0.00120941214731829 0.0 0.0 6651.28477856939 87
2458801.5176678244 2458802.52252296 -0.00028482419800469 0.0 -0.0 6651.28328433304 86
2458801.5176678244 2458802.52252296 -0.00036031152372827997 0.0 -0.0 6651.28320884571 85
2458801.5176678244 2458802.52252296 -0.00016806514047119 0.0 -0.0 6651.283401092101 84
2458801.5176678244 2458802.52252296 -0.00054463639731495 0.0 -0.0 6651.28302452084 83
2458801.5176678244 2458802.52252296 -0.00037582170619999 0.0 -0.0 6651.28319333553 82
2458801.5176678244 2458802.52252296 -0.00046189323477108 0.0 -0.0 6651.283107264 81
2458801.5176678244 2458802.52252296 4.1289040630943e-05 0.0 0.0 6651.283610446279 80
2458801.5176678244 2458802.52252296 -0.00029534183187963003 0.0 -0.0 6651.283273815409 79
2458801.5176678244 2458802.52252296 -0.00010895337165806 0.0 -0.0 6651.28346020387 78
2458801.5176678244 2458802.52252296 -0.00093771634723794 0.0 -0.0 6651.28263144089 77
2458801.5176678244 2458802.52252296 -0.00081356831849178 0.0 -0.0 6651.28275558892 76
2458801.5176678244 2458802.52252296 -0.00035598464886987997 0.0 -0.0 6651.28321317259 75
2458801.5176678244 2458802.52252296 -0.00043240391800481 0.0 -0.0 6651.28313675332 74
2458801.5176678244 2458802.52252296 -0.00018936667878222 0.0 -0.0 6651.2833797905605 73
2458801.5176678244 2458802.52252296 -0.00044924544617685997 0.0 -0.0 6651.28311991179 72
2458801.5176678244 2458802.52252296 -0.00010549187212661 0.0 -0.0 6651.283463665371 71
2458801.5176678244 2458802.52252296 -0.00037721961998471 0.0 -0.0 6651.283191937619 70
2458801.5176678244 2458802.52252296 -0.00048778791761350005 0.0 -0.0 6651.28308136932 69
2458801.5176678244 2458802.52252296 -0.00010555843932281 0.0 -0.0 6651.283463598799 68
2458801.5176678244 2458802.52252296 0.00150264113596421 0.0 0.0 6651.285071798369 67
2458801.5176678244 2458802.52252296 -0.0012295474220991 0.0 -0.0 6651.28233960982 66
2458801.5176678244 2458802.52252296 -0.0015422140640098 0.0 -0.0 6651.2820269431695 65
2458801.523420139 2458802.52827515 -83.3566834014299 228.0 -75.2 6576.091712894659 148
2458801.523420139 2458802.52827515 -35.9452331027255 359.0 -27.799999999999997 6623.50316319336 147
2458801.523420139 2458802.52827515 161.52292391665398 289.0 169.7 6820.97132021274 146
2458801.523420139 2458802.52827515 20.7914633153923 719.0 29.0 6680.23985961148 145
2458801.523420139 2458802.52827515 50.0714259006827 680.0 58.2 6709.519822196769 144
2458801.523420139 2458802.52827515 62.3474843230252 307.0 70.5 6721.79588061912 143
2458801.523420139 2458802.52827515 -23.5845047933658 202.0 -15.4 6635.86389150272 142
2458801.523420139 2458802.52827515 2.88141121691332 187.0 11.0 6662.329807513001 141
2458801.523420139 2458802.52827515 21.1366094779537 222.0 29.3 6680.58500577404 140
2458801.523420139 2458802.52827515 -38.969060621957 96.0 -30.8 6620.47933567413 139
2458801.523420139 2458802.52827515 -44.912467130138204 117.0 -36.7 6614.53592916595 138
2458801.523420139 2458802.52827515 -79.7294071995101 114.0 -71.6 6579.71898909658 137
2458801.523420139 2458802.52827515 5.62088263734672 58.0 13.799999999999999 6665.06927893344 136
2458801.523420139 2458802.52827515 12.5403877382366 361.0 20.7 6671.98878403433 135
2458801.523420139 2458802.52827515 15.256793586717201 151.0 23.400000000000002 6674.70518988281 134
2458801.523420139 2458802.52827515 6.02736092125333 136.0 14.200000000000001 6665.47575721734 133
2458801.523420139 2458802.52827515 -23.4089627436154 59.0 -15.2 6636.03943355247 132
2458801.523420139 2458802.52827515 52.6032754209389 96.0 60.8 6712.05167171703 131
2458801.523420139 2458802.52827515 -3.4417517273058 48.0 4.7 6656.00664456878 130
2458801.523420139 2458802.52827515 8.90433550223424 102.0 17.1 6668.35273179832 129
2458801.523420139 2458802.52827515 -28.1982891837966 139.0 -20.0 6631.250107112291 128
2458801.523420139 2458802.52827515 -6.9280304510206 52.0 1.2 6652.52036584507 127
2458801.523420139 2458802.52827515 20.2255914116591 119.0 28.400000000000002 6679.67398770775 126
2458801.523420139 2458802.52827515 -29.6729830317908 56.0 -21.5 6629.7754132642995 125
2458801.523420139 2458802.52827515 13.4057583386804 60.0 21.6 6672.85415463477 124
2458801.523420139 2458802.52827515 35.855256452922596 226.0 44.0 6695.30365274901 123
2458801.523420139 2458802.52827515 51.9689185389973 55.0 60.1 6711.41731483509 122
2458801.523420139 2458802.52827515 9.21353924636659 106.0 17.4 6668.66193554246 121
2458801.523420139 2458802.52827515 18.9477338958897 128.0 27.099999999999998 6678.39613019198 120
2458801.523420139 2458802.52827515 16.6883452960356 166.0 24.9 6676.13674159213 119
2458801.523420139 2458802.52827515 -19.719870010055402 330.0 -11.6 6639.72852628603 118
2458801.523420139 2458802.52827515 19.5828598299315 202.0 27.7 6679.03125612602 117
2458801.523420139 2458802.52827515 -9.468474609446 45.0 -1.3 6649.97992168664 116
2458801.523420139 2458802.52827515 0.635983245864225 35.0 8.8 6660.0843795419505 115
2458801.523420139 2458802.52827515 33.8322938930524 150.0 42.0 6693.28069018914 114
2458801.523420139 2458802.52827515 16.8583677178056 38.0 25.0 6676.306764013901 113
2458801.523420139 2458802.52827515 22.4672305047156 57.0 30.599999999999998 6681.91562680081 112
2458801.523420139 2458802.52827515 6.07965546556688 34.0 14.200000000000001 6665.52805176166 111
2458801.523420139 2458802.52827515 -3.9747109570305 65.0 4.2 6655.47368533906 110
2458801.523420139 2458802.52827515 -7.5237874810608005 54.0 0.6 6651.924608815029 109
2458801.523420139 2458802.52827515 -5.570456987237 154.0 2.6 6653.87793930885 108
2458801.523420139 2458802.52827515 17.1902105371533 34.0 25.4 6676.63860683324 107
2458801.523420139 2458802.52827515 1.50653025325198 23.0 9.700000000000001 6660.95492654934 106
2458801.523420139 2458802.52827515 -6.7435250467858 40.0 1.4 6652.704871249301 105
2458801.523420139 2458802.52827515 7.57949744371977 46.0 15.7 6667.02789373981 104
2458801.523420139 2458802.52827515 -6.0054552351154005 36.0 2.2 6653.44294106097 103
2458801.523420139 2458802.52827515 23.3830923411196 40.0 31.5 6682.83148863721 102
2458801.523420139 2458802.52827515 -13.3456790976778 80.0 -5.2 6646.10271719841 101
2458801.523420139 2458802.52827515 -2.7174435081925004 93.0 5.4 6656.7309527879 100
2458801.523420139 2458802.52827515 -6.7124500298608 45.0 1.5 6652.73594626623 99
2458801.523420139 2458802.52827515 8.09306987715797 77.0 16.299999999999997 6667.54146617325 98
2458801.523420139 2458802.52827515 16.0056096916286 97.0 24.2 6675.45400598772 97
2458801.523420139 2458802.52827515 -40.4390118155806 136.0 -32.300000000000004 6619.00938448051 96
2458801.523420139 2458802.52827515 31.5118958235905 78.0 39.699999999999996 6690.96029211968 95
2458801.523420139 2458802.52827515 33.6127754165645 90.0 41.8 6693.06117171266 94
2458801.523420139 2458802.52827515 -1.9894083852500999 56.0 6.2 6657.458987910841 93
2458801.523420139 2458802.52827515 -17.9785286311658 45.0 -9.799999999999999 6641.4698676649205 92
2458801.523420139 2458802.52827515 -14.0693554599105 41.0 -5.8999999999999995 6645.37904083618 91
2458801.523420139 2458802.52827515 -42.288464825293 43.0 -34.1 6617.1599314708 90
2458801.523420139 2458802.52827515 3.7663969395067602 40.0 11.9 6663.2147932356 89
2458801.523420139 2458802.52827515 2.77375483990472 37.0 10.9 6662.222151135999 88
2458801.523420139 2458802.52827515 -8.679949974132999 33.0 -0.5 6650.76844632196 87
2458801.523420139 2458802.52827515 -5.8120887903472 66.0 2.4 6653.63630750574 86
2458801.523420139 2458802.52827515 -22.9526563006948 63.0 -14.8 6636.4957399954 85
2458801.523420139 2458802.52827515 6.76646718589691 171.0 14.9 6666.21486348199 84
2458801.523420139 2458802.52827515 -5.2028410966897995 14.0 3.0 6654.2455551994 83
2458801.523420139 2458802.52827515 2.95398376062206 54.0 11.1 6662.40238005671 82
2458801.523420139 2458802.52827515 -2.7967417463532 107.0 5.4 6656.65165454974 81
2458801.523420139 2458802.52827515 34.2090765677749 75.0 42.4 6693.65747286386 80
2458801.523420139 2458802.52827515 -16.7655503422743 19.0 -8.6 6642.682845953819 79
2458801.523420139 2458802.52827515 -27.3875079024481 65.0 -19.2 6632.060888393639 78
2458801.523420139 2458802.52827515 -4.5394886273673 52.0 3.6 6654.90890766872 77
2458801.523420139 2458802.52827515 33.3787632402762 69.0 41.5 6692.82715953637 76
2458801.523420139 2458802.52827515 -5.2182108888221 153.0 2.9 6654.23018540727 75
2458801.523420139 2458802.52827515 -29.844873531903502 63.0 -21.7 6629.60352276419 74
2458801.523420139 2458802.52827515 52.0769639353498 100.0 60.199999999999996 6711.525360231441 73
2458801.523420139 2458802.52827515 11.8057024081679 202.0 20.0 6671.25409870426 72
2458801.523420139 2458802.52827515 16.8888946195223 134.0 25.1 6676.33729091561 71
2458801.523420139 2458802.52827515 7.1405654673881696 33.0 15.299999999999999 6666.58896176348 70
2458801.523420139 2458802.52827515 7.23754052084757 29.0 15.4 6666.68593681694 69
2458801.523420139 2458802.52827515 50.5962734380514 132.0 58.8 6710.04466973414 68
2458801.523420139 2458802.52827515 -15.078939138902602 182.0 -6.8999999999999995 6644.36945715719 67
2458801.523420139 2458802.52827515 52.3472339259685 79.0 60.5 6711.79563022206 66
2458801.523420139 2458802.52827515 -18.6829843491116 240.0 -10.5 6640.76541194698 65
2458801.529172454 2458802.53402734 -148.047635646152 411.0 -131.89999999999998 6519.33207452008 148
2458801.529172454 2458802.53402734 -56.7480614078866 560.0 -40.7 6610.63164875835 147
2458801.529172454 2458802.53402734 18.5152869617466 569.0 34.6 6685.894997127981 146
2458801.529172454 2458802.53402734 -19.5307427159932 669.0 -3.4 6647.84896745024 145
2458801.529172454 2458802.53402734 49.972397234348 640.0 66.10000000000001 6717.35210740058 144
2458801.529172454 2458802.53402734 27.627319394039898 263.0 43.7 6695.00702956027 143
2458801.529172454 2458802.53402734 27.0477149876642 204.0 43.1 6694.4274251539 142
2458801.529172454 2458802.53402734 54.4703915216349 57.0 70.6 6721.85010168787 141
2458801.529172454 2458802.53402734 41.933028593311896 568.0 58.0 6709.3127387595405 140
2458801.529172454 2458802.53402734 -10.2344184939538 66.0 5.8999999999999995 6657.14529167228 139
2458801.529172454 2458802.53402734 -103.678782051488 152.0 -87.6 6563.700928114739 138
2458801.529172454 2458802.53402734 -104.989012846375 127.0 -88.9 6562.39069731986 137
2458801.529172454 2458802.53402734 11.4169558461397 133.0 27.5 6678.79666601237 136
2458801.529172454 2458802.53402734 8.81232402859045 327.0 24.9 6676.19203419482 135
2458801.529172454 2458802.53402734 10.3200556305625 108.0 26.4 6677.69976579679 134
2458801.529172454 2458802.53402734 13.8637746845731 80.0 30.0 6681.2434848508 133
2458801.529172454 2458802.53402734 29.4581424111824 42.0 45.6 6696.83785257741 132
2458801.529172454 2458802.53402734 33.6458580254595 62.0 49.7 6701.02556819169 131
2458801.529172454 2458802.53402734 16.6658663703139 115.0 32.800000000000004 6684.0455765365505 130
2458801.529172454 2458802.53402734 25.322132087414 345.0 41.4 6692.70184225365 129
2458801.529172454 2458802.53402734 -19.931972633696798 48.0 -3.8 6647.44773753254 128
2458801.529172454 2458802.53402734 22.1360337762038 52.0 38.199999999999996 6689.51574394244 127
2458801.529172454 2458802.53402734 24.5742959198321 100.0 40.7 6691.95400608606 126
2458801.529172454 2458802.53402734 -21.6304084541203 81.0 -5.5 6645.74930171211 125
2458801.529172454 2458802.53402734 -10.793536944667 114.0 5.3 6656.58617322156 124
2458801.529172454 2458802.53402734 35.2170135598397 114.0 51.3 6702.59672372607 123
2458801.529172454 2458802.53402734 18.8287227890038 97.0 34.9 6686.20843295524 122
2458801.529172454 2458802.53402734 -30.466986633907602 77.0 -14.4 6636.91272353232 121
2458801.529172454 2458802.53402734 3.71259217124642 66.0 19.8 6671.09230233748 120
2458801.529172454 2458802.53402734 14.7734494226075 197.0 30.900000000000002 6682.15315958884 119
2458801.529172454 2458802.53402734 -49.179945034723 49.0 -33.099999999999994 6618.19976513151 118
2458801.529172454 2458802.53402734 12.0366589339049 345.0 28.1 6679.4163691001395 117
2458801.529172454 2458802.53402734 -17.7195529273089 25.0 -1.6 6649.66015723892 116
2458801.529172454 2458802.53402734 -10.7477032234904 40.0 5.3 6656.63200694274 115
2458801.529172454 2458802.53402734 27.549965653491 214.0 43.6 6694.929675819721 114
2458801.529172454 2458802.53402734 32.9208367373512 60.0 49.0 6700.30054690358 113
2458801.529172454 2458802.53402734 34.0363762649218 84.0 50.1 6701.416086431151 112
2458801.529172454 2458802.53402734 -15.209392300525 51.0 0.9 6652.17031786571 111
2458801.529172454 2458802.53402734 -2.1790566579538 56.0 13.899999999999999 6665.20065350828 110
2458801.529172454 2458802.53402734 -23.8799446931015 26.0 -7.8 6643.49976547313 109
2458801.529172454 2458802.53402734 -2.4939453832582 160.0 13.6 6664.88576478297 108
2458801.529172454 2458802.53402734 12.9241539111442 30.0 29.0 6680.303864077379 107
2458801.529172454 2458802.53402734 1.45221111940863 66.0 17.5 6668.8319212856395 106
2458801.529172454 2458802.53402734 -6.9362080564588 57.0 9.2 6660.44350210977 105
2458801.529172454 2458802.53402734 -18.2688341279285 85.0 -2.2 6649.1108760383 104
2458801.529172454 2458802.53402734 -3.6997895872677 43.0 12.4 6663.67992057896 103
2458801.529172454 2458802.53402734 14.136523375444 25.0 30.200000000000003 6681.51623354168 102
2458801.529172454 2458802.53402734 0.898614826233768 34.0 17.0 6668.2783249924705 101
2458801.529172454 2458802.53402734 9.51455506712851 117.0 25.6 6676.89426523336 100
2458801.529172454 2458802.53402734 -44.7704814051368 52.0 -28.7 6622.60922876109 99
2458801.529172454 2458802.53402734 10.9568281735148 82.0 27.099999999999998 6678.33653833975 98
2458801.529172454 2458802.53402734 4.27727019032442 62.0 20.400000000000002 6671.65698035656 97
2458801.529172454 2458802.53402734 9.16636072100197 68.0 25.3 6676.546070887231 96
2458801.529172454 2458802.53402734 -12.971941822141499 49.0 3.1 6654.40776834409 95
2458801.529172454 2458802.53402734 2.94098275466936 56.0 19.0 6670.3206929209 94
2458801.529172454 2458802.53402734 -7.3619698907583 29.0 8.7 6660.01774027547 93
2458801.529172454 2458802.53402734 -11.3911508697422 53.0 4.7 6655.98855929649 92
2458801.529172454 2458802.53402734 -10.6181730290311 38.0 5.5 6656.7615371372 91
2458801.529172454 2458802.53402734 -6.1918615468235 49.0 9.9 6661.18784861941 90
2458801.529172454 2458802.53402734 -6.9483865453153 36.0 9.1 6660.43132362092 89
2458801.529172454 2458802.53402734 -43.550778420303104 122.0 -27.5 6623.828931745929 88
2458801.529172454 2458802.53402734 -35.4411558414371 30.0 -19.3 6631.9385543248 87
2458801.529172454 2458802.53402734 -24.945189158565 76.0 -8.8 6642.43452100767 86
2458801.529172454 2458802.53402734 76.0476747180405 84.0 92.1 6743.4273848842695 85
2458801.529172454 2458802.53402734 -105.589354766268 153.0 -89.5 6561.79035539996 84
2458801.529172454 2458802.53402734 -17.7981187253886 16.0 -1.7 6649.5815914408395 83
2458801.529172454 2458802.53402734 -7.174044524547599 75.0 8.9 6660.20566564168 82
2458801.529172454 2458802.53402734 3.87478241678263 94.0 20.0 6671.25449258301 81
2458801.529172454 2458802.53402734 7.47469506199305 85.0 23.599999999999998 6674.85440522822 80
2458801.529172454 2458802.53402734 -19.1795310735321 20.0 -3.1 6648.2001790927 79
2458801.529172454 2458802.53402734 -34.798894224898 66.0 -18.700000000000003 6632.58081594133 78
2458801.529172454 2458802.53402734 -8.132135262739501 68.0 8.0 6659.24757490349 77
2458801.529172454 2458802.53402734 -16.2040499916225 75.0 -0.1 6651.17566017461 76
2458801.529172454 2458802.53402734 -19.7044860505349 129.0 -3.6 6647.6752241157 75
2458801.529172454 2458802.53402734 -37.931237238805004 61.0 -21.8 6629.44847292743 74
2458801.529172454 2458802.53402734 34.9218845408767 122.0 51.0 6702.30159470711 73
2458801.529172454 2458802.53402734 6.79838406810784 82.0 22.9 6674.17809423434 72
2458801.529172454 2458802.53402734 5.91489524455202 161.0 22.0 6673.29460541078 71
2458801.529172454 2458802.53402734 -10.0528985668804 24.0 6.0 6657.32681159935 70
2458801.529172454 2458802.53402734 1.42877450128598 42.0 17.5 6668.80848466752 69
2458801.529172454 2458802.53402734 -59.1802705862694 133.0 -43.1 6608.19943957996 68
2458801.529172454 2458802.53402734 28.0758508420442 144.0 44.2 6695.45556100828 67
2458801.529172454 2458802.53402734 24.674260045087802 95.0 40.800000000000004 6692.05397021132 66
2458801.529172454 2458802.53402734 -0.80229643264307 98.0 15.299999999999999 6666.57741373359 65
2458801.5349247684 2458802.53977953 -86.9497483588226 991.0 -63.2 6588.12498576932 148
2458801.5349247684 2458802.53977953 -61.2706719656089 1018.0 -37.5 6613.80406216254 147
2458801.5349247684 2458802.53977953 193.885686173838 696.0 217.70000000000002 6868.96042030198 146
2458801.5349247684 2458802.53977953 12.2667687884492 947.0 36.1 6687.3415029166 145
2458801.5349247684 2458802.53977953 6.4825657838643 454.0 30.3 6681.5572999120095 144
2458801.5349247684 2458802.53977953 6.15239420333147 137.0 29.9 6681.22712833148 143
2458801.5349247684 2458802.53977953 6.89872608290543 170.0 30.700000000000003 6681.97346021105 142
2458801.5349247684 2458802.53977953 42.633690427656695 58.0 66.4 6717.7084245558 141
2458801.5349247684 2458802.53977953 -7.1208516674846 70.0 16.7 6667.95388246066 140
2458801.5349247684 2458802.53977953 -40.4475975582406 58.0 -16.7 6634.62713656991 139
2458801.5349247684 2458802.53977953 -42.0795215885761 81.0 -18.3 6632.99521253957 138
2458801.5349247684 2458802.53977953 -77.6175374351897 111.0 -53.8 6597.45719669296 137
2458801.5349247684 2458802.53977953 24.5632382782341 216.0 48.4 6699.63797240638 136
2458801.5349247684 2458802.53977953 29.4615702816063 223.0 53.3 6704.53630440975 135
2458801.5349247684 2458802.53977953 31.7557853655508 54.0 55.5 6706.830519493699 134
2458801.5349247684 2458802.53977953 13.1884832890714 80.0 37.0 6688.26321741722 133
2458801.5349247684 2458802.53977953 -18.865652986147698 126.0 4.8999999999999995 6656.209081142 132
2458801.5349247684 2458802.53977953 34.1190499850361 109.0 57.9 6709.193784113179 131
2458801.5349247684 2458802.53977953 15.3460374220389 106.0 39.1 6690.42077155018 130
2458801.5349247684 2458802.53977953 21.1885096530295 83.0 45.0 6696.26324378118 129
2458801.5349247684 2458802.53977953 7.79297211674113 35.0 31.6 6682.86770624489 128
2458801.5349247684 2458802.53977953 -10.060496638955 98.0 13.700000000000001 6665.01423748919 127
2458801.5349247684 2458802.53977953 10.717451724279801 147.0 34.5 6685.79218585243 126
2458801.5349247684 2458802.53977953 -8.072716365432202 121.0 15.7 6667.002017762709 125
2458801.5349247684 2458802.53977953 12.993728782812601 48.0 36.8 6688.06846291096 124
2458801.5349247684 2458802.53977953 42.1297209939571 311.0 65.9 6717.2044551221 123
2458801.5349247684 2458802.53977953 -1.7991464644975002 55.0 22.0 6673.275587663649 122
2458801.5349247684 2458802.53977953 12.4762845285167 162.0 36.3 6687.55101865666 121
2458801.5349247684 2458802.53977953 5.0490157905507305 74.0 28.8 6680.1237499187 120
2458801.5349247684 2458802.53977953 -6.637808798455301 227.0 17.2 6668.43692532969 119
2458801.5349247684 2458802.53977953 -34.6421352855852 61.0 -10.9 6640.43259884256 118
2458801.5349247684 2458802.53977953 35.537368379948504 188.0 59.3 6710.61210250809 117
2458801.5349247684 2458802.53977953 6.76105297602181 33.0 30.599999999999998 6681.83578710417 116
2458801.5349247684 2458802.53977953 -4.6571412417089 55.0 19.099999999999998 6670.41759288644 115
2458801.5349247684 2458802.53977953 30.4556202797563 136.0 54.199999999999996 6705.5303544079 114
2458801.5349247684 2458802.53977953 29.9052708069905 46.0 53.699999999999996 6704.980004935141 113
2458801.5349247684 2458802.53977953 40.4242173231228 31.0 64.19999999999999 6715.49895145127 112
2458801.5349247684 2458802.53977953 0.0244357603680356 28.0 23.8 6675.09916988851 111
2458801.5349247684 2458802.53977953 2.85508076030183 21.0 26.599999999999998 6677.92981488845 110
2458801.5349247684 2458802.53977953 2.17301196061115 60.0 26.0 6677.24774608876 109
2458801.5349247684 2458802.53977953 0.565425070930381 140.0 24.400000000000002 6675.64015919908 108
2458801.5349247684 2458802.53977953 1.6199305655568699 27.0 25.4 6676.6946646937 107
2458801.5349247684 2458802.53977953 21.8524483806268 29.0 45.6 6696.927182508771 106
2458801.5349247684 2458802.53977953 28.7527456181529 32.0 52.5 6703.8274797463 105
2458801.5349247684 2458802.53977953 5.05734968457805 40.0 28.8 6680.132083812719 104
2458801.5349247684 2458802.53977953 -4.3919635835241 60.0 19.400000000000002 6670.68277054462 103
2458801.5349247684 2458802.53977953 8.53535495738011 48.0 32.300000000000004 6683.61008908553 102
2458801.5349247684 2458802.53977953 22.848754411385602 130.0 46.6 6697.92348853953 101
2458801.5349247684 2458802.53977953 3.38069521961692 36.0 27.2 6678.4554293477595 100
2458801.5349247684 2458802.53977953 -22.4132438610152 89.0 1.4 6652.66149026713 99
2458801.5349247684 2458802.53977953 -27.4142727107396 80.0 -3.6 6647.66046141741 98
2458801.5349247684 2458802.53977953 -0.39640961232124 67.0 23.400000000000002 6674.678324515819 97
2458801.5349247684 2458802.53977953 34.1699905503203 96.0 58.0 6709.24472467847 96
2458801.5349247684 2458802.53977953 9.93903799726059 63.0 33.7 6685.0137721254105 95
2458801.5349247684 2458802.53977953 3.5408403177736902 52.0 27.3 6678.61557444592 94
2458801.5349247684 2458802.53977953 1.34796936593062 39.0 25.1 6676.42270349408 93
2458801.5349247684 2458802.53977953 8.01008285372618 43.0 31.8 6683.08481698187 92
2458801.5349247684 2458802.53977953 -45.6776408439623 29.0 -21.9 6629.39709328418 91
2458801.5349247684 2458802.53977953 7.68611155189003 45.0 31.5 6682.76084568004 90
2458801.5349247684 2458802.53977953 -4.114451203013999 57.0 19.7 6670.960282925131 89
2458801.5349247684 2458802.53977953 -29.8121492013168 69.0 -6.0 6645.262584926831 88
2458801.5349247684 2458802.53977953 -19.0157701188758 38.0 4.8 6656.05896400927 87
2458801.5349247684 2458802.53977953 -34.3697182330391 84.0 -10.6 6640.70501589511 86
2458801.5349247684 2458802.53977953 29.5308293044627 87.0 53.3 6704.605563432609 85
2458801.5349247684 2458802.53977953 -28.2208105925212 165.0 -4.4 6646.853923535619 84
2458801.5349247684 2458802.53977953 -19.7184750500741 7.0 4.1000000000000005 6655.35625907807 83
2458801.5349247684 2458802.53977953 44.0887851962213 78.0 67.9 6719.16351932437 82
2458801.5349247684 2458802.53977953 35.4299784053032 74.0 59.2 6710.50471253345 81
2458801.5349247684 2458802.53977953 -13.4810284975089 99.0 10.3 6661.59370563064 80
2458801.5349247684 2458802.53977953 -31.307328605570298 16.0 -7.5 6643.767405522581 79
2458801.5349247684 2458802.53977953 -33.8202722783345 59.0 -10.0 6641.25446184981 78
2458801.5349247684 2458802.53977953 -3.6203363269091997 51.0 20.2 6671.45439780124 77
2458801.5349247684 2458802.53977953 -21.2767603281412 87.0 2.5 6653.797973799999 76
2458801.5349247684 2458802.53977953 -22.8623039865736 186.0 0.9 6652.21243014157 75
2458801.5349247684 2458802.53977953 -31.305852076128502 41.0 -7.5 6643.768882052021 74
2458801.5349247684 2458802.53977953 51.3973248844302 196.0 75.2 6726.47205901258 73
2458801.5349247684 2458802.53977953 22.4332247044465 58.0 46.199999999999996 6697.50795883259 72
2458801.5349247684 2458802.53977953 -42.5041470523739 202.0 -18.700000000000003 6632.570587075769 71
2458801.5349247684 2458802.53977953 4.65055939970238 27.0 28.400000000000002 6679.72529352785 70
2458801.5349247684 2458802.53977953 -31.2262647361523 51.0 -7.4 6643.84846939199 69
2458801.5349247684 2458802.53977953 16.036493502737898 158.0 39.800000000000004 6691.1112276308795 68
2458801.5349247684 2458802.53977953 -42.1101675126385 101.0 -18.3 6632.96456661551 67
2458801.5349247684 2458802.53977953 86.6173199473685 83.0 110.39999999999999 6761.69205407552 66
2458801.5349247684 2458802.53977953 185.32143151953002 786.0 209.1 6860.39616564768 65
2458801.541545139 2458802.54639976 -14.966985636935 233.0 17.4 6668.6397738214 148
2458801.541545139 2458802.54639976 374.48462309544 286.0 406.8 7058.09138255378 147
2458801.541545139 2458802.54639976 207.52652646404502 685.0 239.8 6891.13328592238 146
2458801.541545139 2458802.54639976 -18.8401164056664 622.0 13.5 6664.76664305267 145
2458801.541545139 2458802.54639976 107.82228057528701 215.0 140.1 6791.4290400336195 144
2458801.541545139 2458802.54639976 -8.0871987852733 160.0 24.2 6675.51956067306 143
2458801.541545139 2458802.54639976 13.834305021853199 361.0 46.199999999999996 6697.441064480189 142
2458801.541545139 2458802.54639976 -0.6402165386774099 195.0 31.7 6682.96654291966 141
2458801.541545139 2458802.54639976 32.4160991339513 142.0 64.69999999999999 6716.0228585922905 140
2458801.541545139 2458802.54639976 -31.903252156927998 83.0 0.4 6651.70350730141 139
2458801.541545139 2458802.54639976 -57.839265375393204 106.0 -25.5 6625.767494082939 138
2458801.541545139 2458802.54639976 -46.0071978450296 103.0 -13.700000000000001 6637.5995616133105 137
2458801.541545139 2458802.54639976 46.182980929097 184.0 78.5 6729.789740387429 136
2458801.541545139 2458802.54639976 31.2279124407215 483.0 63.5 6714.83467189906 135
2458801.541545139 2458802.54639976 -12.425673573957 171.0 19.900000000000002 6671.18108588438 134
2458801.541545139 2458802.54639976 42.1569906542825 123.0 74.5 6725.76375011262 133
2458801.541545139 2458802.54639976 -6.3064548193266 32.0 26.0 6677.3003046390095 132
2458801.541545139 2458802.54639976 29.5987212646169 89.0 61.9 6713.20548072295 131
2458801.541545139 2458802.54639976 7.7099499337967 43.0 40.0 6691.31670939213 130
2458801.541545139 2458802.54639976 -0.24102710864238 327.0 32.099999999999994 6683.36573234969 129
2458801.541545139 2458802.54639976 2.40510829331608 42.0 34.7 6686.01186775165 128
2458801.541545139 2458802.54639976 6.97177368100288 61.0 39.300000000000004 6690.57853313934 127
2458801.541545139 2458802.54639976 19.951682791036 34.0 52.3 6703.558442249369 126
2458801.541545139 2458802.54639976 -21.4465623820388 76.0 10.9 6662.1601970763 125
2458801.541545139 2458802.54639976 11.8035118167974 33.0 44.1 6695.41027127513 124
2458801.541545139 2458802.54639976 18.1229152392062 96.0 50.4 6701.72967469754 123
2458801.541545139 2458802.54639976 39.9096189178625 81.0 72.2 6723.5163783762 122
2458801.541545139 2458802.54639976 27.3019370154497 48.0 59.6 6710.90869647379 121
2458801.541545139 2458802.54639976 35.2920934447658 103.0 67.6 6718.8988529031 120
2458801.541545139 2458802.54639976 -7.6047169455098 167.0 24.7 6676.0020425128305 119
2458801.541545139 2458802.54639976 -4.138262431856901 46.0 28.2 6679.468497026481 118
2458801.541545139 2458802.54639976 4.16467573435497 113.0 36.5 6687.77143519269 117
2458801.541545139 2458802.54639976 12.7840795388119 40.0 45.1 6696.39083899715 116
2458801.541545139 2458802.54639976 4.6557219907317196 37.0 37.0 6688.26248144907 115
2458801.541545139 2458802.54639976 40.102438245933 153.0 72.4 6723.70919770427 114
2458801.541545139 2458802.54639976 42.4122122397295 36.0 74.7 6726.01897169807 113
2458801.541545139 2458802.54639976 13.4763648891125 41.0 45.8 6697.0831243474495 112
2458801.541545139 2458802.54639976 17.3975848790908 29.0 49.7 6701.00434433743 111
2458801.541545139 2458802.54639976 10.051102757707898 87.0 42.4 6693.65786221605 110
2458801.541545139 2458802.54639976 7.54503375702953 125.0 39.9 6691.15179321537 109
2458801.541545139 2458802.54639976 11.083353536751199 251.0 43.4 6694.69011299509 108
2458801.541545139 2458802.54639976 15.2810033231221 29.0 47.6 6698.88776278146 107
2458801.541545139 2458802.54639976 15.645288052481598 45.0 48.0 6699.2520475108195 106
2458801.541545139 2458802.54639976 5.81717851517993 46.0 38.1 6689.42393797352 105
2458801.541545139 2458802.54639976 14.0851106652731 81.0 46.4 6697.69187012361 104
2458801.541545139 2458802.54639976 14.287947507705601 40.0 46.6 6697.89470696604 103
2458801.541545139 2458802.54639976 24.5628150733799 40.0 56.9 6708.16957453172 102
2458801.541545139 2458802.54639976 -13.3707084661845 63.0 19.0 6670.23605099215 101
2458801.541545139 2458802.54639976 5.3600867111685 80.0 37.699999999999996 6688.96684616951 100
2458801.541545139 2458802.54639976 -25.0837959214758 91.0 7.2 6658.52296353686 99
2458801.541545139 2458802.54639976 -6.3419619541331995 129.0 26.0 6677.2647975042 98
2458801.541545139 2458802.54639976 -7.8613148100333 40.0 24.5 6675.745444648301 97
2458801.541545139 2458802.54639976 20.0892047235639 114.0 52.400000000000006 6703.6959641819 96
2458801.541545139 2458802.54639976 47.8785613448771 69.0 80.19999999999999 6731.48532080321 95
2458801.541545139 2458802.54639976 -13.4854313622581 86.0 18.8 6670.12132809608 94
2458801.541545139 2458802.54639976 10.6353956326659 37.0 43.0 6694.242155090999 93
2458801.541545139 2458802.54639976 10.304624946369001 58.0 42.6 6693.91138440471 92
2458801.541545139 2458802.54639976 -8.8332315113684 33.0 23.5 6674.77352794697 91
2458801.541545139 2458802.54639976 3.75098727913414 72.0 36.1 6687.35774673747 90
2458801.541545139 2458802.54639976 20.8835476077978 45.0 53.199999999999996 6704.490307066129 89
2458801.541545139 2458802.54639976 3.9585139880618003 40.0 36.3 6687.5652734464 88
2458801.541545139 2458802.54639976 -13.983766738776099 77.0 18.3 6669.62299271956 87
2458801.541545139 2458802.54639976 -3.6496478792127 78.0 28.7 6679.9571115791205 86
2458801.541545139 2458802.54639976 47.8840560766844 127.0 80.19999999999999 6731.49081553502 85
2458801.541545139 2458802.54639976 0.36218173203827997 142.0 32.7 6683.96894119037 84
2458801.541545139 2458802.54639976 -22.1707437238647 17.0 10.200000000000001 6661.43601573447 83
2458801.541545139 2458802.54639976 69.0200527445342 84.0 101.3 6752.62681220287 82
2458801.541545139 2458802.54639976 -30.7890381841469 92.0 1.5 6652.81772127419 81
2458801.541545139 2458802.54639976 8.09022586110064 58.0 40.4 6691.69698531944 80
2458801.541545139 2458802.54639976 7.17107320329635 28.0 39.5 6690.77783266163 79
2458801.541545139 2458802.54639976 -39.5012242336499 60.0 -7.2 6644.10553522469 78
2458801.541545139 2458802.54639976 22.4402969118183 65.0 54.800000000000004 6706.04705637015 77
2458801.541545139 2458802.54639976 46.3472549310522 63.0 78.7 6729.95401438939 76
2458801.541545139 2458802.54639976 -31.0325743447821 305.0 1.3 6652.57418511355 75
2458801.541545139 2458802.54639976 -35.5496683235597 50.0 -3.2 6648.05709113478 74
2458801.541545139 2458802.54639976 50.7627857047197 91.0 83.1 6734.369545163059 73
2458801.541545139 2458802.54639976 21.980962188958 140.0 54.300000000000004 6705.5877216473 72
2458801.541545139 2458802.54639976 -7.3501724161442 185.0 25.0 6676.25658704219 71
2458801.541545139 2458802.54639976 -15.4702729554366 35.0 16.9 6668.1364865029 70
2458801.541545139 2458802.54639976 -22.123176989412098 62.0 10.200000000000001 6661.48358246893 69
2458801.541545139 2458802.54639976 88.8405889567068 125.0 121.2 6772.447348415039 68
2458801.541545139 2458802.54639976 29.9896871692198 136.0 62.300000000000004 6713.59644662756 67
2458801.541545139 2458802.54639976 71.6870586614888 60.0 104.0 6755.29381811983 66
2458801.541545139 2458802.54639976 150.61593913166698 668.0 182.9 6834.22269859 65
2458801.547332176 2458802.55218667 -30.9481050351454 448.0 8.6 6659.84327149042 148
2458801.547332176 2458802.55218667 -91.9466611988051 563.0 -52.400000000000006 6598.84471532676 147
2458801.547332176 2458802.55218667 136.313862367131 765.0 175.8 6827.10523889269 146
2458801.547332176 2458802.55218667 -10.377070495640499 157.0 29.1 6680.41430602992 145
2458801.547332176 2458802.55218667 -37.0698293832206 178.0 2.4 6653.721547142341 144
2458801.547332176 2458802.55218667 12.1574403272513 310.0 51.7 6702.9488168528105 143
2458801.547332176 2458802.55218667 71.5760126671121 299.0 111.10000000000001 6762.36738919268 142
2458801.547332176 2458802.55218667 -30.3163966666569 398.0 9.2 6660.47497985891 141
2458801.547332176 2458802.55218667 -8.6062418632382 245.0 30.900000000000002 6682.18513466232 140
2458801.547332176 2458802.55218667 30.423157421044102 78.0 69.9 6721.214533946611 139
2458801.547332176 2458802.55218667 -63.4881532969027 138.0 -24.0 6627.30322322866 138
2458801.547332176 2458802.55218667 -41.3444753105665 111.0 -1.8 6649.446901214999 137
2458801.547332176 2458802.55218667 35.4258895950252 57.0 74.89999999999999 6726.21726612059 136
2458801.547332176 2458802.55218667 -6.7781921732504 89.0 32.7 6684.0131843523095 135
2458801.547332176 2458802.55218667 -7.4034683425444 145.0 32.099999999999994 6683.38790818302 134
2458801.547332176 2458802.55218667 5.96598565978468 59.0 45.5 6696.75736218535 133
2458801.547332176 2458802.55218667 -37.2409415118096 49.0 2.3 6653.550435013751 132
2458801.547332176 2458802.55218667 -2.006205451524 170.0 37.5 6688.78517107404 131
2458801.547332176 2458802.55218667 -0.26534735128525 151.0 39.199999999999996 6690.52602917428 130
2458801.547332176 2458802.55218667 18.0238930312644 163.0 57.5 6708.81526955683 129
2458801.547332176 2458802.55218667 1.3967997675772301 31.0 40.9 6692.18817629314 128
2458801.547332176 2458802.55218667 25.8488099664023 72.0 65.4 6716.64018649197 127
2458801.547332176 2458802.55218667 19.2898316041088 28.0 58.8 6710.08120812967 126
2458801.547332176 2458802.55218667 -3.7808450622645 88.0 35.7 6687.0105314633 125
2458801.547332176 2458802.55218667 24.632437277380102 37.0 64.10000000000001 6715.4238138029405 124
2458801.547332176 2458802.55218667 -69.8719534663468 225.0 -30.4 6620.91942305922 123
2458801.547332176 2458802.55218667 -33.6716179421819 50.0 5.8 6657.11975858338 122
2458801.547332176 2458802.55218667 20.940113832698298 96.0 60.400000000000006 6711.73149035826 121
2458801.547332176 2458802.55218667 0.224876399443907 100.0 39.699999999999996 6691.01625292501 120
2458801.547332176 2458802.55218667 -3.3605058008107997 244.0 36.1 6687.43087072475 119
2458801.547332176 2458802.55218667 -25.6802493222015 162.0 13.799999999999999 6665.11112720336 118
2458801.547332176 2458802.55218667 11.6125542330918 114.0 51.1 6702.40393075865 117
2458801.547332176 2458802.55218667 6.25766655880078 34.0 45.8 6697.04904308436 116
2458801.547332176 2458802.55218667 13.8021327659192 35.0 53.3 6704.59350929148 115
2458801.547332176 2458802.55218667 36.1758589785337 209.0 75.7 6726.9672355041 114
2458801.547332176 2458802.55218667 8.91091840530489 46.0 48.4 6699.70229493087 113
2458801.547332176 2458802.55218667 22.6205185000472 82.0 62.1 6713.41189502561 112
2458801.547332176 2458802.55218667 4.70986090534176 32.0 44.2 6695.5012374309 111
2458801.547332176 2458802.55218667 4.79164816168698 27.0 44.3 6695.583024687249 110
2458801.547332176 2458802.55218667 -3.2467318217018 119.0 36.3 6687.54464470386 109
2458801.547332176 2458802.55218667 14.7656440799393 43.0 54.300000000000004 6705.5570206055 108
2458801.547332176 2458802.55218667 0.318705082559489 52.0 39.800000000000004 6691.110081608121 107
2458801.547332176 2458802.55218667 17.304409410877 32.0 56.800000000000004 6708.09578593644 106
2458801.547332176 2458802.55218667 6.03222811854742 36.0 45.5 6696.82360464411 105
2458801.547332176 2458802.55218667 -38.8588475323211 41.0 0.6 6651.932528993239 104
2458801.547332176 2458802.55218667 -5.673187920558 38.0 33.8 6685.118188605 103
2458801.547332176 2458802.55218667 18.7791683616974 34.0 58.3 6709.57054488726 102
2458801.547332176 2458802.55218667 -9.8657586879556 42.0 29.6 6680.92561783761 101
2458801.547332176 2458802.55218667 -8.9957018156506 90.0 30.5 6681.795674709911 100
2458801.547332176 2458802.55218667 -16.6849437281984 90.0 22.8 6674.10643279736 99
2458801.547332176 2458802.55218667 7.16118555166734 90.0 46.699999999999996 6697.95256207723 98
2458801.547332176 2458802.55218667 14.2254954478993 66.0 53.699999999999996 6705.01687197346 97
2458801.547332176 2458802.55218667 -5.896908791149801 100.0 33.6 6684.89446773441 96
2458801.547332176 2458802.55218667 13.5307015086257 78.0 53.0 6704.32207803419 95
2458801.547332176 2458802.55218667 41.9473465623623 98.0 81.5 6732.73872308793 94
2458801.547332176 2458802.55218667 21.3596037618791 44.0 60.900000000000006 6712.15098028744 93
2458801.547332176 2458802.55218667 1.3913295325389499 58.0 40.9 6692.1827060581 92
2458801.547332176 2458802.55218667 -46.2664385083009 31.0 -6.8 6644.52493801726 91
2458801.547332176 2458802.55218667 -31.299934155947902 69.0 8.200000000000001 6659.49144236962 90
2458801.547332176 2458802.55218667 -22.4536286952581 66.0 17.1 6668.3377478303 89
2458801.547332176 2458802.55218667 -22.245953541235203 75.0 17.3 6668.54542298433 88
2458801.547332176 2458802.55218667 -9.617038465135499 22.0 29.9 6681.174338060429 87
2458801.547332176 2458802.55218667 -58.7098088647977 107.0 -19.2 6632.08156766077 86
2458801.547332176 2458802.55218667 2.72056848886848 91.0 42.2 6693.51194501443 85
2458801.547332176 2458802.55218667 41.488949573159 139.0 81.0 6732.28032609872 84
2458801.547332176 2458802.55218667 -38.6201537438824 17.0 0.9 6652.171222781681 83
2458801.547332176 2458802.55218667 6.5840925966576 80.0 46.1 6697.37546912222 82
2458801.547332176 2458802.55218667 -24.2324998565842 99.0 15.299999999999999 6666.558876668981 81
2458801.547332176 2458802.55218667 7.5575482010013 76.0 47.1 6698.348924726561 80
2458801.547332176 2458802.55218667 -10.355584299619 27.0 29.2 6680.4357922259405 79
2458801.547332176 2458802.55218667 -10.2592309848095 90.0 29.2 6680.532145540749 78
2458801.547332176 2458802.55218667 10.6440551638762 104.0 50.2 6701.43543168944 77
2458801.547332176 2458802.55218667 10.527168297779 89.0 50.0 6701.31854482334 76
2458801.547332176 2458802.55218667 -38.6943387474732 289.0 0.8 6652.09703777809 75
2458801.547332176 2458802.55218667 -36.2554005462732 74.0 3.3 6654.53597597929 74
2458801.547332176 2458802.55218667 38.0235273853069 117.0 77.5 6728.814903910869 73
2458801.547332176 2458802.55218667 44.720290953828 157.0 84.2 6735.51166747939 72
2458801.547332176 2458802.55218667 -25.8361681285901 126.0 13.700000000000001 6664.95520839697 71
2458801.547332176 2458802.55218667 -14.210112967481901 42.0 25.3 6676.58126355808 70
2458801.547332176 2458802.55218667 -24.504621949391797 38.0 15.0 6666.28675457617 69
2458801.547332176 2458802.55218667 -33.8828046547954 176.0 5.6 6656.90857187077 68
2458801.547332176 2458802.55218667 11.6760185052875 70.0 51.2 6702.467395030851 67
2458801.547332176 2458802.55218667 10.2898699598022 84.0 49.8 6701.08124648537 66
2458801.547332176 2458802.55218667 295.704228050072 1612.0 335.2 6986.49560457563 65
2458801.553130787 2458802.55798516 -107.095114545656 459.0 -60.699999999999996 6590.62282811591 148
2458801.553130787 2458802.55798516 -94.46682853060919 593.0 -48.0 6603.251114130951 147
2458801.553130787 2458802.55798516 155.019584594253 288.0 201.4 6852.73752725581 146
2458801.553130787 2458802.55798516 19.6282377191173 567.0 66.10000000000001 6717.34618038068 145
2458801.553130787 2458802.55798516 -127.47860714664 418.0 -81.0 6570.23933551492 144
2458801.553130787 2458802.55798516 55.7978852486816 88.0 102.2 6753.51582791024 143
2458801.553130787 2458802.55798516 11.2582186123404 158.0 57.7 6708.9761612739 142
2458801.553130787 2458802.55798516 -43.713594898688 281.0 2.7 6654.00434776287 141
2458801.553130787 2458802.55798516 38.5675197056701 431.0 85.0 6736.28546236723 140
2458801.553130787 2458802.55798516 21.9172604865312 210.0 68.4 6719.63520314809 139
2458801.553130787 2458802.55798516 -38.421814629258805 161.0 8.0 6659.2961280323 138
2458801.553130787 2458802.55798516 -78.27962314978531 106.0 -31.8 6619.438319511781 137
2458801.553130787 2458802.55798516 -9.757076083900499 48.0 36.7 6687.9608665776595 136
2458801.553130787 2458802.55798516 26.2316950913171 354.0 72.7 6723.94963775288 135
2458801.553130787 2458802.55798516 -0.53284678514043 156.0 45.900000000000006 6697.18509587642 134
2458801.553130787 2458802.55798516 25.564224635235 41.0 72.0 6723.282167296799 133
2458801.553130787 2458802.55798516 -12.1576417605551 113.0 34.3 6685.560300901009 132
2458801.553130787 2458802.55798516 43.4933529935115 158.0 89.89999999999999 6741.21129565507 131
2458801.553130787 2458802.55798516 36.3628589514775 124.0 82.8 6734.0808016130395 130
2458801.553130787 2458802.55798516 22.6363165451042 306.0 69.1 6720.35425920667 129
2458801.553130787 2458802.55798516 -3.1668479655007 28.0 43.3 6694.551094696059 128
2458801.553130787 2458802.55798516 22.249305337656 49.0 68.7 6719.96724799922 127
2458801.553130787 2458802.55798516 23.7879573206987 34.0 70.2 6721.5058999822595 126
2458801.553130787 2458802.55798516 2.11224024829626 101.0 48.5 6699.83018290986 125
2458801.553130787 2458802.55798516 5.30082318424885 76.0 51.7 6703.01876584581 124
2458801.553130787 2458802.55798516 12.1932835858303 360.0 58.6 6709.91122624739 123
2458801.553130787 2458802.55798516 31.4762431935804 57.0 77.89999999999999 6729.19418585514 122
2458801.553130787 2458802.55798516 -37.5570824092915 68.0 8.9 6660.16086025227 121
2458801.553130787 2458802.55798516 20.3579492731247 63.0 66.8 6718.07589193469 120
2458801.553130787 2458802.55798516 11.8777559475118 238.0 58.3 6709.5956986090705 119
2458801.553130787 2458802.55798516 -37.0249817646959 50.0 9.4 6660.692960896869 118
2458801.553130787 2458802.55798516 35.4535906734208 263.0 81.9 6733.17153333498 117
2458801.553130787 2458802.55798516 3.47837386838457 34.0 49.9 6701.19631652995 116
2458801.553130787 2458802.55798516 29.852147811410198 33.0 76.30000000000001 6727.570090472969 115
2458801.553130787 2458802.55798516 26.1566523014052 95.0 72.6 6723.87459496297 114
2458801.553130787 2458802.55798516 41.189426138847 33.0 87.6 6738.90736880041 113
2458801.553130787 2458802.55798516 43.4538415689065 51.0 89.89999999999999 6741.171784230471 112
2458801.553130787 2458802.55798516 10.488019690436401 43.0 56.9 6708.205962352 111
2458801.553130787 2458802.55798516 21.1894660709708 31.0 67.6 6718.90740873253 110
2458801.553130787 2458802.55798516 2.59559957830469 37.0 49.0 6700.31354223987 109
2458801.553130787 2458802.55798516 22.1579767228972 179.0 68.6 6719.87591938446 108
2458801.553130787 2458802.55798516 25.450997506554 63.0 71.9 6723.16894016812 107
2458801.553130787 2458802.55798516 4.40409245910356 33.0 50.8 6702.12203512067 106
2458801.553130787 2458802.55798516 8.66748684734731 32.0 55.1 6706.38542950891 105
2458801.553130787 2458802.55798516 10.4087271770634 72.0 56.800000000000004 6708.12666983862 104
2458801.553130787 2458802.55798516 10.2819244448824 67.0 56.7 6707.99986710644 103
2458801.553130787 2458802.55798516 17.983827658966298 36.0 64.4 6715.70177032053 102
2458801.553130787 2458802.55798516 -1.5958123854087 41.0 44.8 6696.12213027615 101
2458801.553130787 2458802.55798516 9.84298953958973 69.0 56.300000000000004 6707.56093220115 100
2458801.553130787 2458802.55798516 -16.654166041997 54.0 29.8 6681.0637766195705 99
2458801.553130787 2458802.55798516 5.40428695254658 89.0 51.8 6703.12222961411 98
2458801.553130787 2458802.55798516 -5.398247409091 58.0 41.0 6692.31969525247 97
2458801.553130787 2458802.55798516 -33.1003017392231 112.0 13.299999999999999 6664.61764092234 96
2458801.553130787 2458802.55798516 14.2550007665907 50.0 60.699999999999996 6711.97294342815 95
2458801.553130787 2458802.55798516 19.0375651000023 69.0 65.5 6716.75550776156 94
2458801.553130787 2458802.55798516 21.8346170414803 35.0 68.3 6719.55255970304 93
2458801.553130787 2458802.55798516 17.817989924397498 58.0 64.3 6715.53593258596 92
2458801.553130787 2458802.55798516 -70.55877960634491 36.0 -24.1 6627.15916305522 91
2458801.553130787 2458802.55798516 17.6599758454463 62.0 64.10000000000001 6715.37791850701 90
2458801.553130787 2458802.55798516 -11.086806906063401 38.0 35.3 6686.6311357555005 89
2458801.553130787 2458802.55798516 28.8419141692309 69.0 75.30000000000001 6726.5598568307905 88
2458801.553130787 2458802.55798516 -32.7626199019546 37.0 13.700000000000001 6664.95532275961 87
2458801.553130787 2458802.55798516 1.60513309800425 102.0 48.0 6699.32307575957 86
2458801.553130787 2458802.55798516 41.1541601108274 105.0 87.6 6738.8721027723905 85
2458801.553130787 2458802.55798516 -55.9046818841118 159.0 -9.5 6641.8132607774505 84
2458801.553130787 2458802.55798516 -39.317180524904 17.0 7.1000000000000005 6658.40076213666 83
2458801.553130787 2458802.55798516 48.415897789809 82.0 94.8 6746.13384045137 82
2458801.553130787 2458802.55798516 -37.1233964027402 94.0 9.299999999999999 6660.59454625882 81
2458801.553130787 2458802.55798516 6.56137100341958 99.0 53.0 6704.27931366498 80
2458801.553130787 2458802.55798516 12.4587171953108 40.0 58.9 6710.17665985687 79
2458801.553130787 2458802.55798516 16.4931059344413 132.0 62.9 6714.211048596 78
2458801.553130787 2458802.55798516 -17.209694784100698 130.0 29.2 6680.508247877459 77
2458801.553130787 2458802.55798516 -28.0706387625953 99.0 18.4 6669.647303898971 76
2458801.553130787 2458802.55798516 -42.455024061975 391.0 4.0 6655.26291859959 75
2458801.553130787 2458802.55798516 -54.9103517041658 63.0 -8.5 6642.8075909574 74
2458801.553130787 2458802.55798516 -33.2670906540446 130.0 13.2 6664.45085200752 73
2458801.553130787 2458802.55798516 26.6512536513916 152.0 73.1 6724.36919631295 72
2458801.553130787 2458802.55798516 -66.51139466555641 160.0 -20.1 6631.20654799601 71
2458801.553130787 2458802.55798516 -29.9905954041071 48.0 16.400000000000002 6667.72734725745 70
2458801.553130787 2458802.55798516 -45.636238196719304 50.0 0.8 6652.08170446484 69
2458801.553130787 2458802.55798516 44.5997311288586 124.0 91.0 6742.31767379042 68
2458801.553130787 2458802.55798516 38.1341786509051 93.0 84.6 6735.8521213124695 67
2458801.553130787 2458802.55798516 38.2302588400529 50.0 84.7 6735.948201501609 66
2458801.553130787 2458802.55798516 542.1255001463941 1905.0 588.5 7239.84344280796 65
