2458801.500225695 -0.46439720192938694 6.217739194286168
2458801.506174769 -6.845908353563573 4.7271174843034
2458801.5119039356 0.5724707893232335 5.85223944470028
2458801.5176678244 -4.6514812673804045 4.821703860161594
2458801.523420139 0.9628011521499502 5.006569934385373
2458801.529172454 -2.311336460327766 5.900350138311208
2458801.5349247684 1.8709121485608193 4.402789649967048
2458801.541545139 7.100024749532167 4.625969557012083
2458801.547332176 1.0321993890865997 4.657138832201314
2458801.553130787 7.3289083917434255 4.916290236019788
