202008270001 2458801.194982639 2458802.19984462 0.0336673923699848 0.0 0.0 6115.48765632903 86
202008270001 2458801.194982639 2458802.19984462 5.34349066385431 0.0 0.0 6120.79747960051 89
202008270001 2458801.194982639 2458802.19984462 -0.005550470411286299 0.0 -0.0 6115.44843846625 90
202008270001 2458801.194982639 2458802.19984462 0.00537282530022054 0.0 0.0 6115.45936176196 92
202008270001 2458801.194982639 2458802.19984462 -0.010620502798098001 0.0 -0.0 6115.44336843386 93
202008270001 2458801.194982639 2458802.19984462 -0.014359921281404 0.0 -0.0 6115.43962901538 94
202008270001 2458801.194982639 2458802.19984462 0.00617868912122788 0.0 0.0 6115.46016762578 95
202008270001 2458801.194982639 2458802.19984462 -0.047188121376606995 0.0 -0.0 6115.40680081528 98
202008270001 2458801.194982639 2458802.19984462 0.016030517455689598 0.0 0.0 6115.47001945412 99
202008270001 2458801.194982639 2458802.19984462 0.016423464270332 0.0 0.0 6115.4704124009295 100
202008270001 2458801.194982639 2458802.19984462 0.0196040502089545 0.0 0.0 6115.47359298687 101
202008270001 2458801.194982639 2458802.19984462 -0.0032053041776336 0.0 -0.0 6115.45078363248 102
202008270001 2458801.194982639 2458802.19984462 0.00514216958080738 0.0 0.0 6115.45913110624 103
202008270001 2458801.194982639 2458802.19984462 -0.0057216149578209995 0.0 -0.0 6115.4482673217 104
202008270001 2458801.194982639 2458802.19984462 -0.0027425282578264 0.0 -0.0 6115.4512464084 105
202008270001 2458801.194982639 2458802.19984462 -0.0041841098630258 0.0 -0.0 6115.4498048268 106
202008270002 2458801.194982639 2458802.19984462 10.3030735764573 0.0 5.0 6125.75706251312 89
202008270002 2458801.194982639 2458802.19984462 5.01113301295231 0.0 5.0 6120.46512194961 90
202008270002 2458801.194982639 2458802.19984462 5.01469409761945 0.0 5.0 6120.46868303428 92
202008270002 2458801.194982639 2458802.19984462 4.95207090335015 0.0 5.0 6120.40605984001 93
202008270002 2458801.194982639 2458802.19984462 4.91502400016053 0.0 4.8999999999999995 6120.36901293682 94
202008270002 2458801.194982639 2458802.19984462 4.95708994518029 0.0 5.0 6120.411078881841 95
202008270002 2458801.194982639 2458802.19984462 4.85804404936108 0.0 4.8999999999999995 6120.31203298602 98
202008270002 2458801.194982639 2458802.19984462 4.98532133987517 0.0 5.0 6120.43931027653 99
202008270002 2458801.194982639 2458802.19984462 4.98713509929516 0.0 5.0 6120.4411240359495 100
202008270002 2458801.194982639 2458802.19984462 5.02539652300538 0.0 5.0 6120.47938545967 101
202008270002 2458801.194982639 2458802.19984462 4.98397821131746 0.0 5.0 6120.43796714798 102
202008270002 2458801.194982639 2458802.19984462 4.99820743920676 0.0 5.0 6120.45219637587 103
202008270002 2458801.194982639 2458802.19984462 4.99878617537597 0.0 5.0 6120.4527751120395 104
202008270002 2458801.194982639 2458802.19984462 4.97278758130015 0.0 5.0 6120.42677651796 105
202008270002 2458801.194982639 2458802.19984462 4.96614742583734 0.0 5.0 6120.4201363625 106
202008270003 2458801.194982639 2458802.19984462 0.528291242106072 2.0 -4.8 6115.9822801787695 89
202008270003 2458801.194982639 2458802.19984462 -3.5528092409827 1.0 -3.5 6111.90117969568 90
202008270003 2458801.194982639 2458802.19984462 2.6353620606220898 3.0 2.6 6118.089350997279 92
202008270003 2458801.194982639 2458802.19984462 -2.9614654237093 1.0 -3.0 6112.49252351295 93
202008270003 2458801.194982639 2458802.19984462 -19.8635640099827 3.0 -19.8 6095.5904249266805 94
202008270003 2458801.194982639 2458802.19984462 6.7097558209408 1.0 6.7 6122.1637447576 95
202008270003 2458801.194982639 2458802.19984462 -6.8259391807031 1.0 -6.8 6108.62804975596 98
202008270003 2458801.194982639 2458802.19984462 12.3399507671236 1.0 12.3 6127.79393970378 99
202008270003 2458801.194982639 2458802.19984462 -1.9340204714107 1.0 -2.0 6113.519968465251 100
202008270003 2458801.194982639 2458802.19984462 7.54999739604312 2.0 7.5 6123.0039863327 101
202008270003 2458801.194982639 2458802.19984462 1.02666522766182 3.0 1.0 6116.48065416432 102
202008270003 2458801.194982639 2458802.19984462 -4.3336228525623 1.0 -4.3 6111.120366084099 103
202008270003 2458801.194982639 2458802.19984462 -1.6653130151933 2.0 -1.7 6113.788675921471 104
202008270003 2458801.194982639 2458802.19984462 3.18990813613684 3.0 3.2 6118.6438970727995 105
202008270003 2458801.194982639 2458802.19984462 -2.4996476071548 1.0 -2.5 6112.9543413295 106
202008270004 2458801.194982639 2458802.19984462 -4.3731662294757 1.0 -9.700000000000001 6111.08082270718 89
202008270004 2458801.194982639 2458802.19984462 -2.3322283665008 4.0 -2.3 6113.12176057016 90
202008270004 2458801.194982639 2458802.19984462 12.6007325866082 2.0 12.6 6128.05472152327 92
202008270004 2458801.194982639 2458802.19984462 3.4997951271114 0.0 3.5 6118.9537840637695 93
202008270004 2458801.194982639 2458802.19984462 6.7040912093663305 1.0 6.7 6122.15808014603 94
202008270004 2458801.194982639 2458802.19984462 1.2557781832738302 1.0 1.2 6116.709767119931 95
202008270004 2458801.194982639 2458802.19984462 4.4480452868445 1.0 4.5 6119.9020342235 98
202008270004 2458801.194982639 2458802.19984462 5.03787263429167 1.0 5.0 6120.49186157095 99
202008270004 2458801.194982639 2458802.19984462 -2.3340687528437 0.0 -2.4 6113.11992018382 100
202008270004 2458801.194982639 2458802.19984462 2.08878375894539 2.0 2.1 6117.5427726956 101
202008270004 2458801.194982639 2458802.19984462 10.1463662803143 4.0 10.1 6125.60035521697 102
202008270004 2458801.194982639 2458802.19984462 3.64204420382741 4.0 3.6 6119.09603314049 103
202008270004 2458801.194982639 2458802.19984462 2.22906597143524 4.0 2.2 6117.68305490809 104
202008270004 2458801.194982639 2458802.19984462 1.46308089321234 1.0 1.5 6116.917069829869 105
202008270004 2458801.194982639 2458802.19984462 1.63481582552816 1.0 1.6 6117.08880476219 106
