2458801.500225695 -108.43627750258625 8.074709747105464
2458801.506174769 -121.78095284522531 2.302715787933891
2458801.5119039356 -135.47314165773503 4.2662923012845715
2458801.5176678244 -135.4500949696012 9.420323773629017
2458801.523420139 -139.78995141754936 4.384204602889788
2458801.529172454 -137.726244455243 5.866110295587699
2458801.5349247684 -137.63114514596305 9.420323773629017
2458801.541545139 -139.8117328781619 3.919343057197213
2458801.547332176 -144.1069411154363 7.293318860436585
2458801.553130787 33.67856798906985 4.119883190091681
