2458737.6209085654 168.605182856324 5.9927821168469
2458737.6289525465 175.86999115808794 1.3481468762712763
2458737.636996528 171.71829260752702 2.7126440053939995
2458737.647297454 nan 17.12553160004943
2458737.6567650465 168.10638785779 2.388187073911925
2458739.5693807867 76.240237620928 15.65577968355457
2458739.57322338 85.67497100122937 15.884849306808045
2458739.5770891206 96.03145380505056 18.781664928860813
2458739.5809664354 87.25409339271455 20.94498746717219
2458739.58484375 86.38172333685421 19.347383544035093
2458739.5887094913 88.09610472604307 17.744814383362822
2458739.592586806 92.56261233504561 16.50624881673604
2458739.596452547 93.75764225835091 15.677053294544866
2458739.6003298615 88.70854106466224 13.852481727113025
2458739.6042071762 90.37907340441343 19.539471269714543
2458742.6323668985 13.539572428288665 18.406724314771488
2458742.636846065 10.3948852202996 21.932709590928336
2458742.640711806 12.32306989902591 18.881571703647975
2458742.6449247687 4.755740920601312 18.228309027444094
2458742.6487673614 19.859279297898183 18.21958938889678
2458742.6528298617 26.139351145168035 16.320721108455963
2458742.656707176 20.310855682215134 18.793374829976656
