2458801.194982639 -5676.875862920715 0.0 86
2458801.194982639 -5676.875862920715 0.0 89
2458801.194982639 -5676.875862920715 0.0 90
2458801.194982639 -5676.875862920715 0.0 92
2458801.194982639 -5676.875862920715 0.0 94
2458801.194982639 -5676.875862920715 0.0 95
2458801.194982639 -5676.875862920715 0.0 98
2458801.194982639 -5676.875862920715 0.0 99
2458801.194982639 -5676.875862920715 0.0 100
2458801.194982639 -5676.875862920715 0.0 101
2458801.194982639 -5676.875862920715 0.0 102
2458801.194982639 -5676.875862920715 0.0 103
2458801.194982639 -5676.875862920715 0.0 104
2458801.194982639 -5676.875862920715 0.0 105
2458801.194982639 -5676.875862920715 0.0 106
2458801.194982639 -5671.875957595517 1.0 86
2458801.194982639 -5671.775959501661 1.0 90
2458801.194982639 -5671.875957595517 1.0 92
2458801.194982639 -5671.875957595517 1.0 94
2458801.194982639 -5671.875957595517 1.0 95
2458801.194982639 -5671.875957595517 1.0 98
2458801.194982639 -5671.875957595517 2.0 99
2458801.194982639 -5671.875957595517 1.0 100
2458801.194982639 -5671.875957595517 1.0 101
2458801.194982639 -5671.875957595517 1.0 102
2458801.194982639 -5671.875957595517 1.0 103
2458801.194982639 -5671.875957595517 1.0 104
2458801.194982639 -5671.875957595517 1.0 105
2458801.194982639 -5671.875957595517 1.0 106
