2458801.194982639 2458802.19984462 -0.00024126168884918998 0.0 -0.0 6115.45374767497 86
2458801.194982639 2458802.19984462 -0.0004685890431233 0.0 -0.0 6115.45352034762 89
2458801.194982639 2458802.19984462 -0.00025084738108915996 0.0 -0.0 6115.45373808928 90
2458801.194982639 2458802.19984462 -0.00025544052562054 0.0 -0.0 6115.45373349613 92
2458801.194982639 2458802.19984462 -0.00035362730343991 0.0 -0.0 6115.45363530936 93
2458801.194982639 2458802.19984462 -0.00021017475670959 0.0 -0.0 6115.4537787619 94
2458801.194982639 2458802.19984462 -0.00032373858260826 0.0 -0.0 6115.45366519808 95
2458801.194982639 2458802.19984462 -0.00013508683416319002 0.0 -0.0 6115.45385384983 98
2458801.194982639 2458802.19984462 -0.00019692786246139 0.0 -0.0 6115.4537920088005 99
2458801.194982639 2458802.19984462 -0.00015086328541969 0.0 -0.0 6115.45383807337 100
2458801.194982639 2458802.19984462 -0.00030669735195943 0.0 -0.0 6115.45368223931 101
2458801.194982639 2458802.19984462 -0.00033052844816694 0.0 -0.0 6115.45365840821 102
2458801.194982639 2458802.19984462 -0.00020358459273950001 0.0 -0.0 6115.45378535207 103
2458801.194982639 2458802.19984462 -0.00026755577486881 0.0 -0.0 6115.45372138088 104
2458801.194982639 2458802.19984462 -0.00052656916782468 0.0 -0.0 6115.45346236749 105
2458801.194982639 2458802.19984462 -0.00067008828175119 0.0 -0.0 6115.45331884838 106
2458801.194982639 2458802.19984462 5.0032947125267 1.0 5.0 6120.457283649191 86
2458801.194982639 2458802.19984462 5.05984829972306 1.0 5.1000000000000005 6120.51383723638 90
2458801.194982639 2458802.19984462 5.02743614529866 1.0 5.0 6120.48142508196 92
2458801.194982639 2458802.19984462 4.98375188247291 1.0 5.0 6120.43774081913 93
2458801.194982639 2458802.19984462 4.95740181301407 1.0 5.0 6120.411390749669 94
2458801.194982639 2458802.19984462 4.99135027432285 1.0 5.0 6120.44533921098 95
2458801.194982639 2458802.19984462 5.00193860334441 1.0 5.0 6120.45592754 98
2458801.194982639 2458802.19984462 4.96756098260587 2.0 5.0 6120.42154991927 99
2458801.194982639 2458802.19984462 5.0123375483766 1.0 5.0 6120.466326485041 100
2458801.194982639 2458802.19984462 5.01634343579038 1.0 5.0 6120.47033237245 101
2458801.194982639 2458802.19984462 4.98790980961594 1.0 5.0 6120.44189874628 102
2458801.194982639 2458802.19984462 4.99459902518407 1.0 5.0 6120.44858796184 103
2458801.194982639 2458802.19984462 5.01787015698163 1.0 5.0 6120.47185909364 104
2458801.194982639 2458802.19984462 4.99231989372007 1.0 5.0 6120.44630883038 105
2458801.194982639 2458802.19984462 4.98691629255621 1.0 5.0 6120.44090522922 106
