2458730.535190972 3.9033402000376896 45.75735938075973
2458730.5396238426 10.081836569499984 46.97577500691181
2458730.545943287 8.598415530619349 50.85180367990893
2458730.549809028 1.8273506896942138 49.811293900078525
2458730.555318287 8.047785078706994 48.65674092559016
2458730.558269676 2.2571495190482267 48.87573528858671
2458730.5612210645 6.349159908143321 48.99108018302924
2458730.5641608797 3.0890246310861187 50.588190321457446
2458730.5671006944 1.8909196939386845 53.60859014654275
2458730.5700520836 12.908855340038997 50.48962764766642
2458730.5729918983 12.459478166681635 49.31331906797594
2458730.575943287 19.250639365215505 48.41976288149292
2458731.590572917 62.0181716078672 57.08527338552386
2458731.5959201395 65.64425631775384 51.822976926263124
2458731.602158565 72.30070866505082 55.364395147061835
2458731.608686343 74.9172053654247 54.59703517591408
2458731.6144155096 64.66243838961896 55.745380974570416
2458731.6201331024 69.24745154687548 53.235584903333226
2458737.5953530096 -121.8150388099404 171.17808709060867
2458737.6014525467 -103.0913365163176 171.9308609223487
2458737.6071817135 -124.30539146242938 174.86768122640615
2458737.6129108802 -117.24217808325432 170.09322811329088
2458737.6209085654 -120.22401115841774 174.79448646911035
2458737.6289525465 -105.0755047107969 172.1561101152091
2458737.636996528 -108.21073561508854 175.01226653437755
2458737.647297454 -112.55778039409984 172.75871902743432
2458737.6567650465 -106.30009977876216 174.78756749265665
2458739.552193287 -104.62498566485763 58.34518778356961
2458739.5567534724 -106.73354970333342 58.45834788548168
2458739.561290509 -101.20584616400856 56.00796818310767
2458739.5693807867 -103.04126505558608 57.099482812894195
2458739.57322338 -97.78881559942577 57.31996543526522
2458739.5770891206 -92.16727440662349 57.89458901745482
2458739.5809664354 -96.1573592781903 58.02181701739442
2458739.58484375 -100.33400303424254 60.11689394421505
2458739.5887094913 -90.8733138604978 56.70783400465937
2458739.592586806 -98.35836064651929 59.264639541635624
2458739.596452547 -90.74607109301483 55.856520993524114
2458739.6003298615 -96.00924497892518 57.754098880512366
2458739.6042071762 -93.52540541420441 57.68676191293805
2458740.5427372684 15.935306220218635 57.64064050216653
2458740.5479918984 28.6329203490221 57.83318683939179
2458740.55353588 13.599479506775168 59.09695423623793
2458740.558616898 30.03031531881288 57.71647024463641
2458740.5628182874 14.49642590765383 56.80358703462309
2458740.5668460648 21.963530311267064 58.80529312910531
2458740.571707176 21.73796679661291 58.596992243629714
2458740.5817650463 25.799356657969227 55.54922366694246
2458740.586371528 28.83758561704292 57.185758170194795
2458740.5909664356 18.850416776943106 58.42745501902338
2458740.5957233803 8.732766681301655 57.316402538889335
2458740.6006655097 21.924006333806503 59.63057887946419
2458740.6048668986 21.09210663397259 57.32618293589764
2458740.608987269 27.933404458586452 57.831617109501614
2458740.613234954 15.399127932736818 60.224797633532994
2458740.6181655093 19.49407065547321 59.03158847176654
2458740.6244270834 24.360400985672285 57.52106950935458
2458740.6296585654 25.520925797520277 58.01431935307007
2458740.634369213 23.677030185680977 60.42594641377162
2458740.63853588 30.299426102325228 57.61208640554515
2458740.642795139 29.113675476123532 59.60462177969088
2458740.6468576393 32.343579814774714 59.861953171442714
2458742.5982349543 -39.96082034781538 63.18993936933316
2458742.606336806 -47.770136227850145 67.42865674177413
2458742.614508102 -49.917188449835606 67.11857743948391
2458742.6205034726 -56.44321637180684 67.84048155415762
2458742.6265104166 -53.2907561431192 65.4634344500806
2458742.6323668985 -57.50384204864375 63.60397737170216
2458742.636846065 -62.442504448598186 66.90981570367684
2458742.640711806 -49.572339156696664 64.11695368621314
2458742.6449247687 -60.10122984320198 63.89502132404372
2458742.6487673614 -44.49768356904483 63.95256054295247
2458742.6528298617 -48.57319095792704 62.52562224800326
2458742.656707176 -45.40176309217662 64.8683353994844
2458745.4256886574 -25.765423372511663 62.512018844379035
2458745.432644676 -27.08197270007996 61.029398653435884
2458745.4372048615 -14.254546497795957 58.84612083646637
2458745.44177662 -30.84129216354026 62.258754404501225
2458745.44634838 -23.781057964057 57.556458694919726
2458745.450920139 -25.67937940977413 59.575078682281244
2458745.455480324 -21.406016828962635 58.878189934813726
2458745.462482639 -26.145624497464425 59.62332544818345
2458745.4670543983 -20.26060336222342 60.75844334329181
2458745.471626158 -22.343758723656236 61.62155416329582
2458746.545503472 -33.788513626755474 66.14095743183644
2458746.553767361 -39.84292267009569 65.50865162327798
2458746.5594849535 -27.597591752548965 63.21168800150808
2458746.5652141203 -34.185343846891456 65.33638678026205
2458746.5731539354 -19.548104642324063 63.328160698854965
2458746.5811863425 -28.689702601009685 64.20146756500198
2458746.5892303246 -25.98512462972772 62.426316566012446
2458746.5972627318 -32.77710681914013 61.19073663553986
2458746.610596065 -28.468787046345525 58.989434965085074
2458746.6186284726 -34.312558476492526 61.39850110141127
2458747.56640625 -112.51993871610247 61.07495395004404
2458747.575572917 -118.4021079391426 61.1935045572649
2458747.584670139 -113.41581590633376 60.083670826606465
2458747.59384838 -112.78544155167859 62.32506267545986
2458747.604299769 -115.6654863609787 60.657777221886406
2458747.6115219914 -109.33663444668109 58.99962658780138
2458747.616059028 -116.79643426544311 60.83719051698557
2458747.623859954 -113.22255143939749 60.66601962795977
2458747.628431713 -117.43858353144282 61.59621538698624
2458747.6364988424 -117.9629629520161 60.10935867233988
2458747.64103588 -121.85776852720272 63.3320021789932
2458747.6472395835 -115.99611799535519 61.37761196071414
2458747.65177662 -113.3853967651535 61.020967195710696
2458748.588813658 -152.5027974197992 65.09167333461325
2458748.5957349543 -149.34716781443913 62.213071375716545
2458748.6042418987 -149.75052847660035 63.12413365742139
2458748.612609954 -145.91898851650217 58.98710399316108
2458748.6203298615 -145.78740616262982 59.55109150972801
2458748.6301909727 -145.2424490935862 58.450457119683854
2458748.642760417 -150.65210734204976 59.93106456588269
2458748.6589178243 -136.45857364337192 57.31245501634004
2458756.591822917 -165.43209085411746 68.07949397579274
2458756.6009548614 -161.57705357238427 67.29306009909195
2458756.6105381944 -158.67447994810829 68.28997684506855
2458756.6184548615 -161.83569022573306 68.41492892636812
2458756.626371528 -157.56808630438138 66.3245900854276
2458756.6381423613 -147.7616491719911 66.83361803763134
2458757.550978009 -156.55422193268313 60.993124612533165
2458757.557424769 -157.18851375115113 63.661789461968475
2458757.564103009 -155.78187913026025 61.3127841481693
2458757.5703761578 -157.38579479430555 60.866480409992505
2458757.578396991 -148.89253891538146 60.92304572163148
2458757.5839409726 -156.56906756350622 62.438917651573696
2458757.590283565 -145.63845946444113 62.233451615670496
2458757.5948437504 -146.14901204118163 63.230194527614735
2458757.600399306 -154.624862234376 63.47665663454559
2458757.604971065 -150.89345505177965 62.33496209993234
2458767.5533738425 -138.0849076887912 38.388377147256435
2458767.56078125 -141.5030984593269 38.7422693901635
2458767.5676099537 -151.3694255438998 38.756838106326484
2458767.575966435 -144.0006598231454 40.14076403732246
2458767.5837789355 -140.65108707217553 39.460312340375616
2458767.5909317136 -135.0303249357844 40.197092556551894
2458767.598350695 -135.3237372435935 37.89925790830211
2458768.490561343 -44.62753541794264 34.897112165621955
2458768.4982118057 -45.11856112441366 34.32204102322588
2458768.5066145835 -57.19967250826624 36.929641719085225
2458768.515260417 -37.15046990620391 33.648476934327945
2458768.523894676 -50.91196532163447 34.69266853385597
2458768.536371528 -47.18225431658931 31.952229969127355
2458768.545063657 -48.7847186762348 34.05170241705986
2458768.5536631946 -45.678501806464446 33.80622631261881
2458768.5615104167 -47.64840514028318 33.07923725692598
2458768.5682465276 -43.834705742598594 34.702701623937
2458768.574832176 -47.59986902708254 35.21939717683993
2458770.5433854167 -181.05166465200094 34.249685217531564
2458770.555862269 -195.25386117903838 37.7634868292111
2458770.5604224536 -190.31401811474453 35.92445197911863
2458770.564994213 -193.17479553314783 36.71806435530065
2458770.5788020836 -196.62224676854427 36.246150657690535
2458770.5833738428 -196.81762608205125 38.321485487908745
2458770.5879340284 -195.59496509936255 37.86348422292909
2458770.5946701393 -203.61061526561264 39.95892813252128
2458770.6003877316 -204.82819233299304 40.09380796956059
2458770.6061053243 -192.65287093411962 39.37894424689418
2458770.611834491 -194.89009573056384 40.17270139659518
2458773.6249131947 -76.85566559389423 35.33342963823353
2458773.6311053243 -60.14760540291471 37.17475621977904
2458773.639149306 -73.00969593089313 36.298979841036854
2458773.6471817135 -75.08215370369103 37.83540009039154
2458773.65515625 -78.47478194100354 37.31295016478863
2458773.6620428246 -89.56678076053322 37.871076529457156
2458773.668917824 -91.26895650809502 36.17488769851263
2458775.5548784724 -307.6677269280921 40.047924415629836
2458775.5627141204 -328.8181826670208 40.187606920542066
2458775.571672454 -313.522768629853 41.22415857237114
2458775.5807928243 -325.20496227500786 44.14729252740196
2458775.589797454 -323.35243908184316 43.21113861031667
2458775.599496528 -310.4137695310019 41.12825974922839
2458776.527667824 -236.99488975562696 31.943348290371816
2458776.545063657 -260.9009521681093 33.33725393609978
2458776.562019676 -272.6044149011477 35.52715070900001
2458776.5716493055 -253.717144839757 34.78797834741191
2458793.5591030093 -274.20598279523904 5.290675760240841
2458793.5651793983 -270.40481975545765 3.126699537851374
2458793.5721006948 -269.16994908007325 3.632965386567838
2458793.5790104168 -266.2378214277963 2.102007968586228
2458793.585931713 nan 58.989434965085074
2458793.593859954 -272.6040605833243 2.747441992108296
2458798.4992534723 -383.06421044357194 80.04682028350658
2458798.5056076394 -368.7386667045721 75.37576699443927
2458798.513674769 -374.75797314925654 70.61410092892211
2458798.5217534727 -376.42155517146176 69.8112276070261
2458798.530769676 -370.8491321057759 76.21512932154612
2458798.5388252316 -372.9383093155166 71.05607600691161
2458798.548258102 -379.26929507049806 58.711987702683004
2458798.5563368057 -371.6197309927678 61.66083390208083
2458798.5644502314 -376.3355702531385 63.294411285673554
2458801.500225695 -240.8324178667654 73.35538494207499
2458801.506174769 -235.18003229977003 80.39392662073425
2458801.5119039356 -231.67497471715004 82.71505871061206
2458801.5176678244 -236.5223603831454 79.30589511505435
2458801.523420139 -237.75298098903184 82.36545088809993
2458801.529172454 -239.30247247747607 78.10749603911266
2458801.5349247684 -236.1360166153399 89.63148163452391
2458801.541545139 -240.0683252077783 84.43715673505358
2458801.547332176 -240.7183514673294 87.89385644059544
2458801.553130787 -237.24672367411438 89.70863078600631
2458870.342494213 257.71789123684323 62.75907055956136
2458870.3482465283 270.88795393944645 62.628974424782015
2458870.3528761575 262.20294628845005 60.61502495256436
2458870.357505787 275.95980073628124 58.64515112095799
2458870.362262732 257.06962018815415 60.832503133604504
2458870.366857639 259.1248329313361 60.407325714684646
2458870.3714525467 266.2932448543156 55.530360502161344
2458870.376359954 252.10216708700602 55.55048098351625
2458870.3809895837 252.8059407246925 56.99301218131922
2458870.385746528 246.59997151148525 59.72690976435999
2458870.3903414356 253.4477264182054 56.41086996315516
2458871.346197917 230.74085359929262 82.07844380530128
2458871.35197338 251.58594591820702 77.2510355917641
2458871.3566030096 251.25923833661935 74.85740611322304
2458871.3613715284 241.0779258832561 77.47382420856738
2458871.3659780095 234.75632954339198 74.20955127205661
2458871.370873843 249.9077098727768 77.18540179334433
2458871.3755150465 235.26080719285446 78.10990654200018
2458871.3802719912 229.8589927775785 78.61337950692618
2458871.3848784724 228.14927869625706 78.073579077688
2458871.3897743057 226.242373565746 71.80867809673146
2458871.3944039354 231.82839347897718 71.80760753569221
2458871.3991724537 223.0144310376134 74.14723528224098
2458871.4037442133 230.6083828573497 76.49285914384427
2458901.2625057874 323.51765639684015 45.788818913573216
2458901.2705266206 312.38037395063975 49.170189139355564
2458901.285167824 313.41553281360586 43.361936073012245
2458904.33140625 456.1876893060284 47.597400139083234
2458904.337320602 454.8096189911181 45.653176231232806
2458904.343049769 451.01775862648856 42.432545734377044
2458904.3484317134 459.811184117455 38.349262541801245
2458904.353686343 449.9149794400668 38.010668732607165
2458904.3589525465 453.8102464178784 36.80993412110378
2458904.366047454 453.99538803580987 36.467468379365194
