202008270001 2458801.194982639 -1991653.2686628844 1127.0 86
202008270001 2458801.194982639 -1824366.4364695835 3334.0 89
202008270001 2458801.194982639 2070952.0003073313 2476.0 90
202008270001 2458801.194982639 1464609.8822309843 4532.0 92
202008270001 2458801.194982639 1462160.828607178 2097.0 94
202008270001 2458801.194982639 1996194.715939508 1969.0 95
202008270001 2458801.194982639 1352762.0002247316 4769.0 98
202008270001 2458801.194982639 -1697436.8400564336 3476.0 99
202008270001 2458801.194982639 -1754099.7670658187 893.0 100
202008270001 2458801.194982639 -2136974.5168047845 406.0 101
202008270001 2458801.194982639 -1805451.7946444303 2772.0 102
202008270001 2458801.194982639 1723663.0767016623 4162.0 103
202008270001 2458801.194982639 1966782.3729027598 3424.0 104
202008270001 2458801.194982639 -2073356.721495405 1885.0 105
202008270001 2458801.194982639 1903025.3802293583 2559.0 106
202008270002 2458801.194982639 -1991648.268757526 1127.0 86
202008270002 2458801.194982639 -1824361.4365642918 3334.0 89
202008270002 2458801.194982639 2070957.4002050653 2476.0 90
202008270002 2458801.194982639 1464614.8821362762 4531.0 92
202008270002 2458801.194982639 1462159.9286242335 2097.0 94
202008270002 2458801.194982639 1996199.6158467394 1969.0 95
202008270002 2458801.194982639 1352767.0001300902 4769.0 98
202008270002 2458801.194982639 -1697432.8401321801 3476.0 99
202008270002 2458801.194982639 -1754094.7671604934 893.0 100
202008270002 2458801.194982639 -2136969.5168994265 406.0 101
202008270002 2458801.194982639 -1805446.7947390717 2772.0 102
202008270002 2458801.194982639 1723668.0766070206 4162.0 103
202008270002 2458801.194982639 1966787.3728081184 3424.0 104
202008270002 2458801.194982639 -2073352.7215711516 1884.0 105
202008270002 2458801.194982639 1903030.3801345837 2557.0 106
202008270003 2458801.194982639 -1991689.267981166 1120.0 86
202008270003 2458801.194982639 -1824321.4373217234 3364.0 89
202008270003 2458801.194982639 2071041.8986049911 2530.0 90
202008270003 2458801.194982639 1464611.4822006857 4483.0 92
202008270003 2458801.194982639 1462154.8287208145 2097.0 94
202008270003 2458801.194982639 1996169.8164110426 1959.0 95
202008270003 2458801.194982639 1352716.3010901478 4703.0 98
202008270003 2458801.194982639 -1697369.8413251624 3543.0 99
202008270003 2458801.194982639 -1754159.7659296545 896.0 100
202008270003 2458801.194982639 -2136980.5166911483 408.0 101
202008270003 2458801.194982639 -1805419.7952503357 2767.0 102
202008270003 2458801.194982639 1723651.5769195042 4155.0 103
202008270003 2458801.194982639 1966784.4728630304 3371.0 104
202008270003 2458801.194982639 -2073393.7207947583 1889.0 105
202008270003 2458801.194982639 1903024.8802387891 2591.0 106
202008270004 2458801.194982639 -1991676.2682273337 1110.0 86
202008270004 2458801.194982639 -1824396.4359015014 3308.0 89
202008270004 2458801.194982639 2070805.8030758076 2485.0 90
202008270004 2458801.194982639 1464608.3822593435 4512.0 92
202008270004 2458801.194982639 1463039.9119605364 2663.0 94
202008270004 2458801.194982639 1996102.617683517 1983.0 95
202008270004 2458801.194982639 1352805.4994010509 4954.0 98
202008270004 2458801.194982639 -1697346.8417606798 3499.0 99
202008270004 2458801.194982639 -1754097.7671037086 891.0 100
202008270004 2458801.194982639 -2136973.516823713 403.0 101
202008270004 2458801.194982639 -1805411.795401862 2756.0 102
202008270004 2458801.194982639 1723621.8774818678 4181.0 103
202008270004 2458801.194982639 1966880.9710356835 3365.0 104
202008270004 2458801.194982639 -2073502.718730708 1930.0 105
202008270004 2458801.194982639 1903037.3800020856 2493.0 106
