2458801.500225695 -6157.016196421951 1.0 143
2458801.500225695 -6130.316747299751 1.0 142
2458801.500225695 -6156.516206718194 1.0 141
2458801.500225695 -6178.715748672999 1.0 140
2458801.500225695 -6211.315076079859 1.0 139
2458801.500225695 -6257.514122849771 1.0 138
2458801.500225695 -6285.4135472343605 1.0 137
2458801.500225695 -6253.314209497975 1.0 136
2458801.500225695 -6190.915496985354 1.0 135
2458801.500225695 -6226.814756263934 1.0 134
2458801.500225695 -6173.115864203937 1.0 133
2458801.500225695 -6219.414908967855 1.0 132
2458801.500225695 -6176.515794069664 1.0 131
2458801.500225695 -6210.315096705629 1.0 130
2458801.500225695 -6185.315612516291 1.0 129
2458801.500225695 -6191.015494912792 1.0 128
2458801.500225695 -6245.514370425576 1.0 127
2458801.500225695 -6217.014958443076 1.0 126
2458801.500225695 -6254.114192984045 1.0 125
2458801.500225695 -6161.716099410937 1.0 124
2458801.500225695 -6227.114750046248 1.0 123
2458801.500225695 -6209.515113219558 1.0 122
2458801.500225695 -6186.1155960023625 1.0 121
2458801.500225695 -6223.014834655173 1.0 120
2458801.500225695 -6160.5161241485475 1.0 119
2458801.500225695 -6249.914279665532 1.0 118
2458801.500225695 -6210.915084336823 1.0 117
2458801.500225695 -6192.91545570053 1.0 116
2458801.500225695 -6204.115224605372 1.0 115
2458801.500225695 -6167.11598799184 1.0 114
2458801.500225695 -6187.815560901942 1.0 113
2458801.500225695 -6225.714778962266 1.0 112
2458801.500225695 -6184.515629030221 1.0 111
2458801.500225695 -6207.2151606555 1.0 110
2458801.500225695 -6194.215428890358 1.0 109
2458801.500225695 -6205.115203979602 1.0 108
2458801.500225695 -6193.515443331726 1.0 107
2458801.500225695 -6214.91500180046 1.0 106
2458801.500225695 -6223.414826398208 1.0 105
2458801.500225695 -6259.714077453107 1.0 104
2458801.500225695 -6209.115121476522 1.0 103
2458801.500225695 -6202.215263817633 1.0 102
2458801.500225695 -6228.514721196797 1.0 101
2458801.500225695 -6222.014855314226 1.0 100
2458801.500225695 -6251.514246637674 1.0 99
2458801.500225695 -6208.615131772765 1.0 98
2458801.500225695 -6190.515505242319 1.0 97
2458801.500225695 -6216.014979102129 1.0 95
2458801.500225695 -6215.014999727899 1.0 94
2458801.500225695 -6181.515690940814 1.0 93
2458801.500225695 -6220.3148903813635 1.0 92
2458801.500225695 -6214.115018281106 1.0 90
2458801.500225695 -6222.314849129823 1.0 89
2458801.500225695 -6197.015371091606 1.0 86
2458801.500225695 -6263.713994916745 1.0 85
2458801.500225695 -6113.917085668883 1.0 84
2458801.500225695 -6172.015886935553 1.0 77
2458801.500225695 -6280.913640066967 1.0 76
2458801.500225695 -6234.414599448173 1.0 73
2458801.506174769 -6219.057517499647 1.0 143
2458801.506174769 -6212.8576455990915 1.0 142
2458801.506174769 -6210.157701391849 1.0 141
2458801.506174769 -6201.757874954525 1.0 140
2458801.506174769 -6185.558209711072 1.0 139
2458801.506174769 -6238.157122805218 1.0 138
2458801.506174769 -6294.15596566524 1.0 137
2458801.506174769 -6194.458025818869 1.0 136
2458801.506174769 -6206.357779916222 1.0 135
2458801.506174769 -6246.356953387666 1.0 134
2458801.506174769 -6214.457612537949 1.0 133
2458801.506174769 -6269.956465727497 1.0 132
2458801.506174769 -6224.657401769006 1.0 131
2458801.506174769 -6215.05760013586 1.0 130
2458801.506174769 -6249.056897594908 1.0 129
2458801.506174769 -6229.057310875828 1.0 128
2458801.506174769 -6217.0575588177535 1.0 127
2458801.506174769 -6200.157908015667 1.0 126
2458801.506174769 -6227.657339791846 1.0 125
2458801.506174769 -6207.757750966921 1.0 124
2458801.506174769 -6196.357986573324 1.0 123
2458801.506174769 -6229.45730258558 1.0 122
2458801.506174769 -6202.957850150347 1.0 121
2458801.506174769 -6187.458170432243 1.0 120
2458801.506174769 -6209.557713793938 1.0 119
2458801.506174769 -6254.056794266357 1.0 118
2458801.506174769 -6215.557589806333 1.0 117
2458801.506174769 -6220.857480326664 1.0 116
2458801.506174769 -6240.957064973181 1.0 115
2458801.506174769 -6221.2574720364155 1.0 114
2458801.506174769 -6193.75804029352 1.0 113
2458801.506174769 -6176.658393636558 1.0 112
2458801.506174769 -6209.057724123464 1.0 111
2458801.506174769 -6216.457571219842 1.0 110
2458801.506174769 -6218.957519572208 1.0 109
2458801.506174769 -6216.957560890315 1.0 108
2458801.506174769 -6185.358213822912 1.0 107
2458801.506174769 -6215.857583621931 1.0 106
2458801.506174769 -6190.1581146727685 1.0 105
2458801.506174769 -6224.4574059141305 1.0 104
2458801.506174769 -6211.157680699512 1.0 103
2458801.506174769 -6194.258029897425 1.0 102
2458801.506174769 -6209.757709682097 1.0 101
2458801.506174769 -6223.357428612463 1.0 100
2458801.506174769 -6249.1568955223465 1.0 99
2458801.506174769 -6197.85795555146 1.0 98
2458801.506174769 -6198.657939037531 1.0 97
2458801.506174769 -6208.557734452991 1.0 95
2458801.506174769 -6191.858079505781 1.0 94
2458801.506174769 -6223.757420355498 1.0 93
2458801.506174769 -6241.757048425969 1.0 92
2458801.506174769 -6227.757337719284 1.0 90
2458801.506174769 -6191.758081578343 1.0 86
2458801.506174769 -6192.458067136976 1.0 85
2458801.506174769 -6138.559180853002 1.0 84
2458801.506174769 -6192.958056807449 1.0 77
2458801.506174769 -6265.256562838362 1.0 76
2458801.506174769 -6166.75859815453 1.0 73
2458801.5119039356 -6232.6473241599515 1.0 143
2458801.5119039356 -6083.950401100492 1.0 142
2458801.5119039356 -6201.847961510561 1.0 141
2458801.5119039356 -6177.148472601302 1.0 140
2458801.5119039356 -6215.647675929682 1.0 139
2458801.5119039356 -6283.046281286132 1.0 138
2458801.5119039356 -6304.345840529367 1.0 137
2458801.5119039356 -6183.148348447279 1.0 136
2458801.5119039356 -6192.048164288807 1.0 135
2458801.5119039356 -6197.448052536874 1.0 134
2458801.5119039356 -6191.048184947861 1.0 133
2458801.5119039356 -6234.147293138088 1.0 132
2458801.5119039356 -6213.047729749728 1.0 131
2458801.5119039356 -6208.24782906629 1.0 130
2458801.5119039356 -6222.5475331891685 1.0 129
2458801.5119039356 -6232.847320048111 1.0 128
2458801.5119039356 -6204.747901506112 1.0 127
2458801.5119039356 -6209.147810446515 1.0 126
2458801.5119039356 -6239.347185531278 1.0 125
2458801.5119039356 -6199.148017336603 1.0 124
2458801.5119039356 -6187.648255348404 1.0 123
2458801.5119039356 -6198.248035989661 1.0 122
2458801.5119039356 -6172.148576062988 1.0 121
2458801.5119039356 -6193.748129088536 1.0 120
2458801.5119039356 -6194.648110468761 1.0 119
2458801.5119039356 -6257.846802739684 1.0 118
2458801.5119039356 -6212.347744224379 1.0 117
2458801.5119039356 -6213.147727643883 1.0 116
2458801.5119039356 -6211.547760771592 1.0 115
2458801.5119039356 -6182.648358776806 1.0 114
2458801.5119039356 -6205.147893215863 1.0 113
2458801.5119039356 -6182.248367100338 1.0 112
2458801.5119039356 -6208.347826993728 1.0 111
2458801.5119039356 -6211.247766989279 1.0 110
2458801.5119039356 -6211.14776906184 1.0 109
2458801.5119039356 -6204.1479139082 1.0 108
2458801.5119039356 -6176.848478785704 1.0 107
2458801.5119039356 -6203.447928382851 1.0 106
2458801.5119039356 -6190.148203567636 1.0 105
2458801.5119039356 -6214.447700767143 1.0 104
2458801.5119039356 -6219.847589015209 1.0 103
2458801.5119039356 -6190.048205640198 1.0 102
2458801.5119039356 -6222.047543485411 1.0 101
2458801.5119039356 -6220.047584903369 1.0 100
2458801.5119039356 -6251.446935183954 1.0 99
2458801.5119039356 -6171.148596755324 1.0 98
2458801.5119039356 -6193.048143563186 1.0 97
2458801.5119039356 -6204.747901506112 1.0 95
2458801.5119039356 -6197.048060860406 1.0 94
2458801.5119039356 -6218.947607668268 1.0 93
2458801.5119039356 -6237.9472144805795 1.0 92
2458801.5119039356 -6200.847982202898 1.0 90
2458801.5119039356 -6178.648441579438 1.0 86
2458801.5119039356 -6200.947980130336 1.0 85
2458801.5119039356 -6216.647655270628 1.0 84
2458801.5119039356 -6212.547740079255 1.0 77
2458801.5119039356 -6258.346792376873 1.0 76
2458801.5119039356 -6134.2493602992345 1.0 73
2458801.5176678244 -6211.773540404231 1.0 143
2458801.5176678244 -6211.87353833167 1.0 142
2458801.5176678244 -6211.973536259107 1.0 141
2458801.5176678244 -6211.973536259107 1.0 140
2458801.5176678244 -6211.973536259107 1.0 139
2458801.5176678244 -6211.773540404231 1.0 138
2458801.5176678244 -6211.773540404231 1.0 137
2458801.5176678244 -6211.87353833167 1.0 136
2458801.5176678244 -6211.87353833167 1.0 135
2458801.5176678244 -6211.87353833167 1.0 134
2458801.5176678244 -6211.973536259107 1.0 133
2458801.5176678244 -6211.773540404231 1.0 132
2458801.5176678244 -6211.87353833167 1.0 131
2458801.5176678244 -6211.87353833167 1.0 130
2458801.5176678244 -6211.87353833167 1.0 129
2458801.5176678244 -6211.773540404231 1.0 128
2458801.5176678244 -6211.87353833167 1.0 127
2458801.5176678244 -6211.87353833167 1.0 126
2458801.5176678244 -6211.973536259107 1.0 125
2458801.5176678244 -6211.87353833167 1.0 124
2458801.5176678244 -6211.87353833167 1.0 123
2458801.5176678244 -6211.87353833167 1.0 122
2458801.5176678244 -6211.87353833167 1.0 121
2458801.5176678244 -6211.773540404231 1.0 120
2458801.5176678244 -6211.87353833167 1.0 119
2458801.5176678244 -6211.973536259107 1.0 118
2458801.5176678244 -6211.773540404231 1.0 117
2458801.5176678244 -6211.87353833167 1.0 116
2458801.5176678244 -6211.773540404231 1.0 115
2458801.5176678244 -6211.87353833167 1.0 114
2458801.5176678244 -6211.773540404231 1.0 113
2458801.5176678244 -6211.87353833167 1.0 112
2458801.5176678244 -6211.87353833167 1.0 111
2458801.5176678244 -6211.773540404231 1.0 110
2458801.5176678244 -6211.973536259107 1.0 109
2458801.5176678244 -6211.87353833167 1.0 108
2458801.5176678244 -6211.87353833167 1.0 107
2458801.5176678244 -6211.87353833167 1.0 106
2458801.5176678244 -6211.87353833167 1.0 105
2458801.5176678244 -6211.87353833167 1.0 104
2458801.5176678244 -6211.87353833167 1.0 103
2458801.5176678244 -6211.87353833167 1.0 102
2458801.5176678244 -6211.973536259107 1.0 101
2458801.5176678244 -6211.87353833167 1.0 100
2458801.5176678244 -6211.973536259107 1.0 99
2458801.5176678244 -6211.773540404231 1.0 98
2458801.5176678244 -6211.87353833167 1.0 97
2458801.5176678244 -6211.87353833167 1.0 95
2458801.5176678244 -6211.87353833167 1.0 94
2458801.5176678244 -6211.87353833167 1.0 93
2458801.5176678244 -6211.87353833167 1.0 92
2458801.5176678244 -6211.773540404231 1.0 90
2458801.5176678244 -6211.973536259107 1.0 86
2458801.5176678244 -6211.87353833167 1.0 85
2458801.5176678244 -6211.773540404231 1.0 84
2458801.5176678244 -6211.773540404231 1.0 77
2458801.5176678244 -6211.87353833167 1.0 76
2458801.5176678244 -6211.87353833167 1.0 73
2458801.523420139 -6145.258797456374 1.0 143
2458801.523420139 -6197.15772063173 1.0 142
2458801.523420139 -6196.157741390634 1.0 141
2458801.523420139 -6185.457963354478 1.0 140
2458801.523420139 -6246.356699832829 1.0 139
2458801.523420139 -6264.856315976157 1.0 138
2458801.523420139 -6303.05552339207 1.0 137
2458801.523420139 -6221.357218505886 1.0 136
2458801.523420139 -6189.857872061895 1.0 135
2458801.523420139 -6197.257718525884 1.0 134
2458801.523420139 -6204.257573346687 1.0 133
2458801.523420139 -6243.2567641155365 1.0 132
2458801.523420139 -6181.958035960718 1.0 131
2458801.523420139 -6228.857062897312 1.0 130
2458801.523420139 -6201.75762516074 1.0 129
2458801.523420139 -6236.656901037768 1.0 128
2458801.523420139 -6214.957351316277 1.0 127
2458801.523420139 -6193.757791132124 1.0 126
2458801.523420139 -6242.75677451163 1.0 125
2458801.523420139 -6197.757708196357 1.0 124
2458801.523420139 -6178.1581148179275 1.0 123
2458801.523420139 -6155.158592006459 1.0 122
2458801.523420139 -6186.257946740698 1.0 121
2458801.523420139 -6187.55791979739 1.0 120
2458801.523420139 -6193.457797383094 1.0 119
2458801.523420139 -6239.356845045309 1.0 118
2458801.523420139 -6194.557774518344 1.0 117
2458801.523420139 -6223.85716665855 1.0 116
2458801.523420139 -6212.957392767518 1.0 115
2458801.523420139 -6180.958056719622 1.0 114
2458801.523420139 -6190.757853375553 1.0 113
2458801.523420139 -6193.357799455655 1.0 112
2458801.523420139 -6208.057494489478 1.0 111
2458801.523420139 -6210.9574343186105 1.0 110
2458801.523420139 -6220.757230974542 1.0 109
2458801.523420139 -6207.45750692485 1.0 108
2458801.523420139 -6187.657917724829 1.0 107
2458801.523420139 -6208.157492416915 1.0 106
2458801.523420139 -6215.857332629934 1.0 105
2458801.523420139 -6209.457465440325 1.0 104
2458801.523420139 -6215.757334702496 1.0 103
2458801.523420139 -6188.457901111048 1.0 102
2458801.523420139 -6219.357260023694 1.0 101
2458801.523420139 -6210.45744468142 1.0 100
2458801.523420139 -6219.0572662746645 1.0 99
2458801.523420139 -6207.557504852288 1.0 98
2458801.523420139 -6195.857747575036 1.0 97
2458801.523420139 -6190.157865877493 1.0 95
2458801.523420139 -6172.558231047822 1.0 94
2458801.523420139 -6215.957330524088 1.0 93
2458801.523420139 -6236.556903143613 1.0 92
2458801.523420139 -6235.556923902518 1.0 90
2458801.523420139 -6200.257656282454 1.0 86
2458801.523420139 -6247.6566728229545 1.0 85
2458801.523420139 -6173.558210255634 1.0 84
2458801.523420139 -6197.757708196357 1.0 77
2458801.523420139 -6183.158011089973 1.0 76
2458801.523420139 -6155.458585822057 1.0 73
2458801.529172454 -6188.809686148293 1.0 143
2458801.529172454 -6152.710436107235 1.0 142
2458801.529172454 -6157.710332246146 1.0 141
2458801.529172454 -6182.609814979978 1.0 140
2458801.529172454 -6219.709044228848 1.0 139
2458801.529172454 -6333.606677889142 1.0 138
2458801.529172454 -6314.607072641162 1.0 137
2458801.529172454 -6207.709293468835 1.0 136
2458801.529172454 -6197.509505402705 1.0 135
2458801.529172454 -6201.009432663331 1.0 134
2458801.529172454 -6187.90970486792 1.0 133
2458801.529172454 -6180.009868966443 1.0 132
2458801.529172454 -6198.909476286985 1.0 131
2458801.529172454 -6207.209303898213 1.0 130
2458801.529172454 -6183.509796260352 1.0 129
2458801.529172454 -6221.409008862158 1.0 128
2458801.529172454 -6187.009723487694 1.0 127
2458801.529172454 -6190.309654993294 1.0 126
2458801.529172454 -6237.108682704388 1.0 125
2458801.529172454 -6214.309156346902 1.0 124
2458801.529172454 -6176.809935454848 1.0 123
2458801.529172454 -6190.8096445972005 1.0 122
2458801.529172454 -6238.508653621952 1.0 121
2458801.529172454 -6199.009474247707 1.0 120
2458801.529172454 -6197.709501257581 1.0 119
2458801.529172454 -6252.308366909429 1.0 118
2458801.529172454 -6195.609544847952 1.0 117
2458801.529172454 -6226.408905034353 1.0 116
2458801.529172454 -6226.708898750099 1.0 115
2458801.529172454 -6191.509630055983 1.0 114
2458801.529172454 -6182.80981080157 1.0 113
2458801.529172454 -6181.10984606841 1.0 112
2458801.529172454 -6224.208950730569 1.0 111
2458801.529172454 -6211.10922286859 1.0 110
2458801.529172454 -6234.708732579013 1.0 109
2458801.529172454 -6204.8093537062705 1.0 108
2458801.529172454 -6194.90955938917 1.0 107
2458801.529172454 -6211.409216584337 1.0 106
2458801.529172454 -6213.2091792449355 1.0 105
2458801.529172454 -6227.208888387288 1.0 104
2458801.529172454 -6215.709127264466 1.0 103
2458801.529172454 -6199.809457633926 1.0 102
2458801.529172454 -6210.409237376524 1.0 101
2458801.529172454 -6204.409362063086 1.0 100
2458801.529172454 -6247.508466625394 1.0 99
2458801.529172454 -6188.709688220855 1.0 98
2458801.529172454 -6203.909372425896 1.0 97
2458801.529172454 -6230.008830189132 1.0 95
2458801.529172454 -6205.609337159057 1.0 94
2458801.529172454 -6219.809042123003 1.0 93
2458801.529172454 -6227.708877957911 1.0 92
2458801.529172454 -6213.109181317498 1.0 90
2458801.529172454 -6233.708753337917 1.0 86
2458801.529172454 -6145.610583625263 1.0 85
2458801.529172454 -6255.908292130776 1.0 84
2458801.529172454 -6207.009308010053 1.0 77
2458801.529172454 -6234.408738796699 1.0 76
2458801.529172454 -6164.610188873243 1.0 73
2458801.5349247684 -6220.32152318021 1.0 143
2458801.5349247684 -6194.02207022777 1.0 142
2458801.5349247684 -6172.922509135983 1.0 141
2458801.5349247684 -6206.521810192286 1.0 140
2458801.5349247684 -6247.320961524863 1.0 139
2458801.5349247684 -6260.620684875597 1.0 138
2458801.5349247684 -6299.419877792552 1.0 137
2458801.5349247684 -6183.822282427909 1.0 136
2458801.5349247684 -6169.522579836079 1.0 135
2458801.5349247684 -6179.822365596661 1.0 134
2458801.5349247684 -6196.82201199633 1.0 133
2458801.5349247684 -6227.42137546248 1.0 132
2458801.5349247684 -6180.222357306413 1.0 131
2458801.5349247684 -6205.121839308005 1.0 130
2458801.5349247684 -6185.52224706122 1.0 129
2458801.5349247684 -6205.021841413851 1.0 128
2458801.5349247684 -6219.321543939114 1.0 127
2458801.5349247684 -6203.221878886387 1.0 126
2458801.5349247684 -6217.121589768465 1.0 125
2458801.5349247684 -6196.222024464986 1.0 124
2458801.5349247684 -6171.622536179141 1.0 123
2458801.5349247684 -6206.621808119723 1.0 122
2458801.5349247684 -6189.72215971406 1.0 121
2458801.5349247684 -6204.321855955069 1.0 120
2458801.5349247684 -6219.021550190084 1.0 119
2458801.5349247684 -6243.621038475929 1.0 118
2458801.5349247684 -6177.322417610415 1.0 117
2458801.5349247684 -6208.3217728196005 1.0 116
2458801.5349247684 -6217.421583484212 1.0 115
2458801.5349247684 -6180.522351055443 1.0 114
2458801.5349247684 -6180.222357306413 1.0 113
2458801.5349247684 -6174.222482126109 1.0 112
2458801.5349247684 -6205.821824766787 1.0 111
2458801.5349247684 -6206.321814370693 1.0 110
2458801.5349247684 -6207.021799829475 1.0 109
2458801.5349247684 -6212.621683300027 1.0 108
2458801.5349247684 -6201.721910074669 1.0 107
2458801.5349247684 -6188.922176294556 1.0 106
2458801.5349247684 -6181.2223364809415 1.0 105
2458801.5349247684 -6198.921968306108 1.0 104
2458801.5349247684 -6221.321502354737 1.0 103
2458801.5349247684 -6205.721826839349 1.0 102
2458801.5349247684 -6194.822053580707 1.0 101
2458801.5349247684 -6206.921801902037 1.0 100
2458801.5349247684 -6233.0212589996 1.0 99
2458801.5349247684 -6228.321356776138 1.0 98
2458801.5349247684 -6205.321835196165 1.0 97
2458801.5349247684 -6212.421687478435 1.0 95
2458801.5349247684 -6203.021883064795 1.0 94
2458801.5349247684 -6200.821928827578 1.0 93
2458801.5349247684 -6199.821949586482 1.0 92
2458801.5349247684 -6192.422103488614 1.0 90
2458801.5349247684 -6228.921344240915 1.0 86
2458801.5349247684 -6203.121880958948 1.0 85
2458801.5349247684 -6224.521435766482 1.0 84
2458801.5349247684 -6214.7216396430895 1.0 77
2458801.5349247684 -6231.721286009474 1.0 76
2458801.5349247684 -6157.122837832286 1.0 73
2458801.541545139 -6226.207695824054 1.0 143
2458801.541545139 -6171.908826916764 1.0 142
2458801.541545139 -6205.308131186249 1.0 141
2458801.541545139 -6185.408545689687 1.0 140
2458801.541545139 -6252.8071417599995 1.0 139
2458801.541545139 -6284.006491858835 1.0 138
2458801.541545139 -6265.006887642648 1.0 137
2458801.541545139 -6169.708872746116 1.0 136
2458801.541545139 -6172.608812342262 1.0 135
2458801.541545139 -6226.607687533806 1.0 134
2458801.541545139 -6160.409066426331 1.0 133
2458801.541545139 -6216.007908257179 1.0 132
2458801.541545139 -6178.5086894287115 1.0 131
2458801.541545139 -6220.707810414074 1.0 130
2458801.541545139 -6207.208091574584 1.0 129
2458801.541545139 -6203.508168625501 1.0 128
2458801.541545139 -6202.4081915901015 1.0 127
2458801.541545139 -6189.6084582426765 1.0 126
2458801.541545139 -6228.907639598609 1.0 125
2458801.541545139 -6194.808349903627 1.0 124
2458801.541545139 -6193.008387376162 1.0 123
2458801.541545139 -6175.808745654156 1.0 122
2458801.541545139 -6176.508731079654 1.0 121
2458801.541545139 -6171.708831095172 1.0 120
2458801.541545139 -6220.40781663176 1.0 119
2458801.541545139 -6209.108052029486 1.0 118
2458801.541545139 -6205.808120790155 1.0 117
2458801.541545139 -6197.208299895868 1.0 116
2458801.541545139 -6203.70816451366 1.0 115
2458801.541545139 -6167.808912291213 1.0 114
2458801.541545139 -6164.208987269568 1.0 113
2458801.541545139 -6201.708206164603 1.0 112
2458801.541545139 -6185.808537399439 1.0 111
2458801.541545139 -6196.408316576216 1.0 110
2458801.541545139 -6204.408149939159 1.0 109
2458801.541545139 -6187.30850614459 1.0 108
2458801.541545139 -6188.008491570088 1.0 107
2458801.541545139 -6194.508356121313 1.0 106
2458801.541545139 -6203.70816451366 1.0 105
2458801.541545139 -6194.208362405567 1.0 104
2458801.541545139 -6195.608333256563 1.0 103
2458801.541545139 -6185.308547795534 1.0 102
2458801.541545139 -6215.0079291159345 1.0 101
2458801.541545139 -6217.007887498275 1.0 100
2458801.541545139 -6244.507314648026 1.0 99
2458801.541545139 -6223.807745831813 1.0 98
2458801.541545139 -6219.307839563077 1.0 97
2458801.541545139 -6167.708914363776 1.0 95
2458801.541545139 -6220.107822916014 1.0 94
2458801.541545139 -6195.608333256563 1.0 93
2458801.541545139 -6220.307818704322 1.0 92
2458801.541545139 -6202.308193662664 1.0 90
2458801.541545139 -6213.507960370784 1.0 86
2458801.541545139 -6178.608687356149 1.0 85
2458801.541545139 -6167.908910185368 1.0 84
2458801.541545139 -6180.2086539954535 1.0 77
2458801.541545139 -6183.408587340631 1.0 76
2458801.541545139 -6173.408795661915 1.0 73
2458801.547332176 -6207.726032514848 1.0 143
2458801.547332176 -6129.527663376619 1.0 142
2458801.547332176 -6238.525390238258 1.0 141
2458801.547332176 -6200.226188922229 1.0 140
2458801.547332176 -6170.126816690884 1.0 139
2458801.547332176 -6271.624699926621 1.0 138
2458801.547332176 -6247.525202542744 1.0 137
2458801.547332176 -6180.126608103331 1.0 136
2458801.547332176 -6207.126045016787 1.0 135
2458801.547332176 -6214.625888675973 1.0 134
2458801.547332176 -6198.326228600462 1.0 133
2458801.547332176 -6239.125377736319 1.0 132
2458801.547332176 -6218.925798923415 1.0 131
2458801.547332176 -6221.725740558841 1.0 130
2458801.547332176 -6190.626389119683 1.0 129
2458801.547332176 -6205.326082589174 1.0 128
2458801.547332176 -6184.12652466831 1.0 127
2458801.547332176 -6187.426455874357 1.0 126
2458801.547332176 -6222.925715554961 1.0 125
2458801.547332176 -6185.626493380177 1.0 124
2458801.547332176 -6241.025338058086 1.0 123
2458801.547332176 -6251.225125358693 1.0 122
2458801.547332176 -6178.026651893404 1.0 121
2458801.547332176 -6204.126107593053 1.0 120
2458801.547332176 -6221.025755166626 1.0 119
2458801.547332176 -6231.925527859446 1.0 118
2458801.547332176 -6197.826238996556 1.0 117
2458801.547332176 -6210.625972044428 1.0 116
2458801.547332176 -6196.0262765023745 1.0 115
2458801.547332176 -6172.72676243815 1.0 114
2458801.547332176 -6202.02615141641 1.0 113
2458801.547332176 -6189.2264183352545 1.0 112
2458801.547332176 -6206.026067981389 1.0 111
2458801.547332176 -6198.326228600462 1.0 110
2458801.547332176 -6218.925798923415 1.0 109
2458801.547332176 -6197.826238996556 1.0 108
2458801.547332176 -6206.226063802981 1.0 107
2458801.547332176 -6191.226376617744 1.0 106
2458801.547332176 -6204.226105553776 1.0 105
2458801.547332176 -6241.3253318404 1.0 104
2458801.547332176 -6221.425746843094 1.0 103
2458801.547332176 -6193.426330755109 1.0 102
2458801.547332176 -6221.025755166626 1.0 101
2458801.547332176 -6217.925819815454 1.0 100
2458801.547332176 -6228.325602937653 1.0 99
2458801.547332176 -6185.526495486022 1.0 98
2458801.547332176 -6198.426226494616 1.0 97
2458801.547332176 -6195.726282786628 1.0 95
2458801.547332176 -6178.526641497309 1.0 94
2458801.547332176 -6178.326645675717 1.0 93
2458801.547332176 -6214.0259011779135 1.0 92
2458801.547332176 -6225.22566758648 1.0 90
2458801.547332176 -6255.625033600139 1.0 86
2458801.547332176 -6214.32589489366 1.0 85
2458801.547332176 -6161.227002280553 1.0 84
2458801.547332176 -6203.026130557655 1.0 77
2458801.547332176 -6216.425851103587 1.0 76
2458801.547332176 -6168.82684380061 1.0 73
2458801.553130787 -6145.696004346255 1.0 143
2458801.553130787 -6188.895102409276 1.0 142
2458801.553130787 -6266.9934718560335 1.0 141
2458801.553130787 -6176.195367555111 1.0 140
2458801.553130787 -6183.895206836187 1.0 139
2458801.553130787 -6260.393609676923 1.0 138
2458801.553130787 -6279.5932087827605 1.0 137
2458801.553130787 -6219.494463578854 1.0 136
2458801.553130787 -6180.595275696707 1.0 135
2458801.553130787 -6209.794666115139 1.0 134
2458801.553130787 -6168.095536664134 1.0 133
2458801.553130787 -6223.694375865574 1.0 132
2458801.553130787 -6171.595463625206 1.0 131
2458801.553130787 -6186.7951462992 1.0 130
2458801.553130787 -6182.895227694943 1.0 129
2458801.553130787 -6214.8945595823825 1.0 128
2458801.553130787 -6189.895081583804 1.0 127
2458801.553130787 -6181.695252765389 1.0 126
2458801.553130787 -6208.094701548396 1.0 125
2458801.553130787 -6202.194824728217 1.0 124
2458801.553130787 -6192.895018940971 1.0 123
2458801.553130787 -6185.695169230517 1.0 122
2458801.553130787 -6223.794373759728 1.0 121
2458801.553130787 -6177.795334161132 1.0 120
2458801.553130787 -6196.494943796198 1.0 119
2458801.553130787 -6248.493858109127 1.0 118
2458801.553130787 -6169.895499125031 1.0 117
2458801.553130787 -6201.894831012471 1.0 116
2458801.553130787 -6181.0952653006125 1.0 115
2458801.553130787 -6178.695315408223 1.0 114
2458801.553130787 -6168.6955241621945 1.0 113
2458801.553130787 -6169.795501230877 1.0 112
2458801.553130787 -6200.194866545579 1.0 111
2458801.553130787 -6185.395175514771 1.0 110
2458801.553130787 -6207.49471408362 1.0 109
2458801.553130787 -6188.895102409276 1.0 108
2458801.553130787 -6178.195325837601 1.0 107
2458801.553130787 -6207.49471408362 1.0 106
2458801.553130787 -6200.994849831948 1.0 105
2458801.553130787 -6198.79489576115 1.0 104
2458801.553130787 -6202.694814298839 1.0 103
2458801.553130787 -6192.195033548756 1.0 102
2458801.553130787 -6201.6948352241625 1.0 101
2458801.553130787 -6197.194929155129 1.0 100
2458801.553130787 -6227.4942965091095 1.0 99
2458801.553130787 -6193.195012656717 1.0 98
2458801.553130787 -6215.594544974597 1.0 97
2458801.553130787 -6199.494881153365 1.0 95
2458801.553130787 -6189.995079477959 1.0 94
2458801.553130787 -6185.595171336363 1.0 93
2458801.553130787 -6206.594732869813 1.0 92
2458801.553130787 -6186.095160906985 1.0 90
2458801.553130787 -6174.395405160782 1.0 86
2458801.553130787 -6173.2954280920985 1.0 85
2458801.553130787 -6252.193780858508 1.0 84
2458801.553130787 -6204.3947787990155 1.0 77
2458801.553130787 -6238.594064757253 1.0 76
2458801.553130787 -6248.593856003282 1.0 73
