202009020114 2459095.6179108797 20685.93020420763 783.0 106
202009020114 2459095.6179108797 20410.710396846913 1121.0 105
202009020114 2459095.6179108797 20483.015600579787 975.0 104
202009020114 2459095.6179108797 21333.076778847004 1214.0 103
202009020114 2459095.6179108797 26321.63580177865 3230.0 102
202009020114 2459095.6179108797 20489.116039642697 784.0 101
202009020114 2459095.6179108797 20895.245268505823 947.0 100
202009020114 2459095.6179108797 22868.987317183455 4321.0 99
202009020114 2459095.6179108797 21222.26880411142 1213.0 98
202009020114 2459095.6179108797 20463.414189914125 1084.0 95
202009020114 2459095.6179108797 21225.069005625573 1099.0 94
202009020114 2459095.6179108797 20078.78650854162 735.0 92
202009020114 2459095.6179108797 21598.395873694593 1051.0 90
202009020114 2459095.6179108797 21459.48587643745 908.0 89
202009020114 2459095.6179108797 21890.91692624141 4400.0 86
202009020115 2459095.631846065 20693.176990919234 504.0 106
202009020115 2459095.631846065 20808.385273466472 153.0 105
202009020115 2459095.631846065 20780.883296289954 165.0 104
202009020115 2459095.631846065 20644.07346073599 389.0 103
202009020115 2459095.631846065 20668.475214990605 192.0 102
202009020115 2459095.631846065 20760.681843940452 135.0 101
202009020115 2459095.631846065 20744.980715170073 181.0 100
202009020115 2459095.631846065 20679.075977166667 215.0 99
202009020115 2459095.631846065 20835.487221855252 253.0 98
202009020115 2459095.631846065 20818.986035575967 182.0 95
202009020115 2459095.631846065 20762.882002106584 160.0 94
202009020115 2459095.631846065 20766.382253749653 183.0 92
202009020115 2459095.631846065 20688.576660159815 230.0 90
202009020115 2459095.631846065 20718.97884583108 157.0 89
202009020115 2459095.631846065 20793.58420938529 382.0 86
202009040126 2459097.4549016203 21231.580488566706 89.0 106
202009040126 2459097.4549016203 21230.280395955146 77.0 105
202009040126 2459097.4549016203 21244.58141454917 81.0 104
202009040126 2459097.4549016203 21171.67622205346 65.0 103
202009040126 2459097.4549016203 21226.080096845857 38.0 102
202009040126 2459097.4549016203 21191.67764659578 63.0 101
202009040126 2459097.4549016203 21193.97781041116 55.0 100
202009040126 2459097.4549016203 21201.678358900226 87.0 99
202009040126 2459097.4549016203 21135.873672144666 83.0 98
202009040126 2459097.4549016203 21176.576571091955 87.0 95
202009040126 2459097.4549016203 21218.079527015612 66.0 94
202009040126 2459097.4549016203 21204.4785583508 49.0 92
202009040126 2459097.4549016203 21229.98037461397 52.0 90
202009040126 2459097.4549016203 21192.97773920734 62.0 89
202009040126 2459097.4549016203 21260.782568437106 87.0 86
202009040127 2459097.465850695 21211.104411298686 23.0 106
202009040127 2459097.465850695 21215.204703094543 28.0 105
202009040127 2459097.465850695 21207.90418352635 24.0 104
202009040127 2459097.465850695 21216.00476007091 47.0 103
202009040127 2459097.465850695 21198.90354289169 31.0 102
202009040127 2459097.465850695 21204.703955754012 47.0 101
202009040127 2459097.465850695 21219.204987843248 24.0 100
202009040127 2459097.465850695 21216.80481704728 38.0 99
202009040127 2459097.465850695 21199.50358564061 45.0 98
202009040127 2459097.465850695 21209.80431875369 51.0 95
202009040127 2459097.465850695 21214.30463907102 37.0 94
202009040127 2459097.465850695 21191.102987754868 30.0 92
202009040127 2459097.465850695 21214.10462484357 37.0 90
202009040127 2459097.465850695 21203.103841867844 29.0 89
202009040127 2459097.465850695 21202.303784891476 34.0 86
202009040128 2459097.4785590284 21208.069294921897 23.0 106
202009040128 2459097.4785590284 21220.670191051548 21.0 105
202009040128 2459097.4785590284 21230.4708879969 32.0 104
202009040128 2459097.4785590284 21228.970781291024 48.0 103
202009040128 2459097.4785590284 21209.469394514046 22.0 102
202009040128 2459097.4785590284 21206.769202510037 35.0 101
202009040128 2459097.4785590284 21218.270020322147 38.0 100
202009040128 2459097.4785590284 21220.370169710375 44.0 99
202009040128 2459097.4785590284 21190.868071694025 48.0 98
202009040128 2459097.4785590284 21220.770198165275 46.0 95
202009040128 2459097.4785590284 21231.6709733616 26.0 94
202009040128 2459097.4785590284 21202.368889572703 39.0 92
202009040128 2459097.4785590284 21230.070859542 31.0 90
202009040128 2459097.4785590284 21209.16937317287 40.0 89
202009040128 2459097.4785590284 21211.569543835703 36.0 86
202009040129 2459097.491255787 21229.07466308746 19.0 106
202009040129 2459097.491255787 21232.174883346666 16.0 105
202009040129 2459097.491255787 21233.37496857823 22.0 104
202009040129 2459097.491255787 21230.574769660197 46.0 103
202009040129 2459097.491255787 21212.87351192878 18.0 102
202009040129 2459097.491255787 21218.973945400037 20.0 101
202009040129 2459097.491255787 21238.475330978803 23.0 100
202009040129 2459097.491255787 21218.973945400037 42.0 99
202009040129 2459097.491255787 21220.07402351788 40.0 98
202009040129 2459097.491255787 21217.773860101905 47.0 95
202009040129 2459097.491255787 21229.67470570324 31.0 94
202009040129 2459097.491255787 21214.473625615246 23.0 92
202009040129 2459097.491255787 21227.674563561875 61.0 90
202009040129 2459097.491255787 21227.57455651472 25.0 89
202009040129 2459097.491255787 21235.77513910793 29.0 86
202009040130 2459097.5046585654 21232.392885522488 20.0 106
202009040130 2459097.5046585654 21232.192871361603 21.0 105
202009040130 2459097.5046585654 21235.793126923167 47.0 104
202009040130 2459097.5046585654 21241.393524426396 35.0 103
202009040130 2459097.5046585654 21223.392246685147 20.0 102
202009040130 2459097.5046585654 21232.09286424788 19.0 101
202009040130 2459097.5046585654 21242.093574155904 20.0 100
202009040130 2459097.5046585654 21237.29323342934 29.0 99
202009040130 2459097.5046585654 21219.291955621527 42.0 98
202009040130 2459097.5046585654 21229.492679690433 20.0 95
202009040130 2459097.5046585654 21240.693474763455 21.0 94
202009040130 2459097.5046585654 21226.99250224671 19.0 92
202009040130 2459097.5046585654 21236.1931553115 25.0 90
202009040130 2459097.5046585654 21219.091941460643 27.0 89
202009040130 2459097.5046585654 21236.59318369983 33.0 86
202009040131 2459097.517320602 21233.970646043454 24.0 106
202009040131 2459097.517320602 21236.170802079436 18.0 105
202009040131 2459097.517320602 21234.27066738463 47.0 104
202009040131 2459097.517320602 21242.17122757159 28.0 103
202009040131 2459097.517320602 21224.66998653061 23.0 102
202009040131 2459097.517320602 21242.77127018737 23.0 101
202009040131 2459097.517320602 21238.47096522914 26.0 100
202009040131 2459097.517320602 21237.070865969825 27.0 99
202009040131 2459097.517320602 21220.269674458654 31.0 98
202009040131 2459097.517320602 21227.370178002082 58.0 95
202009040131 2459097.517320602 21238.370958115414 20.0 94
202009040131 2459097.517320602 21236.9708588561 17.0 92
202009040131 2459097.517320602 21243.07129146198 52.0 90
202009040131 2459097.517320602 21234.070653157178 17.0 89
202009040131 2459097.517320602 21241.271163814334 90.0 86
202009040132 2459097.5300636576 21240.061239936138 0.0 106
202009040132 2459097.5300636576 21240.061239936138 0.0 105
202009040132 2459097.5300636576 21240.061239936138 0.0 104
202009040132 2459097.5300636576 21240.061239936138 0.0 103
202009040132 2459097.5300636576 21240.061239936138 0.0 102
202009040132 2459097.5300636576 21240.061239936138 0.0 101
202009040132 2459097.5300636576 21240.061239936138 0.0 100
202009040132 2459097.5300636576 21240.061239936138 0.0 99
202009040132 2459097.5300636576 21240.061239936138 0.0 98
202009040132 2459097.5300636576 21240.061239936138 0.0 95
202009040132 2459097.5300636576 21240.061239936138 0.0 94
202009040132 2459097.5300636576 21240.061239936138 0.0 92
202009040132 2459097.5300636576 21240.061239936138 0.0 90
202009040132 2459097.5300636576 21240.061239936138 0.0 89
202009040132 2459097.5300636576 21240.061239936138 0.0 86
202009040133 2459097.5442766203 21246.319623559604 42.0 106
202009040133 2459097.5442766203 21245.719581076955 15.0 105
202009040133 2459097.5442766203 21239.31912812841 35.0 104
202009040133 2459097.5442766203 21252.920090602467 57.0 103
202009040133 2459097.5442766203 21228.718378001024 29.0 102
202009040133 2459097.5442766203 21247.31969429745 13.0 101
202009040133 2459097.5442766203 21241.419276784392 35.0 100
202009040133 2459097.5442766203 21251.519991542853 25.0 99
202009040133 2459097.5442766203 21241.519283831552 36.0 98
202009040133 2459097.5442766203 21236.718944170065 38.0 95
202009040133 2459097.5442766203 21252.920090602467 23.0 94
202009040133 2459097.5442766203 21242.319340475082 18.0 92
202009040133 2459097.5442766203 21255.120246305607 52.0 90
202009040133 2459097.5442766203 21240.019177658214 22.0 89
202009040133 2459097.5442766203 21252.020026911778 28.0 86
202009080133 2459101.5007233797 21932.624625266795 68.0 106
202009080133 2459101.5007233797 21939.625097931974 66.0 105
202009080133 2459101.5007233797 22020.330547276448 48.0 104
202009080133 2459101.5007233797 21945.22547606412 80.0 103
202009080133 2459101.5007233797 21939.825111427184 75.0 102
202009080133 2459101.5007233797 21910.123105957333 56.0 101
202009080133 2459101.5007233797 21983.028028522654 60.0 100
202009080133 2459101.5007233797 21921.32386222162 61.0 99
202009080133 2459101.5007233797 21996.92896713869 89.0 98
202009080133 2459101.5007233797 21922.823963535546 89.0 95
202009080133 2459101.5007233797 22002.229324994736 61.0 94
202009080133 2459101.5007233797 21977.92768416182 60.0 92
202009080133 2459101.5007233797 21939.625097931974 91.0 90
202009080133 2459101.5007233797 21912.723281528197 72.0 89
202009080133 2459101.5007233797 21970.22716423012 75.0 86
202009080134 2459101.5126678245 21935.669553397023 61.0 106
202009080134 2459101.5126678245 21932.769357749767 54.0 105
202009080134 2459101.5126678245 22021.875368434532 44.0 104
202009080134 2459101.5126678245 21955.770909366056 78.0 103
202009080134 2459101.5126678245 21936.76962765396 62.0 102
202009080134 2459101.5126678245 21922.868689969866 57.0 101
202009080134 2459101.5126678245 21995.573594247133 67.0 100
202009080134 2459101.5126678245 21946.37027522433 58.0 99
202009080134 2459101.5126678245 21977.572380011086 81.0 98
202009080134 2459101.5126678245 21935.46953996838 83.0 95
202009080134 2459101.5126678245 22001.57399903686 60.0 94
202009080134 2459101.5126678245 21985.272899410247 57.0 92
202009080134 2459101.5126678245 21947.070322424282 96.0 90
202009080134 2459101.5126678245 21918.268379646608 68.0 89
202009080134 2459101.5126678245 21980.072548601358 71.0 86
202009080135 2459101.524253472 21947.68137247531 60.0 106
202009080135 2459101.524253472 21946.88131849447 53.0 105
202009080135 2459101.524253472 22025.18659551193 43.0 104
202009080135 2459101.524253472 21965.08254509408 70.0 103
202009080135 2459101.524253472 21954.181810503807 57.0 102
202009080135 2459101.524253472 21933.78043565659 55.0 101
202009080135 2459101.524253472 22007.285389188415 53.0 100
202009080135 2459101.524253472 21950.881588132397 56.0 99
202009080135 2459101.524253472 21991.68433782683 67.0 98
202009080135 2459101.524253472 21937.680698513628 82.0 95
202009080135 2459101.524253472 22008.28545653133 55.0 94
202009080135 2459101.524253472 21991.28431083641 62.0 92
202009080135 2459101.524253472 21940.680900675507 92.0 90
202009080135 2459101.524253472 21929.880172866116 64.0 89
202009080135 2459101.524253472 22002.785085912314 74.0 86
202009080136 2459101.5373668983 21957.030030404865 53.0 106
202009080136 2459101.5373668983 21945.42924954658 51.0 105
202009080136 2459101.5373668983 22023.234487001377 42.0 104
202009080136 2459101.5373668983 21957.73007753825 60.0 103
202009080136 2459101.5373668983 21947.829411089697 74.0 102
202009080136 2459101.5373668983 21933.12842148835 52.0 101
202009080136 2459101.5373668983 22013.533834048034 49.0 100
202009080136 2459101.5373668983 21951.62966689958 53.0 99
202009080136 2459101.5373668983 21999.332878018293 68.0 98
202009080136 2459101.5373668983 21944.7292024132 75.0 95
202009080136 2459101.5373668983 22007.833450266648 63.0 94
202009080136 2459101.5373668983 22002.233073266147 51.0 92
202009080136 2459101.5373668983 21952.72974102338 94.0 90
202009080136 2459101.5373668983 21940.528919679466 55.0 89
202009080136 2459101.5373668983 21988.732164436355 67.0 86
202009080137 2459101.5493460647 21958.960636213716 52.0 106
202009080137 2459101.5493460647 21953.660279755582 46.0 105
202009080137 2459101.5493460647 22042.966285230148 39.0 104
202009080137 2459101.5493460647 21971.161456625687 57.0 103
202009080137 2459101.5493460647 21956.060441165562 53.0 102
202009080137 2459101.5493460647 21930.558726284387 55.0 101
202009080137 2459101.5493460647 22013.464301310152 46.0 100
202009080137 2459101.5493460647 21964.861032957775 49.0 99
202009080137 2459101.5493460647 22010.164079404713 63.0 98
202009080137 2459101.5493460647 21949.76001749765 73.0 95
202009080137 2459101.5493460647 22013.464301310152 49.0 94
202009080137 2459101.5493460647 21999.86338669798 49.0 92
202009080137 2459101.5493460647 21957.260521870554 74.0 90
202009080137 2459101.5493460647 21935.659069313875 59.0 89
202009080137 2459101.5493460647 21992.762909248933 62.0 86
202009080138 2459101.5610358794 21954.852080953195 47.0 106
202009080138 2459101.5610358794 21956.85221530619 43.0 105
202009080138 2459101.5610358794 22035.0574689675 34.0 104
202009080138 2459101.5610358794 21970.153108843453 51.0 103
202009080138 2459101.5610358794 21947.15156368419 52.0 102
202009080138 2459101.5610358794 21928.150287164346 46.0 101
202009080138 2459101.5610358794 22014.156064808984 53.0 100
202009080138 2459101.5610358794 21958.552329516217 49.0 99
202009080138 2459101.5610358794 21985.45413666714 66.0 98
202009080138 2459101.5610358794 21939.851073205904 111.0 95
202009080138 2459101.5610358794 22002.65529219607 49.0 94
202009080138 2459101.5610358794 22002.055251976708 47.0 92
202009080138 2459101.5610358794 21949.251704684935 90.0 90
202009080138 2459101.5610358794 21942.851274768676 48.0 89
202009080138 2459101.5610358794 21973.853357406475 66.0 86
202009090059 2459102.4768692134 22031.018818622626 30.0 106
202009090059 2459102.4768692134 22020.11809122162 25.0 105
202009090059 2459102.4768692134 22076.321841438174 34.0 104
202009090059 2459102.4768692134 22041.01948586101 30.0 103
202009090059 2459102.4768692134 22013.417644157922 45.0 102
202009090059 2459102.4768692134 21992.716262814036 28.0 101
202009090059 2459102.4768692134 22079.222034955277 33.0 100
202009090059 2459102.4768692134 22025.31843823617 38.0 99
202009090059 2459102.4768692134 22059.82074036503 56.0 98
202009090059 2459102.4768692134 21995.816469693218 48.0 95
202009090059 2459102.4768692134 22098.623329545524 39.0 94
202009090059 2459102.4768692134 22057.82060694398 34.0 92
202009090059 2459102.4768692134 21995.716462978897 47.0 90
202009090059 2459102.4768692134 21994.316369577504 31.0 89
202009090059 2459102.4768692134 22025.018418159772 51.0 86
202009090060 2459102.4899942135 22037.51513393866 17.0 106
202009090060 2459102.4899942135 22030.91469398869 22.0 105
202009090060 2459102.4899942135 22077.617807076964 30.0 104
202009090060 2459102.4899942135 22049.31592057035 45.0 103
202009090060 2459102.4899942135 22029.514600653863 48.0 102
202009090060 2459102.4899942135 22004.11290746465 29.0 101
202009090060 2459102.4899942135 22088.21851360277 52.0 100
202009090060 2459102.4899942135 22034.314920677996 41.0 99
202009090060 2459102.4899942135 22073.617540434567 49.0 98
202009090060 2459102.4899942135 22018.81388741374 59.0 95
202009090060 2459102.4899942135 22094.01890030414 55.0 94
202009090060 2459102.4899942135 22067.41712707561 37.0 92
202009090060 2459102.4899942135 21998.21251418209 51.0 90
202009090060 2459102.4899942135 22005.513000799474 36.0 89
202009090060 2459102.4899942135 22036.715080623493 46.0 86
202009090061 2459102.5026562503 22032.353420187384 21.0 106
202009090061 2459102.5026562503 22037.65377311745 27.0 105
202009090061 2459102.5026562503 22085.356949554603 32.0 104
202009090061 2459102.5026562503 22045.65430586971 23.0 103
202009090061 2459102.5026562503 22021.952727622764 29.0 102
202009090061 2459102.5026562503 22013.45216156517 27.0 101
202009090061 2459102.5026562503 22084.15686964842 36.0 100
202009090061 2459102.5026562503 22023.85285406322 41.0 99
202009090061 2459102.5026562503 22085.25694290685 42.0 98
202009090061 2459102.5026562503 22013.15214155534 55.0 95
202009090061 2459102.5026562503 22097.757775274007 45.0 94
202009090061 2459102.5026562503 22071.45602391919 37.0 92
202009090061 2459102.5026562503 22011.552035058143 45.0 90
202009090061 2459102.5026562503 22004.85158885982 38.0 89
202009090061 2459102.5026562503 22058.055131589113 40.0 86
202009090062 2459102.516649306 22030.981526091295 15.0 106
202009090062 2459102.516649306 22033.18167234188 18.0 105
202009090062 2459102.516649306 22084.98511780888 23.0 104
202009090062 2459102.516649306 22047.7826434465 40.0 103
202009090062 2459102.516649306 22021.680907450776 36.0 102
202009090062 2459102.516649306 22005.679843211037 23.0 101
202009090062 2459102.516649306 22082.284938252957 35.0 100
202009090062 2459102.516649306 22020.580834325483 46.0 99
202009090062 2459102.516649306 22072.28427307816 44.0 98
202009090062 2459102.516649306 22019.68077442913 51.0 95
202009090062 2459102.516649306 22098.486015788203 36.0 94
202009090062 2459102.516649306 22080.084791935802 41.0 92
202009090062 2459102.516649306 22018.68070795159 45.0 90
202009090062 2459102.516649306 22003.479696893883 29.0 89
202009090062 2459102.516649306 22061.883581312344 45.0 86
202009090063 2459102.5295428243 22046.970464432048 20.0 106
202009090063 2459102.5295428243 22025.96906913596 28.0 105
202009090063 2459102.5295428243 22090.37334795965 25.0 104
202009090063 2459102.5295428243 22046.170411250016 36.0 103
202009090063 2459102.5295428243 22029.069275149766 25.0 102
202009090063 2459102.5295428243 22008.767926321387 23.0 101
202009090063 2459102.5295428243 22086.873115421393 34.0 100
202009090063 2459102.5295428243 22032.669514269204 46.0 99
202009090063 2459102.5295428243 22081.472756642383 47.0 98
202009090063 2459102.5295428243 22027.369162137948 39.0 95
202009090063 2459102.5295428243 22116.375075377167 50.0 94
202009090063 2459102.5295428243 22067.97185966157 31.0 92
202009090063 2459102.5295428243 22031.86946115374 52.0 90
202009090063 2459102.5295428243 22013.968271871458 29.0 89
202009090063 2459102.5295428243 22045.670378011248 50.0 86
202009090064 2459102.5424247687 22036.8456330738 22.0 106
202009090064 2459102.5424247687 22042.145984805655 35.0 105
202009090064 2459102.5424247687 22092.749343044066 30.0 104
202009090064 2459102.5424247687 22057.9470334866 48.0 103
202009090064 2459102.5424247687 22031.045248169747 28.0 102
202009090064 2459102.5424247687 22009.443814651317 21.0 101
202009090064 2459102.5424247687 22091.64926998534 40.0 100
202009090064 2459102.5424247687 22033.44540744957 29.0 99
202009090064 2459102.5424247687 22090.649203640936 46.0 98
202009090064 2459102.5424247687 22011.143927529996 59.0 95
202009090064 2459102.5424247687 22097.549661537152 44.0 94
202009090064 2459102.5424247687 22080.64853993062 37.0 92
202009090064 2459102.5424247687 22012.344007103344 47.0 90
202009090064 2459102.5424247687 22016.14425931859 34.0 89
202009090064 2459102.5424247687 22061.647278987522 44.0 86
202009100079 2459103.391394676 22097.620679591153 67.0 106
202009100079 2459103.391394676 22094.020441403656 60.0 105
202009100079 2459103.391394676 22125.422518746735 151.0 104
202009100079 2459103.391394676 22115.62187039551 62.0 103
202009100079 2459103.391394676 22108.921427126148 49.0 102
202009100079 2459103.391394676 22063.01839045189 43.0 101
202009100079 2459103.391394676 22096.720620027638 73.0 100
202009100079 2459103.391394676 22089.52014365264 56.0 99
202009100079 2459103.391394676 22136.42324653817 83.0 98
202009100079 2459103.391394676 22085.51987907383 64.0 95
202009100079 2459103.391394676 22144.923808934564 65.0 94
202009100079 2459103.391394676 22128.42271724741 67.0 92
202009100079 2459103.391394676 22109.0214337739 78.0 90
202009100079 2459103.391394676 22054.917854513376 61.0 89
202009100079 2459103.391394676 22160.424834410445 93.0 86
202009100080 2459103.4007002315 22080.422760098278 33.0 106
202009100080 2459103.4007002315 22075.622442670272 33.0 105
202009100080 2459103.4007002315 22114.825034876954 46.0 104
202009100080 2459103.4007002315 22094.42368592442 40.0 103
202009100080 2459103.4007002315 22053.32096807608 31.0 102
202009100080 2459103.4007002315 22058.421305314216 28.0 101
202009100080 2459103.4007002315 22100.224069430562 37.0 100
202009100080 2459103.4007002315 22072.222217911414 57.0 99
202009100080 2459103.4007002315 22107.324538958102 71.0 98
202009100080 2459103.4007002315 22054.321034154218 39.0 95
202009100080 2459103.4007002315 22118.025246473437 68.0 94
202009100080 2459103.4007002315 22098.723970180225 47.0 92
202009100080 2459103.4007002315 22068.021940103663 66.0 90
202009100080 2459103.4007002315 22069.022006248364 46.0 89
202009100080 2459103.4007002315 22124.825696190852 58.0 86
202009100081 2459103.4122511577 22081.36170268557 37.0 106
202009100081 2459103.4122511577 22087.662119097648 28.0 105
202009100081 2459103.4122511577 22145.36593215223 43.0 104
202009100081 2459103.4122511577 22114.56389675926 42.0 103
202009100081 2459103.4122511577 22091.56237676244 40.0 102
202009100081 2459103.4122511577 22075.96134590358 35.0 101
202009100081 2459103.4122511577 22123.464484881297 44.0 100
202009100081 2459103.4122511577 22070.761002217394 35.0 99
202009100081 2459103.4122511577 22119.16420069206 70.0 98
202009100081 2459103.4122511577 22075.861339255825 47.0 95
202009100081 2459103.4122511577 22140.16558853261 73.0 94
202009100081 2459103.4122511577 22117.96412145155 50.0 92
202009100081 2459103.4122511577 22067.760803982987 73.0 90
202009100081 2459103.4122511577 22080.161623445063 46.0 89
202009100081 2459103.4122511577 22158.16677800562 70.0 86
202009100082 2459103.4241261575 22093.195463827677 44.0 106
202009100082 2459103.4241261575 22093.395477056616 36.0 105
202009100082 2459103.4241261575 22135.598263836506 43.0 104
202009100082 2459103.4241261575 22125.79761661693 49.0 103
202009100082 2459103.4241261575 22101.99604496912 40.0 102
202009100082 2459103.4241261575 22090.195265726405 38.0 101
202009100082 2459103.4241261575 22130.497927064345 45.0 100
202009100082 2459103.4241261575 22085.894981803434 44.0 99
202009100082 2459103.4241261575 22149.499181683546 72.0 98
202009100082 2459103.4241261575 22078.894519522753 41.0 95
202009100082 2459103.4241261575 22150.199227951554 58.0 94
202009100082 2459103.4241261575 22113.996837440776 52.0 92
202009100082 2459103.4241261575 22072.39409028114 69.0 90
202009100082 2459103.4241261575 22104.696223260264 45.0 89
202009100082 2459103.4241261575 22147.599056241597 65.0 86
202009100083 2459103.437332176 22110.460185201606 44.0 106
202009100083 2459103.437332176 22119.760798783012 35.0 105
202009100083 2459103.437332176 22155.563160905458 62.0 104
202009100083 2459103.437332176 22126.061214529414 99.0 103
202009100083 2459103.437332176 22100.359518771 39.0 102
202009100083 2459103.437332176 22098.459393462188 40.0 101
202009100083 2459103.437332176 22151.862916802445 51.0 100
202009100083 2459103.437332176 22109.460119190036 43.0 99
202009100083 2459103.437332176 22152.062929964817 68.0 98
202009100083 2459103.437332176 22073.357737390597 41.0 95
202009100083 2459103.437332176 22165.963847146184 83.0 94
202009100083 2459103.437332176 22127.761326675856 54.0 92
202009100083 2459103.437332176 22087.658680830144 84.0 90
202009100083 2459103.437332176 22113.16036329305 45.0 89
202009100083 2459103.437332176 22165.963847146184 73.0 86
202009100084 2459103.448883102 22122.119136558827 49.0 106
202009100084 2459103.448883102 22128.81957829714 40.0 105
202009100084 2459103.448883102 22170.52232744482 50.0 104
202009100084 2459103.448883102 22141.320402409954 59.0 103
202009100084 2459103.448883102 22124.219275030016 46.0 102
202009100084 2459103.448883102 22106.91813442114 38.0 101
202009100084 2459103.448883102 22153.421200064884 53.0 100
202009100084 2459103.448883102 22120.619037707893 52.0 99
202009100084 2459103.448883102 22173.222505469697 79.0 98
202009100084 2459103.448883102 22100.217692749393 47.0 95
202009100084 2459103.448883102 22170.722340607193 64.0 94
202009100084 2459103.448883102 22127.81951235214 52.0 92
202009100084 2459103.448883102 22104.91800266427 53.0 90
202009100084 2459103.448883102 22129.019591459513 52.0 89
202009100084 2459103.448883102 22174.722604320632 67.0 86
202009100085 2459103.460422454 22145.787925419012 55.0 106
202009100085 2459103.460422454 22135.28723379531 47.0 105
202009100085 2459103.460422454 22188.19071837171 56.0 104
202009100085 2459103.460422454 22147.28802420338 68.0 103
202009100085 2459103.460422454 22136.18729302599 47.0 102
202009100085 2459103.460422454 22129.286838524706 44.0 101
202009100085 2459103.460422454 22144.287826634645 54.0 100
202009100085 2459103.460422454 22130.586924213265 50.0 99
202009100085 2459103.460422454 22167.689368030235 78.0 98
202009100085 2459103.460422454 22104.185185182374 52.0 95
202009100085 2459103.460422454 22197.991363993675 71.0 94
202009100085 2459103.460422454 22144.68785302596 59.0 92
202009100085 2459103.460422454 22106.18531693924 72.0 90
202009100085 2459103.460422454 22143.68778708096 56.0 89
202009100085 2459103.460422454 22171.789638058588 70.0 86
202009100086 2459103.4741840283 22147.296493494123 64.0 106
202009100086 2459103.4741840283 22150.99673699803 52.0 105
202009100086 2459103.4741840283 22195.3996586455 75.0 104
202009100086 2459103.4741840283 22158.29721735809 73.0 103
202009100086 2459103.4741840283 22118.994631351135 57.0 102
202009100086 2459103.4741840283 22154.49696733956 67.0 101
202009100086 2459103.4741840283 22195.499665226685 80.0 100
202009100086 2459103.4741840283 22169.197934640866 78.0 99
202009100086 2459103.4741840283 22161.1974082125 82.0 98
202009100086 2459103.4741840283 22119.894690515248 62.0 95
202009100086 2459103.4741840283 22216.401040428427 106.0 94
202009100086 2459103.4741840283 22178.398539976904 70.0 92
202009100086 2459103.4741840283 22121.094769556057 83.0 90
202009100086 2459103.4741840283 22162.1974739578 71.0 89
202009100086 2459103.4741840283 22207.700467998322 87.0 86
202009100087 2459103.48572338 22178.450511862196 240.0 106
202009100087 2459103.48572338 22000.638822960413 224.0 105
202009100087 2459103.48572338 22079.043977152232 387.0 104
202009100087 2459103.48572338 22061.44282006159 2439.0 103
202009100087 2459103.48572338 22223.653483429902 740.0 102
202009100087 2459103.48572338 22005.9391713639 222.0 101
202009100087 2459103.48572338 22110.44604138155 528.0 100
202009100087 2459103.48572338 22155.24898662451 372.0 99
202009100087 2459103.48572338 22363.362667495694 558.0 98
202009100087 2459103.48572338 22445.968097764515 332.0 95
202009100087 2459103.48572338 22212.952779908603 399.0 94
202009100087 2459103.48572338 21759.422966046302 1679.0 92
202009100087 2459103.48572338 22073.043582680435 498.0 90
202009100087 2459103.48572338 22240.154568127487 948.0 89
202009100087 2459103.48572338 22298.358394250947 687.0 86
202009100088 2459103.4972627317 21967.220970478895 732.0 106
202009100088 2459103.4972627317 22061.927190348004 532.0 105
202009100088 2459103.4972627317 22658.86639436918 895.0 104
202009100088 2459103.4972627317 22348.24599434203 791.0 103
202009100088 2459103.4972627317 22180.83499960248 932.0 102
202009100088 2459103.4972627317 22129.631636824783 891.0 101
202009100088 2459103.4972627317 22617.26366205405 1609.0 100
202009100088 2459103.4972627317 22621.763957608346 2951.0 99
202009100088 2459103.4972627317 21660.4008200043 1958.0 98
202009100088 2459103.4972627317 22580.861271361522 2215.0 95
202009100088 2459103.4972627317 21937.619026375116 1581.0 94
202009100088 2459103.4972627317 22359.046703645705 3931.0 92
202009100088 2459103.4972627317 23107.895884319518 1026.0 90
202009100088 2459103.4972627317 22044.22602780782 1337.0 89
202009100088 2459103.4972627317 23119.8966724643 2761.0 86
