2458737.6209085654 174.25065183422703 8.432650086872213
2458737.6289525465 172.61999115808794 6.538195619835964
2458737.636996528 169.25793134310152 5.868607907390427
2458737.647297454 nan 13.224997330744937
2458737.6567650465 168.19209682690052 7.4580692073221275
2458739.5693807867 -26.893416108236124 13.152027848831487
2458739.57322338 -14.207585330303118 13.719564396538988
2458739.5770891206 -5.6026574617826554 13.369224535870584
2458739.5809664354 -5.884258862464776 13.297966812658386
2458739.58484375 -11.068244678197516 12.91927762824838
2458739.5887094913 -18.266476595803397 14.294501913426627
2458739.592586806 -16.628481029485556 12.627451378371893
2458739.596452547 -13.04074143599064 12.443959389785192
2458739.6003298615 -24.22886623287559 10.728231144106173
2458739.6042071762 -19.774532354036637 11.123010408807705
2458742.6323668985 -119.97161299809522 32.56343613223096
2458742.636846065 -114.01814736580491 33.53590409097602
2458742.640711806 -115.51139012734347 33.11276404159347
2458742.6449247687 -124.010318198194 33.03172474461658
2458742.6487673614 -108.55453324310292 33.350957883253436
2458742.6528298617 -111.49463575833943 32.97275474018226
2458742.656707176 -113.95589051917341 33.4739948951804
