2458730.412748843 2458731.4178901 6007.53404569833 116.0 85.5 520.82478293069 148
2458730.412748843 2458731.4178901 5804.5170829831895 165.0 -117.5 317.807820215543 147
2458730.412748843 2458731.4178901 5924.03825813458 243.0 2.0 437.32899536693196 146
2458730.412748843 2458731.4178901 5777.57686925073 335.0 -144.4 290.867606483087 145
2458730.412748843 2458731.4178901 6046.6486170534 771.0 124.7 559.939354285755 144
2458730.412748843 2458731.4178901 5752.08957839531 628.0 -169.9 265.38031562766304 143
2458730.412748843 2458731.4178901 5793.27725726307 67.0 -128.70000000000002 306.567994495427 142
2458730.412748843 2458731.4178901 5797.9817890691 270.0 -124.0 311.272526301458 141
2458730.412748843 2458731.4178901 5827.1071276487 75.0 -94.89999999999999 340.397864881052 140
2458730.412748843 2458731.4178901 5789.50185848465 172.0 -132.5 302.792595717006 139
2458730.412748843 2458731.4178901 5775.59807083741 117.0 -146.4 288.88880806976 138
2458730.412748843 2458731.4178901 5776.58225755764 40.0 -145.4 289.872994789999 137
2458730.412748843 2458731.4178901 5775.164224536779 126.0 -146.8 288.454961769133 136
2458730.412748843 2458731.4178901 5782.06524382989 46.0 -139.9 295.35598106224 135
2458730.412748843 2458731.4178901 5787.91876743209 136.0 -134.1 301.209504664441 134
2458730.412748843 2458731.4178901 5796.058481163081 35.0 -125.9 309.349218395431 133
2458730.412748843 2458731.4178901 5805.09734227873 56.0 -116.9 318.388079511088 132
2458730.412748843 2458731.4178901 5773.669652426071 38.0 -148.29999999999998 286.960389658423 131
2458730.412748843 2458731.4178901 5785.0702965726505 42.0 -136.9 298.361033805009 130
2458730.412748843 2458731.4178901 5780.9568868482 35.0 -141.0 294.247624080552 129
2458730.412748843 2458731.4178901 5793.78530600792 81.0 -128.20000000000002 307.07604324028 128
2458730.412748843 2458731.4178901 5809.89815697136 31.0 -112.10000000000001 323.188894203716 127
2458730.412748843 2458731.4178901 5796.29392280572 74.0 -125.7 309.584660038075 126
2458730.412748843 2458731.4178901 5805.35885420844 35.0 -116.6 318.649591440798 125
2458730.412748843 2458731.4178901 5810.8674792784595 51.0 -111.10000000000001 324.15821651082 124
2458730.412748843 2458731.4178901 5782.352899603539 59.0 -139.6 295.643636835891 123
2458730.412748843 2458731.4178901 5811.85151222822 63.0 -110.10000000000001 325.142249460579 122
2458730.412748843 2458731.4178901 5794.29396058184 29.0 -127.7 307.58469781419603 121
2458730.412748843 2458731.4178901 5792.63110858176 48.0 -129.39999999999998 305.921845814118 120
2458730.412748843 2458731.4178901 5750.48762849177 70.0 -171.5 263.778365724125 119
2458730.412748843 2458731.4178901 5783.68832286241 36.0 -138.3 296.979060094763 118
2458730.412748843 2458731.4178901 5790.29980785246 22.0 -131.70000000000002 303.59054508481 117
2458730.412748843 2458731.4178901 5786.93189026099 70.0 -135.1 300.222627493346 116
2458730.412748843 2458731.4178901 5788.1772682562205 33.0 -133.8 301.468005488576 115
2458730.412748843 2458731.4178901 5791.855553055209 30.0 -130.1 305.14629028756804 114
2458730.412748843 2458731.4178901 5792.03753203044 36.0 -130.0 305.328269262792 113
2458730.412748843 2458731.4178901 5786.649150682681 26.0 -135.3 299.939887915036 112
2458730.412748843 2458731.4178901 5791.527684304109 27.0 -130.5 304.818421536462 111
2458730.412748843 2458731.4178901 5789.8860327266 23.0 -132.1 303.176769958955 110
2458730.412748843 2458731.4178901 5806.27849986372 34.0 -115.7 319.569237096079 109
2458730.412748843 2458731.4178901 5765.0666007475 78.0 -156.9 278.357337979851 108
2458730.412748843 2458731.4178901 5792.5033314373395 49.0 -129.5 305.794068669694 107
2458730.412748843 2458731.4178901 5776.80121114396 50.0 -145.2 290.091948376317 106
2458730.412748843 2458731.4178901 5781.5202891714 84.0 -140.5 294.811026403754 105
2458730.412748843 2458731.4178901 5773.00244038427 85.0 -149.0 286.293177616628 104
2458730.412748843 2458731.4178901 5777.43333455961 56.0 -144.6 290.724071791966 103
2458730.412748843 2458731.4178901 5775.76695762091 98.0 -146.2 289.05769485326897 102
2458730.412748843 2458731.4178901 5758.361984100609 60.0 -163.6 271.65272133296196 101
2458730.412748843 2458731.4178901 5780.14235323431 118.0 -141.9 293.433090466663 100
2458730.412748843 2458731.4178901 5776.592020585191 128.0 -145.4 289.88275781754504 99
2458730.412748843 2458731.4178901 5775.19817253211 59.0 -146.8 288.48890976447 98
2458730.412748843 2458731.4178901 5745.22220441599 137.0 -176.8 258.512941648347 97
2458730.412748843 2458731.4178901 5774.63546636981 134.0 -147.4 287.926203602167 96
2458730.412748843 2458731.4178901 5772.67943211167 169.0 -149.29999999999998 285.970169344025 95
2458730.412748843 2458731.4178901 5769.46083197987 68.0 -152.5 282.75156921222697 94
2458730.412748843 2458731.4178901 5799.59246621289 39.0 -122.39999999999999 312.883203445241 93
2458730.412748843 2458731.4178901 5761.656746684421 68.0 -160.3 274.947483916779 92
2458730.412748843 2458731.4178901 5832.858101451729 118.0 -89.1 346.14883868408305 91
2458730.412748843 2458731.4178901 5801.22202989964 86.0 -120.80000000000001 314.512767131997 90
2458730.412748843 2458731.4178901 5785.67621190691 47.0 -136.3 298.96694913926603 89
2458730.412748843 2458731.4178901 5808.96312661287 138.0 -113.0 322.253863845227 88
2458730.412748843 2458731.4178901 5781.167122713389 138.0 -140.8 294.457859945749 87
2458730.412748843 2458731.4178901 5785.86894636166 123.0 -136.1 299.15968359402 86
2458730.412748843 2458731.4178901 5769.4083855955305 145.0 -152.60000000000002 282.699122827886 85
2458730.412748843 2458731.4178901 5829.67615068316 245.0 -92.3 342.966887915517 84
2458730.412748843 2458731.4178901 5944.75182992067 102.0 22.8 458.04256715302597 83
2458730.412748843 2458731.4178901 5854.85722227311 77.0 -67.10000000000001 368.14795950546 82
2458730.412748843 2458731.4178901 5833.51135639279 80.0 -88.5 346.80209362514097 81
2458730.412748843 2458731.4178901 5874.54551980022 70.0 -47.5 387.836257032577 80
2458730.412748843 2458731.4178901 5878.63754837187 57.0 -43.4 391.928285604223 79
2458730.412748843 2458731.4178901 5920.40130457723 73.0 -1.6 433.69204180958997 78
2458730.412748843 2458731.4178901 5804.60004022653 45.0 -117.4 317.89077745888 77
2458730.412748843 2458731.4178901 5771.377713810901 65.0 -150.60000000000002 284.668451043251 76
2458730.412748843 2458731.4178901 5932.14325062439 282.0 10.1 445.433987856745 75
2458730.412748843 2458731.4178901 5831.37907653502 70.0 -90.6 344.66981376737897 74
2458730.412748843 2458731.4178901 5722.28877875321 78.0 -199.7 235.579515985562 73
2458730.412748843 2458731.4178901 5873.82090111119 89.0 -48.2 387.111638343542 72
2458730.412748843 2458731.4178901 5811.5502384477 86.0 -110.39999999999999 324.840975680054 71
2458730.412748843 2458731.4178901 5885.73540113481 71.0 -36.3 399.026138367161 70
2458730.412748843 2458731.4178901 5910.14853429546 43.0 -11.799999999999999 423.439271527818 69
2458730.412748843 2458731.4178901 5802.94750442832 90.0 -119.0 316.238241660671 68
2458730.412748843 2458731.4178901 5856.64862426404 173.0 -65.3 369.939361496399 67
2458730.412748843 2458731.4178901 5727.37567030953 93.0 -194.6 240.666407541881 66
2458730.412748843 2458731.4178901 5832.86033498459 145.0 -89.1 346.151072216943 65
2458730.4780497686 2458731.48319221 5774.4260202236 0.0 -0.0 435.287414929741 148
2458730.4780497686 2458731.48319221 5774.4262102066905 0.0 -0.0 435.287604912836 147
2458730.4780497686 2458731.48319221 5774.4261933651605 0.0 -0.0 435.287588071308 146
2458730.4780497686 2458731.48319221 5774.42659709588 0.0 0.0 435.287991802026 145
2458730.4780497686 2458731.48319221 5774.42570749039 0.0 -0.0 435.287102196532 144
2458730.4780497686 2458731.48319221 5774.42614304028 0.0 -0.0 435.28753774642297 143
2458730.4780497686 2458731.48319221 5774.42571534533 0.0 -0.0 435.28711005147403 142
2458730.4780497686 2458731.48319221 5774.4259574506295 0.0 -0.0 435.287352156771 141
2458730.4780497686 2458731.48319221 5774.426439464501 0.0 -0.0 435.287834170642 140
2458730.4780497686 2458731.48319221 5774.426326366641 0.0 -0.0 435.287721072787 139
2458730.4780497686 2458731.48319221 5774.4260729449 0.0 -0.0 435.287467651049 138
2458730.4780497686 2458731.48319221 5774.42654816891 0.0 0.0 435.287942875055 137
2458730.4780497686 2458731.48319221 5774.42616700451 0.0 -0.0 435.287561710654 136
2458730.4780497686 2458731.48319221 5774.42654643816 0.0 0.0 435.287941144305 135
2458730.4780497686 2458731.48319221 5774.42585220771 0.0 -0.0 435.287246913858 134
2458730.4780497686 2458731.48319221 5774.42583396827 0.0 -0.0 435.287228674416 133
2458730.4780497686 2458731.48319221 5774.426568005971 0.0 0.0 435.287962712113 132
2458730.4780497686 2458731.48319221 5774.42621040639 0.0 -0.0 435.287605112538 131
2458730.4780497686 2458731.48319221 5774.42592989176 0.0 -0.0 435.287324597906 130
2458730.4780497686 2458731.48319221 5774.42621979238 0.0 -0.0 435.287614498528 129
2458730.4780497686 2458731.48319221 5774.42625713664 0.0 -0.0 435.287651842788 128
2458730.4780497686 2458731.48319221 5774.426294680609 0.0 -0.0 435.287689386749 127
2458730.4780497686 2458731.48319221 5774.42600338207 0.0 -0.0 435.28739808821297 126
2458730.4780497686 2458731.48319221 5774.42592762847 0.0 -0.0 435.287322334617 125
2458730.4780497686 2458731.48319221 5774.4263143179605 0.0 -0.0 435.287709024105 124
2458730.4780497686 2458731.48319221 5774.42592250279 0.0 -0.0 435.287317208934 123
2458730.4780497686 2458731.48319221 5774.42605623651 0.0 -0.0 435.28745094265497 122
2458730.4780497686 2458731.48319221 5774.42592989176 0.0 -0.0 435.287324597906 121
2458730.4780497686 2458731.48319221 5774.42650876107 0.0 0.0 435.28790346720905 120
2458730.4780497686 2458731.48319221 5774.42654191158 0.0 0.0 435.287936617728 119
2458730.4780497686 2458731.48319221 5774.42639333335 0.0 -0.0 435.287788039498 118
2458730.4780497686 2458731.48319221 5774.42628682566 0.0 -0.0 435.28768153180704 117
2458730.4780497686 2458731.48319221 5774.42604358872 0.0 -0.0 435.287438294866 116
2458730.4780497686 2458731.48319221 5774.42625507306 0.0 -0.0 435.287649779201 115
2458730.4780497686 2458731.48319221 5774.426436602101 0.0 -0.0 435.287831308248 114
2458730.4780497686 2458731.48319221 5774.42612213815 0.0 -0.0 435.28751684428903 113
2458730.4780497686 2458731.48319221 5774.42601196925 0.0 -0.0 435.287406675395 112
2458730.4780497686 2458731.48319221 5774.42604239051 0.0 -0.0 435.287437096655 111
2458730.4780497686 2458731.48319221 5774.426609410831 0.0 0.0 435.288004116978 110
2458730.4780497686 2458731.48319221 5774.42599366324 0.0 -0.0 435.287388369386 109
2458730.4780497686 2458731.48319221 5774.42593515058 0.0 -0.0 435.28732985672303 108
2458730.4780497686 2458731.48319221 5774.4263729637605 0.0 -0.0 435.287767669902 107
2458730.4780497686 2458731.48319221 5774.42616767018 0.0 -0.0 435.287562376327 106
2458730.4780497686 2458731.48319221 5774.42598680681 0.0 -0.0 435.287381512953 105
2458730.4780497686 2458731.48319221 5774.4262446885605 0.0 -0.0 435.287639394701 104
2458730.4780497686 2458731.48319221 5774.4260442544 0.0 -0.0 435.287438960539 103
2458730.4780497686 2458731.48319221 5774.42607034878 0.0 -0.0 435.287465054924 102
2458730.4780497686 2458731.48319221 5774.42612706413 0.0 -0.0 435.28752177027 101
2458730.4780497686 2458731.48319221 5774.42610709393 0.0 -0.0 435.28750180007705 100
2458730.4780497686 2458731.48319221 5774.42626079785 0.0 -0.0 435.28765550399004 99
2458730.4780497686 2458731.48319221 5774.42626991757 0.0 -0.0 435.287664623711 98
2458730.4780497686 2458731.48319221 5774.42729325678 0.0 0.0 435.28868796292505 97
2458730.4780497686 2458731.48319221 5774.42638494587 0.0 -0.0 435.287779652018 96
2458730.4780497686 2458731.48319221 5774.42570855546 0.0 -0.0 435.28710326160905 95
2458730.4780497686 2458731.48319221 5774.42625021364 0.0 -0.0 435.287644919788 94
2458730.4780497686 2458731.48319221 5774.42633042725 0.0 -0.0 435.287725133393 93
2458730.4780497686 2458731.48319221 5774.42618517738 0.0 -0.0 435.287579883529 92
2458730.4780497686 2458731.48319221 5774.42628496178 0.0 -0.0 435.28767966792196 91
2458730.4780497686 2458731.48319221 5774.42614184207 0.0 -0.0 435.287536548212 90
2458730.4780497686 2458731.48319221 5774.42623650078 0.0 -0.0 435.287631206923 89
2458730.4780497686 2458731.48319221 5774.42630912571 0.0 -0.0 435.287703831855 88
2458730.4780497686 2458731.48319221 5774.42624568707 0.0 -0.0 435.287640393211 87
2458730.4780497686 2458731.48319221 5774.42615954897 0.0 -0.0 435.287554255115 86
2458730.4780497686 2458731.48319221 5774.426091450619 0.0 -0.0 435.28748615676 85
2458730.4780497686 2458731.48319221 5774.42616554003 0.0 -0.0 435.287560246173 84
2458730.4780497686 2458731.48319221 5774.42628442924 0.0 -0.0 435.287679135384 83
2458730.4780497686 2458731.48319221 5774.42614996328 0.0 -0.0 435.28754466942297 82
2458730.4780497686 2458731.48319221 5774.42618823948 0.0 -0.0 435.287582945625 81
2458730.4780497686 2458731.48319221 5774.42630626332 0.0 -0.0 435.287700969461 80
2458730.4780497686 2458731.48319221 5774.42652806558 0.0 0.0 435.287922771728 79
2458730.4780497686 2458731.48319221 5774.42615202687 0.0 -0.0 435.28754673301 78
2458730.4780497686 2458731.48319221 5774.42633435472 0.0 -0.0 435.28772906086397 77
2458730.4780497686 2458731.48319221 5774.42609591063 0.0 -0.0 435.28749061677 76
2458730.4780497686 2458731.48319221 5774.42602308599 0.0 -0.0 435.28741779213595 75
2458730.4780497686 2458731.48319221 5774.42613005965 0.0 -0.0 435.287524765798 74
2458730.4780497686 2458731.48319221 5774.42638481274 0.0 -0.0 435.287779518883 73
2458730.4780497686 2458731.48319221 5774.42604332245 0.0 -0.0 435.28743802859697 72
2458730.4780497686 2458731.48319221 5774.42612326979 0.0 -0.0 435.28751797593304 71
2458730.4780497686 2458731.48319221 5774.42643453852 0.0 -0.0 435.28782924466196 70
2458730.4780497686 2458731.48319221 5774.42605217591 0.0 -0.0 435.28744688204904 69
2458730.4780497686 2458731.48319221 5774.42590519529 0.0 -0.0 435.287299901435 68
2458730.4780497686 2458731.48319221 5774.426726768999 0.0 0.0 435.28812147514003 67
2458730.4780497686 2458731.48319221 5774.42702965024 0.0 0.0 435.28842435638796 66
2458730.4780497686 2458731.48319221 5774.42600917342 0.0 -0.0 435.287403879568 65
2458745.358408565 2458746.36365018 5852.273343313431 324.0 6681.5 7116.80914546651 148
2458745.358408565 2458746.36365018 5838.99341108944 339.0 6668.2 7103.529213242519 147
2458745.358408565 2458746.36365018 5820.45139513715 291.0 6649.7 7084.98719729023 146
2458745.358408565 2458746.36365018 5910.9710687344505 421.0 6740.2 7175.50687088753 145
2458745.358408565 2458746.36365018 5738.145046064829 215.0 6567.400000000001 7002.680848217919 144
2458745.358408565 2458746.36365018 5853.7868634752995 216.0 6683.0 7118.32266562839 143
2458745.358408565 2458746.36365018 5802.89884995137 187.0 6632.1 7067.43465210446 142
2458745.358408565 2458746.36365018 5793.39177177078 351.0 6622.6 7057.927573923869 141
2458745.358408565 2458746.36365018 5871.08808878521 160.0 6700.3 7135.62389093829 140
2458745.358408565 2458746.36365018 5803.78047502346 50.0 6633.0 7068.31627717654 139
2458745.358408565 2458746.36365018 5830.97067934923 146.0 6660.2 7095.506481502311 138
2458745.358408565 2458746.36365018 5888.96794708477 71.0 6718.200000000001 7153.50374923786 137
2458745.358408565 2458746.36365018 5838.02512010963 130.0 6667.3 7102.56092226271 136
2458745.358408565 2458746.36365018 5807.10628932564 39.0 6636.3 7071.64209147873 135
2458745.358408565 2458746.36365018 5875.03669483165 173.0 6704.3 7139.57249698473 134
2458745.358408565 2458746.36365018 5798.76995094647 47.0 6628.0 7063.30575309955 133
2458745.358408565 2458746.36365018 5871.23767025081 250.0 6700.5 7135.7734724039 132
2458745.358408565 2458746.36365018 5840.81953904783 147.0 6670.099999999999 7105.3553412009205 131
2458745.358408565 2458746.36365018 5785.6142588796 40.0 6614.9 7050.150061032679 130
2458745.358408565 2458746.36365018 5784.32248879662 67.0 6613.6 7048.8582909497 129
2458745.358408565 2458746.36365018 5843.20676290537 71.0 6672.4 7107.742565058459 128
2458745.358408565 2458746.36365018 5796.54880692879 71.0 6625.8 7061.08460908188 127
2458745.358408565 2458746.36365018 5841.48322947937 65.0 6670.7 7106.01903163246 126
2458745.358408565 2458746.36365018 5810.6019700158295 65.0 6639.8 7075.13777216892 125
2458745.358408565 2458746.36365018 5796.4220471991 64.0 6625.7 7060.957849352179 124
2458745.358408565 2458746.36365018 5883.27396008898 64.0 6712.5 7147.80976224206 123
2458745.358408565 2458746.36365018 5905.57291164479 60.0 6734.8 7170.10871379788 122
2458745.358408565 2458746.36365018 5849.86869752681 61.0 6679.1 7114.404499679899 121
2458745.358408565 2458746.36365018 5785.7943583269 48.0 6615.0 7050.33016047999 120
2458745.358408565 2458746.36365018 5817.92741633559 71.0 6647.2 7082.4632184886805 119
2458745.358408565 2458746.36365018 5775.45514081101 51.0 6604.7 7039.9909429641 118
2458745.358408565 2458746.36365018 5141.84775589177 57.0 5971.099999999999 6406.38355804486 117
2458745.358408565 2458746.36365018 5836.68548933096 52.0 6665.9 7101.22129148405 116
2458745.358408565 2458746.36365018 5824.82922824563 43.0 6654.099999999999 7089.365030398711 115
2458745.358408565 2458746.36365018 5841.4514638932105 56.0 6670.7 7105.98726604629 114
2458745.358408565 2458746.36365018 5828.88863970211 63.0 6658.1 7093.4244418552 113
2458745.358408565 2458746.36365018 5807.952365858059 55.0 6637.2 7072.488168011149 112
2458745.358408565 2458746.36365018 5763.37188900238 64.0 6592.6 7027.907691155469 111
2458745.358408565 2458746.36365018 5873.98545100194 49.0 6703.2 7138.5212531550205 110
2458745.358408565 2458746.36365018 5745.32459275675 43.0 6574.6 7009.86039490983 109
2458745.358408565 2458746.36365018 5810.23406968318 48.0 6639.5 7074.76987183626 108
2458745.358408565 2458746.36365018 5139.69828476065 56.0 5968.9 6404.23408691374 107
2458745.358408565 2458746.36365018 5759.97561147476 50.0 6589.2 7024.51141362784 106
2458745.358408565 2458746.36365018 5746.29787521953 47.0 6575.5 7010.8336773726105 105
2458745.358408565 2458746.36365018 5792.09590273929 61.0 6621.3 7056.63170489238 104
2458745.358408565 2458746.36365018 5827.5879484017505 72.0 6656.799999999999 7092.12375055484 103
2458745.358408565 2458746.36365018 5763.20161675351 51.0 6592.4 7027.73741890659 102
2458745.358408565 2458746.36365018 5841.97113668781 58.0 6671.2 7106.506938840899 101
2458745.358408565 2458746.36365018 5158.68635539115 61.0 5987.9 6423.22215754423 100
2458745.358408565 2458746.36365018 5817.677608203269 74.0 6646.9 7082.21341035636 99
2458745.358408565 2458746.36365018 5763.7509098031105 79.0 6593.0 7028.28671195619 98
2458745.358408565 2458746.36365018 5564.95559445516 80.0 6394.2 6829.4913966082395 97
2458745.358408565 2458746.36365018 4789.1022307291405 185.0 5618.299999999999 6053.63803288223 96
2458745.358408565 2458746.36365018 5129.19615288006 67.0 5958.400000000001 6393.73195503314 95
2458745.358408565 2458746.36365018 5781.89331981373 71.0 6611.1 7046.42912196681 94
2458745.358408565 2458746.36365018 5835.21277745798 63.0 6664.5 7099.74857961106 93
2458745.358408565 2458746.36365018 5146.39227227276 68.0 5975.6 6410.928074425849 92
2458745.358408565 2458746.36365018 4836.25000286483 238.0 5665.5 6100.78580501791 91
2458745.358408565 2458746.36365018 5825.12759995783 76.0 6654.4 7089.663402110909 90
2458745.358408565 2458746.36365018 5140.24232258762 59.0 5969.5 6404.7781247407 89
2458745.358408565 2458746.36365018 5546.23930456031 133.0 6375.5 6810.7751067134 88
2458745.358408565 2458746.36365018 5579.19539243459 46.0 6408.400000000001 6843.731194587671 87
2458745.358408565 2458746.36365018 5810.3227135053 81.0 6639.599999999999 7074.8585156583895 86
2458745.358408565 2458746.36365018 5847.30823371671 95.0 6676.5 7111.8440358698 85
2458745.358408565 2458746.36365018 5850.947470066721 105.0 6680.2 7115.4832722198 84
2458745.358408565 2458746.36365018 -750.647552107338 96.0 78.60000000000001 513.888250045746 83
2458745.358408565 2458746.36365018 2081.80934449282 359.0 2911.1 3346.34514664591 82
2458745.358408565 2458746.36365018 4826.94662636913 269.0 5656.2 6091.482428522209 81
2458745.358408565 2458746.36365018 4183.603907634039 310.0 5012.8 5448.13970978712 80
2458745.358408565 2458746.36365018 78.3698079736372 251.0 907.5999999999999 1342.9056101267201 79
2458745.358408565 2458746.36365018 1403.6710370190199 324.0 2232.9 2668.2068391721 78
2458745.358408565 2458746.36365018 5787.00947755353 95.0 6616.2 7051.54527970661 77
2458745.358408565 2458746.36365018 5724.04485696958 73.0 6553.3 6988.58065912266 76
2458745.358408565 2458746.36365018 -623.842500188796 484.0 205.4 640.693301964288 75
2458745.358408565 2458746.36365018 4549.295126177651 326.0 5378.5 5813.83092833074 74
2458745.358408565 2458746.36365018 5705.61572339388 103.0 6534.900000000001 6970.15152554697 73
2458745.358408565 2458746.36365018 4562.29431051717 324.0 5391.5 5826.83011267025 72
2458745.358408565 2458746.36365018 5267.384658670329 225.0 6096.599999999999 6531.9204608234195 71
2458745.358408565 2458746.36365018 -454.909348490029 161.0 374.3 809.6264536630559 70
2458745.358408565 2458746.36365018 -721.2360002676401 152.0 108.0 543.299801885444 69
2458745.358408565 2458746.36365018 5008.77244885793 264.0 5838.0 6273.308251011011 68
2458745.358408565 2458746.36365018 5747.3953081067 303.0 6576.6 7011.931110259779 67
2458745.358408565 2458746.36365018 5746.74005920852 100.0 6576.0 7011.275861361601 66
2458745.358408565 2458746.36365018 5744.02501619252 404.0 6573.299999999999 7008.560818345601 65
2458745.397320602 2458746.40256206 5813.96945162167 210.0 6729.2 7164.47146245086 148
2458745.397320602 2458746.40256206 5874.06641618228 136.0 6789.3 7224.568427011471 147
2458745.397320602 2458746.40256206 5779.23804847849 156.0 6694.4 7129.74005930768 146
2458745.397320602 2458746.40256206 5855.577129725079 403.0 6770.8 7206.07914055427 145
2458745.397320602 2458746.40256206 5789.32787231012 155.0 6704.5 7139.8298831393095 144
2458745.397320602 2458746.40256206 5832.31667712136 217.0 6747.5 7182.81868795055 143
2458745.397320602 2458746.40256206 5815.6646915456695 87.0 6730.900000000001 7166.1667023748605 142
2458745.397320602 2458746.40256206 5817.354954431819 207.0 6732.599999999999 7167.85696526101 141
2458745.397320602 2458746.40256206 5870.7092040117295 185.0 6785.9 7221.211214840921 140
2458745.397320602 2458746.40256206 5806.32309010514 72.0 6721.5 7156.825100934329 139
2458745.397320602 2458746.40256206 5819.95944412816 51.0 6735.2 7170.46145495736 138
2458745.397320602 2458746.40256206 5879.45907767475 86.0 6794.7 7229.961088503939 137
2458745.397320602 2458746.40256206 5805.04405920745 96.0 6720.2 7155.54607003664 136
2458745.397320602 2458746.40256206 5801.24604605029 40.0 6716.5 7151.74805687948 135
2458745.397320602 2458746.40256206 5850.61459248882 84.0 6765.799999999999 7201.11660331801 134
2458745.397320602 2458746.40256206 5806.03001395537 96.0 6721.2 7156.532024784559 133
2458745.397320602 2458746.40256206 5882.4947292119305 67.0 6797.7 7232.99674004112 132
2458745.397320602 2458746.40256206 5851.09571868537 199.0 6766.3 7201.59772951456 131
2458745.397320602 2458746.40256206 5785.905484089069 36.0 6701.1 7136.40749491826 130
2458745.397320602 2458746.40256206 5782.09493491004 53.0 6697.3 7132.59694573923 129
2458745.397320602 2458746.40256206 5855.845258511699 86.0 6771.0 7206.34726934089 128
2458745.397320602 2458746.40256206 5782.64942660006 78.0 6697.9 7133.15143742925 127
2458745.397320602 2458746.40256206 5825.44788046555 127.0 6740.700000000001 7175.94989129474 126
2458745.397320602 2458746.40256206 5784.01169472319 59.0 6699.2 7134.51370555238 125
2458745.397320602 2458746.40256206 5792.92363794522 163.0 6708.1 7143.42564877441 124
2458745.397320602 2458746.40256206 5878.38291044611 78.0 6793.599999999999 7228.8849212753 123
2458745.397320602 2458746.40256206 5891.46997334999 73.0 6806.7 7241.97198417918 122
2458745.397320602 2458746.40256206 5846.62935924606 75.0 6761.8 7197.13137007525 121
2458745.397320602 2458746.40256206 5804.21712962931 62.0 6719.400000000001 7154.7191404585 120
2458745.397320602 2458746.40256206 5830.07186230178 70.0 6745.3 7180.57387313097 119
2458745.397320602 2458746.40256206 5769.30328307081 54.0 6684.5 7119.8052939 118
2458745.397320602 2458746.40256206 5142.9957591270995 58.0 6058.2 6493.4977699562905 117
2458745.397320602 2458746.40256206 5824.30756192354 57.0 6739.5 7174.809572752731 116
2458745.397320602 2458746.40256206 5813.99713343668 54.0 6729.2 7164.49914426586 115
2458745.397320602 2458746.40256206 5833.79539968935 61.0 6749.0 7184.29741051854 114
2458745.397320602 2458746.40256206 5848.5609298191 65.0 6763.8 7199.06294064829 113
2458745.397320602 2458746.40256206 5802.61681921199 79.0 6717.8 7153.11883004117 112
2458745.397320602 2458746.40256206 5768.90945344065 88.0 6684.1 7119.41146426984 111
2458745.397320602 2458746.40256206 5867.24171144748 63.0 6782.4 7217.74372227667 110
2458745.397320602 2458746.40256206 5751.42400916563 53.0 6666.599999999999 7101.926019994819 109
2458745.397320602 2458746.40256206 5821.42137189768 62.0 6736.6 7171.92338272687 108
2458745.397320602 2458746.40256206 5142.36342356144 50.0 6057.599999999999 6492.86543439063 107
2458745.397320602 2458746.40256206 5774.42891047604 67.0 6689.6 7124.93092130523 106
2458745.397320602 2458746.40256206 5765.74820164313 63.0 6681.0 7116.25021247232 105
2458745.397320602 2458746.40256206 5800.22289628692 66.0 6715.4 7150.7249071161095 104
2458745.397320602 2458746.40256206 5826.97895342783 92.0 6742.200000000001 7177.48096425702 103
2458745.397320602 2458746.40256206 5770.5024524377895 76.0 6685.7 7121.00446326698 102
2458745.397320602 2458746.40256206 5835.8052364410205 71.0 6751.0 7186.30724727021 101
2458745.397320602 2458746.40256206 5153.92554634905 75.0 6069.099999999999 6504.42755717824 100
2458745.397320602 2458746.40256206 5827.74920427223 98.0 6743.0 7178.25121510142 99
2458745.397320602 2458746.40256206 5790.516113056 91.0 6705.7 7141.01812388519 98
2458745.397320602 2458746.40256206 5581.03075350843 79.0 6496.2 6931.5327643376195 97
2458745.397320602 2458746.40256206 4772.7177600866 176.0 5687.9 6123.21977091579 96
2458745.397320602 2458746.40256206 5129.47774087419 91.0 6044.7 6479.979751703379 95
2458745.397320602 2458746.40256206 5780.7990297325005 87.0 6696.0 7131.30104056169 94
2458745.397320602 2458746.40256206 5834.72465167274 87.0 6749.900000000001 7185.22666250193 93
2458745.397320602 2458746.40256206 5143.98998193398 60.0 6059.2 6494.49199276317 92
2458745.397320602 2458746.40256206 4856.28668188901 245.0 5771.5 6206.7886927182 91
2458745.397320602 2458746.40256206 5818.11594090437 106.0 6733.3 7168.6179517335595 90
2458745.397320602 2458746.40256206 5134.76480278631 66.0 6050.0 6485.2668136155 89
2458745.397320602 2458746.40256206 5535.66099614567 140.0 6450.9 6886.16300697486 88
2458745.397320602 2458746.40256206 5633.918760276601 157.0 6549.1 6984.42077110579 87
2458745.397320602 2458746.40256206 5798.347431303099 116.0 6713.599999999999 7148.84944213229 86
2458745.397320602 2458746.40256206 5867.94720455035 181.0 6783.2 7218.44921537954 85
2458745.397320602 2458746.40256206 5862.51788058088 151.0 6777.700000000001 7213.01989141007 84
2458745.397320602 2458746.40256206 -823.434363233099 109.0 91.80000000000001 527.0676475960911 83
2458745.397320602 2458746.40256206 2100.9716942883497 384.0 3016.2 3451.47370511754 82
2458745.397320602 2458746.40256206 4808.830323487529 299.0 5724.0 6159.33233431672 81
2458745.397320602 2458746.40256206 4252.72245173534 336.0 5167.900000000001 5603.22446256453 80
2458745.397320602 2458746.40256206 41.310240050663296 258.0 956.5 1391.8122508798501 79
2458745.397320602 2458746.40256206 1413.25722947597 337.0 2328.5 2763.75924030516 78
2458745.397320602 2458746.40256206 5789.40354456049 102.0 6704.6 7139.90555538967 77
2458745.397320602 2458746.40256206 5748.756308485689 91.0 6664.0 7099.25831931488 76
2458745.397320602 2458746.40256206 -715.880194067409 328.0 199.3 634.621816761781 75
2458745.397320602 2458746.40256206 4577.96054839949 311.0 5493.2 5928.46255922868 74
2458745.397320602 2458746.40256206 5712.88043686143 108.0 6628.099999999999 7063.38244769062 73
2458745.397320602 2458746.40256206 4597.51249078584 285.0 5512.7 5948.01450161503 72
2458745.397320602 2458746.40256206 5274.097457934 229.0 6189.3 6624.59946876319 71
2458745.397320602 2458746.40256206 -537.395653393731 164.0 377.8 813.106357435459 70
2458745.397320602 2458746.40256206 -798.806239970162 160.0 116.4 551.695770859028 69
2458745.397320602 2458746.40256206 5086.06395919033 275.0 6001.299999999999 6436.56597001952 68
2458745.397320602 2458746.40256206 5741.58651982877 276.0 6656.799999999999 7092.088530657959 67
2458745.397320602 2458746.40256206 5723.0220304207205 120.0 6638.200000000001 7073.52404124991 66
2458745.397320602 2458746.40256206 5762.7776178514405 279.0 6678.0 7113.27962868063 65
2458746.4836053243 2458747.48884078 5413.63822427442 524.0 6988.400000000001 7423.7382171456 148
2458746.4836053243 2458747.48884078 5829.383794346069 268.0 7404.200000000001 7839.48378721726 147
2458746.4836053243 2458747.48884078 5801.40031667299 283.0 7376.2 7811.50030954418 146
2458746.4836053243 2458747.48884078 5914.269140032789 509.0 7489.099999999999 7924.36913290398 145
2458746.4836053243 2458747.48884078 5751.04996782204 446.0 7325.9 7761.149960693219 144
2458746.4836053243 2458747.48884078 5858.22355990992 562.0 7433.0 7868.32355278111 143
2458746.4836053243 2458747.48884078 5832.66896025404 156.0 7407.5 7842.76895312523 142
2458746.4836053243 2458747.48884078 5819.21749126861 196.0 7394.0 7829.3174841397995 141
2458746.4836053243 2458747.48884078 5892.94782404224 127.0 7467.7 7903.04781691343 140
2458746.4836053243 2458747.48884078 5847.613851333391 192.0 7422.4 7857.71384420457 139
2458746.4836053243 2458747.48884078 5818.38062765151 122.0 7393.2 7828.4806205227 138
2458746.4836053243 2458747.48884078 5848.63220259241 161.0 7423.4 7858.7321954636 137
2458746.4836053243 2458747.48884078 5825.09486234235 208.0 7399.9 7835.19485521354 136
2458746.4836053243 2458747.48884078 5795.5800657408 122.0 7370.4 7805.68005861199 135
2458746.4836053243 2458747.48884078 5868.1950676088 140.0 7443.0 7878.295060479991 134
2458746.4836053243 2458747.48884078 5784.42618660209 170.0 7359.200000000001 7794.5261794732705 133
2458746.4836053243 2458747.48884078 5886.29549741309 143.0 7461.1 7896.39549028427 132
2458746.4836053243 2458747.48884078 5840.333124597781 121.0 7415.099999999999 7850.4331174689705 131
2458746.4836053243 2458747.48884078 5781.04879415295 103.0 7355.900000000001 7791.14878702414 130
2458746.4836053243 2458747.48884078 5779.72312679892 140.0 7354.5 7789.823119670111 129
2458746.4836053243 2458747.48884078 5849.096698345171 144.0 7423.9 7859.196691216361 128
2458746.4836053243 2458747.48884078 5785.220377313461 151.0 7360.0 7795.32037018464 127
2458746.4836053243 2458747.48884078 5819.03297547988 185.0 7393.799999999999 7829.13296835106 126
2458746.4836053243 2458747.48884078 5796.4309930994605 158.0 7371.2 7806.53098597065 125
2458746.4836053243 2458747.48884078 5777.74085130887 169.0 7352.5 7787.84084418006 124
2458746.4836053243 2458747.48884078 5870.910119611391 160.0 7445.700000000001 7881.01011248257 123
2458746.4836053243 2458747.48884078 5895.25309828577 141.0 7470.1 7905.35309115696 122
2458746.4836053243 2458747.48884078 5823.19350846739 158.0 7398.0 7833.29350133857 121
2458746.4836053243 2458747.48884078 5789.2937512626295 145.0 7364.099999999999 7799.39374413381 120
2458746.4836053243 2458747.48884078 5828.21119265708 167.0 7403.0 7838.3111855282605 119
2458746.4836053243 2458747.48884078 5764.51016990564 128.0 7339.299999999999 7774.610162776819 118
2458746.4836053243 2458747.48884078 5762.08485430445 121.0 7336.9 7772.18484717564 117
2458746.4836053243 2458747.48884078 5842.53167374093 134.0 7417.3 7852.63166661211 116
2458746.4836053243 2458747.48884078 5821.0997714799105 126.0 7395.900000000001 7831.1997643510895 115
2458746.4836053243 2458747.48884078 5834.90991616683 140.0 7409.7 7845.00990903801 114
2458746.4836053243 2458747.48884078 5826.25229926652 142.0 7401.099999999999 7836.35229213771 113
2458746.4836053243 2458747.48884078 5795.97911744308 155.0 7370.8 7806.07911031426 112
2458746.4836053243 2458747.48884078 5767.65783038977 141.0 7342.5 7777.75782326096 111
2458746.4836053243 2458747.48884078 5875.069819109641 117.0 7449.900000000001 7885.16981198083 110
2458746.4836053243 2458747.48884078 5753.93938503095 134.0 7328.700000000001 7764.039377902141 109
2458746.4836053243 2458747.48884078 5820.14025347208 137.0 7394.9 7830.24024634327 108
2458746.4836053243 2458747.48884078 5787.50490472405 140.0 7362.3 7797.60489759523 107
2458746.4836053243 2458747.48884078 5759.14775559905 163.0 7333.9 7769.2477484702395 106
2458746.4836053243 2458747.48884078 5753.90416819617 148.0 7328.700000000001 7764.00416106735 105
2458746.4836053243 2458747.48884078 5784.060770960749 154.0 7358.900000000001 7794.16076383193 104
2458746.4836053243 2458747.48884078 5820.60863029855 172.0 7395.400000000001 7830.70862316974 103
2458746.4836053243 2458747.48884078 5759.1777575509905 156.0 7334.0 7769.27775042217 102
2458746.4836053243 2458747.48884078 5840.1784506666 122.0 7415.0 7850.27844353779 101
2458746.4836053243 2458747.48884078 5777.67034681169 154.0 7352.5 7787.77033968288 100
2458746.4836053243 2458747.48884078 5826.0465184183595 139.0 7400.8 7836.146511289549 99
2458746.4836053243 2458747.48884078 5761.5314171071395 164.0 7336.299999999999 7771.631409978329 98
2458746.4836053243 2458747.48884078 5654.72362541963 110.0 7229.5 7664.8236182908195 97
2458746.4836053243 2458747.48884078 5528.51050823635 215.0 7103.3 7538.61050110754 96
2458746.4836053243 2458747.48884078 5766.988882006341 170.0 7341.8 7777.08887487752 95
2458746.4836053243 2458747.48884078 5771.921173321491 167.0 7346.7 7782.02116619267 94
2458746.4836053243 2458747.48884078 5837.65264219604 145.0 7412.5 7847.75263506723 93
2458746.4836053243 2458747.48884078 5806.0432277884 156.0 7380.8 7816.14322065959 92
2458746.4836053243 2458747.48884078 4775.951368905739 239.0 6350.799999999999 6786.05136177693 91
2458746.4836053243 2458747.48884078 5815.47852258071 168.0 7390.3 7825.5785154519 90
2458746.4836053243 2458747.48884078 5739.4209207933 157.0 7314.2 7749.52091366449 89
2458746.4836053243 2458747.48884078 5658.42732814608 187.0 7233.2 7668.52732101727 88
2458746.4836053243 2458747.48884078 5649.9131440889205 78.0 7224.700000000001 7660.01313696011 87
2458746.4836053243 2458747.48884078 5811.10339769656 134.0 7385.900000000001 7821.20339056774 86
2458746.4836053243 2458747.48884078 5822.41389726108 163.0 7397.2 7832.51389013226 85
2458746.4836053243 2458747.48884078 5812.18303933923 166.0 7387.0 7822.28303221041 84
2458746.4836053243 2458747.48884078 -1498.2020379452601 104.0 76.6 511.89795492592407 83
2458746.4836053243 2458747.48884078 2886.6750126348898 465.0 4461.5 4896.775005506071 82
2458746.4836053243 2458747.48884078 5269.20356825615 288.0 6844.0 7279.30356112734 81
2458746.4836053243 2458747.48884078 4620.69652534194 409.0 6195.5 6630.796518213119 80
2458746.4836053243 2458747.48884078 -106.630716716563 341.0 1468.2 1903.4692761546198 79
2458746.4836053243 2458747.48884078 1859.4931250817199 563.0 3434.2999999999997 3869.5931179529102 78
2458746.4836053243 2458747.48884078 5798.77798607294 177.0 7373.599999999999 7808.8779789441205 77
2458746.4836053243 2458747.48884078 5739.78839336444 170.0 7314.6 7749.88838623563 76
2458746.4836053243 2458747.48884078 -1351.2786712170598 363.0 223.5 658.821321654131 75
2458746.4836053243 2458747.48884078 4513.8748471816 316.0 6088.7 6523.97484005279 74
2458746.4836053243 2458747.48884078 5743.077873899 187.0 7317.9 7753.17786677018 73
2458746.4836053243 2458747.48884078 4937.4440544319095 274.0 6512.2 6947.544047303099 72
2458746.4836053243 2458747.48884078 5521.3128809318505 258.0 7096.099999999999 7531.41287380304 71
2458746.4836053243 2458747.48884078 -939.269385440068 302.0 635.5 1070.83060743112 70
2458746.4836053243 2458747.48884078 -1376.02800016641 240.0 198.8 634.071992704772 69
2458746.4836053243 2458747.48884078 4713.829623366129 279.0 6288.599999999999 6723.92961623732 68
2458746.4836053243 2458747.48884078 5810.23294235235 159.0 7385.0 7820.33293522354 67
2458746.4836053243 2458747.48884078 5698.10369309223 127.0 7272.9 7708.203685963421 66
2458746.4836053243 2458747.48884078 5038.27136388441 2416.0 6613.1 7048.3713567556 65
2458746.5176678244 2458747.52290306 5890.51574784812 203.0 7536.8 7972.06983379588 148
2458746.5176678244 2458747.52290306 5864.00183221619 187.0 7510.3 7945.55591816395 147
2458746.5176678244 2458747.52290306 5823.47254928262 266.0 7469.7 7905.02663523038 146
2458746.5176678244 2458747.52290306 5842.18622088556 443.0 7488.400000000001 7923.74030683332 145
2458746.5176678244 2458747.52290306 5826.0464009098405 370.0 7472.299999999999 7907.60048685761 144
2458746.5176678244 2458747.52290306 5884.054363282399 269.0 7530.3 7965.60844923016 143
2458746.5176678244 2458747.52290306 5846.94190427524 133.0 7493.2 7928.495990223 142
2458746.5176678244 2458747.52290306 5838.7328469143495 129.0 7485.0 7920.28693286211 141
2458746.5176678244 2458747.52290306 5914.71389975995 182.0 7561.0 7996.26798570771 140
2458746.5176678244 2458747.52290306 5825.52327839768 195.0 7471.8 7907.07736434544 139
2458746.5176678244 2458747.52290306 5840.14834545156 159.0 7486.4 7921.70243139932 138
2458746.5176678244 2458747.52290306 5875.487953977489 145.0 7521.7 7957.04203992526 137
2458746.5176678244 2458747.52290306 5825.258278673899 145.0 7471.5 7906.81236462166 136
2458746.5176678244 2458747.52290306 5809.561703170951 213.0 7455.8 7891.11578911871 135
2458746.5176678244 2458747.52290306 5810.7779606985305 118.0 7457.0 7892.33204664629 134
2458746.5176678244 2458747.52290306 5825.768607815 148.0 7472.0 7907.32269376276 133
2458746.5176678244 2458747.52290306 5888.62882589849 269.0 7534.900000000001 7970.18291184625 132
2458746.5176678244 2458747.52290306 5831.46400197711 137.0 7477.7 7913.01808792487 131
2458746.5176678244 2458747.52290306 5788.26457867179 111.0 7434.5 7869.81866461955 130
2458746.5176678244 2458747.52290306 5784.24358800115 163.0 7430.5 7865.7976739489095 129
2458746.5176678244 2458747.52290306 5834.59006436558 152.0 7480.8 7916.144150313339 128
2458746.5176678244 2458747.52290306 5791.49412073814 160.0 7437.700000000001 7873.0482066859 127
2458746.5176678244 2458747.52290306 5821.39538901912 166.0 7467.7 7902.949474966879 126
2458746.5176678244 2458747.52290306 5799.105399486441 148.0 7445.400000000001 7880.6594854342 125
2458746.5176678244 2458747.52290306 5781.35182269704 241.0 7427.6 7862.9059086448 124
2458746.5176678244 2458747.52290306 5869.47684405786 152.0 7515.7 7951.030930005621 123
2458746.5176678244 2458747.52290306 5899.345081441291 126.0 7545.6 7980.8991673890505 122
2458746.5176678244 2458747.52290306 5832.6210494159595 141.0 7478.900000000001 7914.17513536372 121
2458746.5176678244 2458747.52290306 5785.63510733011 142.0 7431.9 7867.18919327788 120
2458746.5176678244 2458747.52290306 5830.710898138799 148.0 7477.0 7912.264984086561 119
2458746.5176678244 2458747.52290306 5769.71293522298 137.0 7416.0 7851.26702117075 118
2458746.5176678244 2458747.52290306 5769.12624312914 135.0 7415.4 7850.680329076899 117
2458746.5176678244 2458747.52290306 5829.26202980988 130.0 7475.5 7910.816115757651 116
2458746.5176678244 2458747.52290306 5813.7470985151695 118.0 7460.0 7895.30118446293 115
2458746.5176678244 2458747.52290306 5838.15555658727 130.0 7484.4 7919.70964253503 114
2458746.5176678244 2458747.52290306 5831.64425299817 140.0 7477.9 7913.19833894593 113
2458746.5176678244 2458747.52290306 5803.27075960223 145.0 7449.5 7884.82484554999 112
2458746.5176678244 2458747.52290306 5765.93338350997 134.0 7412.200000000001 7847.487469457729 111
2458746.5176678244 2458747.52290306 5878.07633798013 112.0 7524.3 7959.63042392789 110
2458746.5176678244 2458747.52290306 5742.14748426311 137.0 7388.4 7823.70157021087 109
2458746.5176678244 2458747.52290306 5816.1955925864495 121.0 7462.5 7897.74967853422 108
2458746.5176678244 2458747.52290306 5777.14168275368 132.0 7423.4 7858.69576870144 107
2458746.5176678244 2458747.52290306 5762.6166217624595 159.0 7408.9 7844.17070771022 106
2458746.5176678244 2458747.52290306 5752.350622226891 140.0 7398.6 7833.90470817465 105
2458746.5176678244 2458747.52290306 5782.67508091365 149.0 7428.9 7864.22916686141 104
2458746.5176678244 2458747.52290306 5821.3129464742005 163.0 7467.6 7902.86703242196 103
2458746.5176678244 2458747.52290306 5755.3056182850705 153.0 7401.6 7836.859704232839 102
2458746.5176678244 2458747.52290306 5840.18686182805 116.0 7486.4 7921.740947775809 101
2458746.5176678244 2458747.52290306 5778.37142229113 164.0 7424.599999999999 7859.92550823889 100
2458746.5176678244 2458747.52290306 5837.55801342324 129.0 7483.799999999999 7919.112099370999 99
2458746.5176678244 2458747.52290306 5760.40045751191 154.0 7406.7 7841.954543459669 98
2458746.5176678244 2458747.52290306 5646.49245325042 109.0 7292.7 7728.046539198181 97
2458746.5176678244 2458747.52290306 5496.45903177381 213.0 7142.7 7578.01311772157 96
2458746.5176678244 2458747.52290306 5764.16475625842 167.0 7410.400000000001 7845.71884220618 95
2458746.5176678244 2458747.52290306 5788.393393933369 156.0 7434.599999999999 7869.94747988113 94
2458746.5176678244 2458747.52290306 5826.5873433570205 143.0 7472.8 7908.14142930478 93
2458746.5176678244 2458747.52290306 5809.1181695298 147.0 7455.4 7890.67225547757 92
2458746.5176678244 2458747.52290306 4731.8391931057195 254.0 6378.099999999999 6813.39327905348 91
2458746.5176678244 2458747.52290306 5813.7016130741395 154.0 7460.0 7895.2556990219 90
2458746.5176678244 2458747.52290306 5748.87212116078 145.0 7395.1 7830.42620710854 89
2458746.5176678244 2458747.52290306 5635.09753755345 199.0 7281.4 7716.65162350121 88
2458746.5176678244 2458747.52290306 5667.35975344565 146.0 7313.6 7748.91383939341 87
2458746.5176678244 2458747.52290306 5795.61254491128 150.0 7441.900000000001 7877.166630859039 86
2458746.5176678244 2458747.52290306 5838.6936741176305 203.0 7484.9 7920.24776006539 85
2458746.5176678244 2458747.52290306 5839.120412760601 166.0 7485.400000000001 7920.67449870836 84
2458746.5176678244 2458747.52290306 -1564.97360130846 108.0 81.3 516.580484639302 83
2458746.5176678244 2458747.52290306 2493.49570224668 458.0 4139.8 4575.04978819444 82
2458746.5176678244 2458747.52290306 5161.92129523661 289.0 6808.2 7243.47538118437 81
2458746.5176678244 2458747.52290306 4508.29303706486 390.0 6154.6 6589.847123012621 80
2458746.5176678244 2458747.52290306 -323.53533624001903 320.0 1322.7 1758.01874970774 79
2458746.5176678244 2458747.52290306 1606.83551911359 536.0 3253.1 3688.38960506135 78
2458746.5176678244 2458747.52290306 5806.8001594959205 168.0 7453.1 7888.35424544368 77
2458746.5176678244 2458747.52290306 5740.49552680166 151.0 7386.8 7822.04961274943 76
2458746.5176678244 2458747.52290306 -1417.65537921446 567.0 228.6 663.898706733305 75
2458746.5176678244 2458747.52290306 4452.89723726931 335.0 6099.2 6534.45132321707 74
2458746.5176678244 2458747.52290306 5741.4678973589 175.0 7387.7 7823.02198330666 73
2458746.5176678244 2458747.52290306 4850.83838757396 286.0 6497.099999999999 6932.39247352172 72
2458746.5176678244 2458747.52290306 5473.77844338866 250.0 7120.0 7555.33252933642 71
2458746.5176678244 2458747.52290306 -1078.69392798571 281.0 567.6 1002.8601579620499 70
2458746.5176678244 2458747.52290306 -1475.78029894789 218.0 170.5 605.7737869998709 69
2458746.5176678244 2458747.52290306 4688.83422967975 265.0 6335.099999999999 6770.388315627511 68
2458746.5176678244 2458747.52290306 5816.47486673732 153.0 7462.7 7898.02895268508 67
2458746.5176678244 2458747.52290306 5732.59876663424 134.0 7378.9 7814.1528525819995 66
2458746.5176678244 2458747.52290306 5155.46087323416 596.0 6801.700000000001 7237.01495918192 65
