202009020114 2459095.6179108797 -1002.6138503827169 539.5934523131181
202009020115 2459095.631846065 -1256.3831898815952 20.929042967016883
202009040126 2459097.4549016203 -798.7255647520251 11.287007590949774
202009040127 2459097.465850695 -798.2270120412431 2.852840552416635
202009040128 2459097.4785590284 -790.1932697348566 4.178760467250056
202009040129 2459097.491255787 -780.6145248458997 2.8270813642208767
202009040130 2459097.5046585654 -774.3022951838793 2.6312423254962285
202009040131 2459097.517320602 -771.2405932653455 2.368757497523216
202009040132 2459097.5300636576 -766.5510403400222 10.895780219684589
202009040133 2459097.5442766203 -761.7328256706242 2.5821532601401134
202009080133 2459101.5007233797 -50.2510194799288 12.315305046540342
202009080134 2459101.5126678245 -45.28487797994603 11.209330620884367
202009080135 2459101.524253472 -35.4080011663973 11.305462961284928
202009080136 2459101.5373668983 -33.68222282682109 10.87742997052312
202009080137 2459101.5493460647 -27.147192927972355 11.687875636974619
202009080138 2459101.5610358794 -32.734232617312955 10.915941588350806
202009090059 2459102.4768692134 26.87667916355349 12.029166662219037
202009090060 2459102.4899942135 34.44969977101573 10.914130468846055
202009090061 2459102.5026562503 37.98012718667087 11.298137399023885
202009090062 2459102.516649306 36.777031030724174 11.232857153258955
202009090063 2459102.5295428243 40.99194337888912 11.1181137734634
202009090064 2459102.5424247687 41.6141327873338 11.617871027747796
202009100079 2459103.391394676 96.5936844851858 10.246968203613806
202009100080 2459103.4007002315 75.71350170372534 8.446431131429453
202009100081 2459103.4122511577 93.04384734336054 10.481834790939585
202009100082 2459103.4241261575 102.556911516931 9.379995972111955
202009100083 2459103.437332176 112.94667509219653 10.209741463952923
202009100084 2459103.448883102 126.91343302830501 9.158709992553323
202009100085 2459103.460422454 137.7571722186076 9.281465712299697
202009100086 2459103.4741840283 153.91476802927355 10.85712234830103
202009100087 2459103.48572338 142.73280277713275 58.828823109222526
202009100088 2459103.4972627317 295.4332412117765 149.2376232364411
