2458798.4992534723 -6243.501523050031 264.0 143
2458798.4992534723 -6473.197819330503 295.0 142
2458798.4992534723 -6302.400573339723 179.0 141
2458798.4992534723 -6328.100158981359 262.0 140
2458798.4992534723 -6436.298414326015 346.0 139
2458798.4992534723 -6359.29965589437 130.0 138
2458798.4992534723 -6405.498910953357 252.0 137
2458798.4992534723 -6255.301332806622 211.0 136
2458798.4992534723 -6434.3984449510945 411.0 135
2458798.4992534723 -6374.099417253528 314.0 134
2458798.4992534723 -6282.000902282496 304.0 133
2458798.4992534723 -6494.397477501719 137.0 132
2458798.4992534723 -6514.897146952354 306.0 131
2458798.4992534723 -6455.798099909128 369.0 130
2458798.4992534723 -6481.9976774512415 498.0 129
2458798.4992534723 -6502.8973404422295 250.0 128
2458798.4992534723 -6484.297640366513 215.0 127
2458798.4992534723 -6501.197367854127 267.0 126
2458798.4992534723 -6577.096144024841 131.0 125
2458798.4992534723 -6426.798567517981 259.0 124
2458798.4992534723 -6335.600038054346 159.0 123
2458798.4992534723 -6328.400154128301 306.0 122
2458798.4992534723 -6304.400541141336 222.0 121
2458798.4992534723 -6292.400734597928 163.0 120
2458798.4992534723 -6408.398864195799 449.0 119
2458798.4992534723 -6410.098836783902 445.0 118
2458798.4992534723 -6247.001466652929 245.0 117
2458798.4992534723 -6327.900162194541 168.0 116
2458798.4992534723 -6360.799631728937 119.0 115
2458798.4992534723 -6255.50132959344 246.0 114
2458798.4992534723 -6290.800760403235 130.0 113
2458798.4992534723 -6300.20060881786 180.0 112
2458798.4992534723 -6346.099868729903 171.0 111
2458798.4992534723 -6360.999628482471 110.0 110
2458798.4992534723 -6342.7999219471085 145.0 109
2458798.4992534723 -6331.400105730871 157.0 108
2458798.4992534723 -6346.799857450483 123.0 107
2458798.4992534723 -6235.101658536213 199.0 106
2458798.4992534723 -6324.400218658211 141.0 105
2458798.4992534723 -6332.800083172029 123.0 104
2458798.4992534723 -6313.900387916086 201.0 103
2458798.4992534723 -6383.999257601914 160.0 102
2458798.4992534723 -6408.898856129561 118.0 101
2458798.4992534723 -6269.50110383861 203.0 100
2458798.4992534723 -6496.497443663457 220.0 99
2458798.4992534723 -6423.798615882129 319.0 98
2458798.4992534723 -6284.900855524939 167.0 97
2458798.4992534723 -6238.401605319009 177.0 95
2458798.4992534723 -6251.101400549713 162.0 94
2458798.4992534723 -6356.59969940546 133.0 93
2458798.4992534723 -6334.100062219779 218.0 92
2458798.4992534723 -6326.10019121303 189.0 90
2458798.4992534723 -6307.300494350496 163.0 89
2458798.4992534723 -6276.90098451819 225.0 86
2458798.4992534723 -6241.501555314986 321.0 85
2458798.4992534723 -6497.297430744161 333.0 84
2458798.4992534723 -6424.098611029072 172.0 77
2458798.4992534723 -6305.30052661545 261.0 76
2458798.4992534723 -6185.602456661147 319.0 73
2458798.5056076394 -6286.037306979577 202.0 143
2458798.5056076394 -6356.536167842618 353.0 142
2458798.5056076394 -6356.636166202743 129.0 141
2458798.5056076394 -6346.336332613557 181.0 140
2458798.5056076394 -6329.736600838709 124.0 139
2458798.5056076394 -6389.135641065143 222.0 138
2458798.5056076394 -6432.034947843571 161.0 137
2458798.5056076394 -6307.236964418552 145.0 136
2458798.5056076394 -6424.435070676726 444.0 135
2458798.5056076394 -6364.63603690994 190.0 134
2458798.5056076394 -6273.6375073285035 339.0 133
2458798.5056076394 -6470.834320924917 132.0 132
2458798.5056076394 -6449.734661846067 130.0 131
2458798.5056076394 -6436.734871901107 181.0 130
2458798.5056076394 -6478.534196518454 158.0 129
2458798.5056076394 -6494.433939572723 109.0 128
2458798.5056076394 -6488.334038140595 165.0 127
2458798.5056076394 -6490.434004202482 112.0 126
2458798.5056076394 -6547.933075120563 127.0 125
2458798.5056076394 -6450.73464571359 121.0 124
2458798.5056076394 -6358.636133871221 260.0 123
2458798.5056076394 -6333.036547521654 177.0 122
2458798.5056076394 -6397.335508559158 125.0 121
2458798.5056076394 -6267.237610749432 135.0 120
2458798.5056076394 -6374.835872105717 325.0 119
2458798.5056076394 -6395.735534397749 109.0 118
2458798.5056076394 -6287.7372795011115 203.0 117
2458798.5056076394 -6318.036789908215 119.0 116
2458798.5056076394 -6366.836001365236 111.0 115
2458798.5056076394 -6282.93735708345 159.0 114
2458798.5056076394 -6334.136529749302 123.0 113
2458798.5056076394 -6313.136869097145 137.0 112
2458798.5056076394 -6361.736083800632 130.0 111
2458798.5056076394 -6401.035448782455 98.0 110
2458798.5056076394 -6374.9358704991255 102.0 109
2458798.5056076394 -6330.0365960189365 171.0 108
2458798.5056076394 -6378.735809082548 112.0 107
2458798.5056076394 -6306.636974124664 144.0 106
2458798.5056076394 -6333.536539455415 137.0 105
2458798.5056076394 -6315.836825452919 133.0 104
2458798.5056076394 -6339.436444100725 160.0 103
2458798.5056076394 -6393.6355683358615 150.0 102
2458798.5056076394 -6371.635923816181 101.0 101
2458798.5056076394 -6352.936225979446 139.0 100
2458798.5056076394 -6423.535085202612 191.0 99
2458798.5056076394 -6357.736148430391 229.0 98
2458798.5056076394 -6305.936985437369 224.0 97
2458798.5056076394 -6317.136804434102 145.0 95
2458798.5056076394 -6316.33681738668 140.0 94
2458798.5056076394 -6380.935773537844 148.0 93
2458798.5056076394 -6254.637814344825 187.0 92
2458798.5056076394 -6338.636457053303 155.0 90
2458798.5056076394 -6343.636376257783 140.0 89
2458798.5056076394 -6437.034867081334 222.0 86
2458798.5056076394 -6282.037371609336 205.0 85
2458798.5056076394 -6370.035949688056 336.0 84
2458798.5056076394 -6368.9359674604075 158.0 77
2458798.5056076394 -6370.235946474873 216.0 76
2458798.5056076394 -6362.936064421689 291.0 73
2458798.513674769 -6296.887439606265 159.0 143
2458798.513674769 -6376.98614194298 163.0 142
2458798.513674769 -6330.486895231833 183.0 141
2458798.513674769 -6347.586618208202 219.0 140
2458798.513674769 -6366.286315279413 130.0 139
2458798.513674769 -6381.586067407406 130.0 138
2458798.513674769 -6429.885284900362 165.0 137
2458798.513674769 -6279.787716629896 174.0 136
2458798.513674769 -6408.88562511358 269.0 135
2458798.513674769 -6334.086836928586 192.0 134
2458798.513674769 -6283.287659899956 250.0 133
2458798.513674769 -6535.48357412816 156.0 132
2458798.513674769 -6458.184826440776 190.0 131
2458798.513674769 -6477.7845088862505 135.0 130
2458798.513674769 -6496.584204317588 124.0 129
2458798.513674769 -6506.884037474086 94.0 128
2458798.513674769 -6490.884296692082 129.0 127
2458798.513674769 -6479.784476488162 209.0 126
2458798.513674769 -6521.383802554657 102.0 125
2458798.513674769 -6445.985024075776 131.0 124
2458798.513674769 -6342.08670733623 333.0 123
2458798.513674769 -6366.186316886004 129.0 122
2458798.513674769 -6361.986384928648 150.0 121
2458798.513674769 -6290.987535160657 147.0 120
2458798.513674769 -6375.186171094603 188.0 119
2458798.513674769 -6415.985510113678 114.0 118
2458798.513674769 -6317.487105852694 243.0 117
2458798.513674769 -6310.487219246006 129.0 116
2458798.513674769 -6362.286380075591 117.0 115
2458798.513674769 -6306.187288928524 227.0 114
2458798.513674769 -6353.186527473582 115.0 113
2458798.513674769 -6320.687054009096 145.0 112
2458798.513674769 -6369.086269895462 128.0 111
2458798.513674769 -6388.585953980811 101.0 110
2458798.513674769 -6366.686308786482 117.0 109
2458798.513674769 -6338.686762393011 191.0 108
2458798.513674769 -6397.085816288933 111.0 107
2458798.513674769 -6306.487284075468 155.0 106
2458798.513674769 -6334.286833648836 143.0 105
2458798.513674769 -6362.286380075591 121.0 104
2458798.513674769 -6324.786987606327 164.0 103
2458798.513674769 -6381.7860641609395 140.0 102
2458798.513674769 -6383.086043075555 116.0 101
2458798.513674769 -6355.78648536938 202.0 100
2458798.513674769 -6427.585322151508 162.0 99
2458798.513674769 -6425.785351336415 209.0 98
2458798.513674769 -6301.787360217633 221.0 97
2458798.513674769 -6304.287319720022 174.0 95
2458798.513674769 -6335.686810990144 137.0 94
2458798.513674769 -6395.385843833965 127.0 93
2458798.513674769 -6283.48765665349 183.0 92
2458798.513674769 -6371.086237497372 154.0 90
2458798.513674769 -6335.786809383553 141.0 89
2458798.513674769 -6447.884993317562 190.0 86
2458798.513674769 -6311.787198193905 208.0 85
2458798.513674769 -6365.686324985526 278.0 84
2458798.513674769 -6375.786161355207 164.0 77
2458798.513674769 -6397.985801696479 206.0 76
2458798.513674769 -6312.587185241326 282.0 73
2458798.5217534727 -6327.1461094450615 279.0 143
2458798.5217534727 -6382.545209674828 463.0 142
2458798.5217534727 -6355.845643327617 179.0 141
2458798.5217534727 -6429.7444430762525 331.0 140
2458798.5217534727 -6387.045136579426 111.0 139
2458798.5217534727 -6342.945852841142 192.0 138
2458798.5217534727 -6459.3439623330705 151.0 137
2458798.5217534727 -6303.346496007457 137.0 136
2458798.5217534727 -6397.444967696646 250.0 135
2458798.5217534727 -6375.545323367693 278.0 134
2458798.5217534727 -6270.447030333963 230.0 133
2458798.5217534727 -6509.743143757762 74.0 132
2458798.5217534727 -6456.844002930533 133.0 131
2458798.5217534727 -6474.9437089756175 164.0 130
2458798.5217534727 -6501.943270469772 220.0 129
2458798.5217534727 -6526.64286928164 117.0 128
2458798.5217534727 -6473.143738193808 127.0 127
2458798.5217534727 -6488.743484836355 146.0 126
2458798.5217534727 -6578.042034474002 101.0 125
2458798.5217534727 -6430.644428450515 122.0 124
2458798.5217534727 -6348.445763513412 201.0 123
2458798.5217534727 -6356.245636834686 193.0 122
2458798.5217534727 -6363.345521501947 152.0 121
2458798.5217534727 -6307.346431044861 130.0 120
2458798.5217534727 -6362.545534521093 273.0 119
2458798.5217534727 -6407.244808486696 104.0 118
2458798.5217534727 -6286.446770450295 132.0 117
2458798.5217534727 -6313.446331944449 136.0 116
2458798.5217534727 -6361.545550753421 121.0 115
2458798.5217534727 -6301.346528505396 133.0 114
2458798.5217534727 -6338.145930789601 121.0 113
2458798.5217534727 -6341.245880452742 146.0 112
2458798.5217534727 -6361.745547473672 144.0 111
2458798.5217534727 -6395.345001767893 94.0 110
2458798.5217534727 -6380.545242139484 111.0 109
2458798.5217534727 -6350.545729375597 170.0 108
2458798.5217534727 -6392.945040758765 129.0 107
2458798.5217534727 -6309.6463936605805 153.0 106
2458798.5217534727 -6322.34618739352 142.0 105
2458798.5217534727 -6392.045055384501 132.0 104
2458798.5217534727 -6305.046468395857 156.0 103
2458798.5217534727 -6396.444983895691 145.0 102
2458798.5217534727 -6393.845026133027 144.0 101
2458798.5217534727 -6382.945203181896 148.0 100
2458798.5217534727 -6485.743533566622 161.0 99
2458798.5217534727 -6415.944667215515 226.0 98
2458798.5217534727 -6280.046874403763 209.0 97
2458798.5217534727 -6321.9461938864515 167.0 95
2458798.5217534727 -6307.046435897917 148.0 94
2458798.5217534727 -6436.7443293833885 168.0 93
2458798.5217534727 -6287.146759104307 177.0 92
2458798.5217534727 -6374.745336353555 155.0 90
2458798.5217534727 -6366.445471165088 136.0 89
2458798.5217534727 -6470.743777151395 194.0 86
2458798.5217534727 -6291.446689255371 251.0 85
2458798.5217534727 -6360.345570232214 276.0 84
2458798.5217534727 -6367.34545653935 179.0 77
2458798.5217534727 -6336.345960041075 235.0 76
2458798.5217534727 -6296.146612946786 298.0 73
2458798.530769676 -6293.617418817911 293.0 143
2458798.530769676 -6348.716521504312 402.0 142
2458798.530769676 -6339.016679473792 221.0 141
2458798.530769676 -6391.315827743845 432.0 140
2458798.530769676 -6375.616083406846 203.0 139
2458798.530769676 -6418.115391286255 149.0 138
2458798.530769676 -6458.314736616509 155.0 137
2458798.530769676 -6266.117866688058 194.0 136
2458798.530769676 -6388.515873327498 117.0 135
2458798.530769676 -6328.816845576077 349.0 134
2458798.530769676 -6289.617483946926 208.0 133
2458798.530769676 -6478.214412544745 76.0 132
2458798.530769676 -6445.714941809517 166.0 131
2458798.530769676 -6474.114479313634 171.0 130
2458798.530769676 -6515.213809984869 155.0 129
2458798.530769676 -6539.113420750806 126.0 128
2458798.530769676 -6494.014155241869 163.0 127
2458798.530769676 -6479.0143995255985 113.0 126
2458798.530769676 -6521.013715504529 109.0 125
2458798.530769676 -6442.71499067292 130.0 124
2458798.530769676 -6357.6163765872625 300.0 123
2458798.530769676 -6352.916453095549 136.0 122
2458798.530769676 -6371.7161469625535 144.0 121
2458798.530769676 -6333.316772280973 126.0 120
2458798.530769676 -6346.816552462228 180.0 119
2458798.530769676 -6408.315550895609 105.0 118
2458798.530769676 -6282.317602858967 208.0 117
2458798.530769676 -6326.31688627339 135.0 116
2458798.530769676 -6355.5164107583605 119.0 115
2458798.530769676 -6290.717466041439 162.0 114
2458798.530769676 -6333.316772280973 127.0 113
2458798.530769676 -6349.41651012504 138.0 112
2458798.530769676 -6388.215878213839 149.0 111
2458798.530769676 -6397.5157267705745 109.0 110
2458798.530769676 -6398.715707258497 110.0 109
2458798.530769676 -6328.116856988632 204.0 108
2458798.530769676 -6383.615953148817 118.0 107
2458798.530769676 -6310.617141969675 156.0 106
2458798.530769676 -6328.616848855826 142.0 105
2458798.530769676 -6339.316674587451 153.0 104
2458798.530769676 -6303.9172511090355 165.0 103
2458798.530769676 -6407.515563914754 149.0 102
2458798.530769676 -6377.116058975145 129.0 101
2458798.530769676 -6326.416884666799 169.0 100
2458798.530769676 -6445.414946729141 141.0 99
2458798.530769676 -6363.816275613991 231.0 98
2458798.530769676 -6282.717596332752 213.0 97
2458798.530769676 -6326.916876533993 156.0 95
2458798.530769676 -6319.516997052625 137.0 94
2458798.530769676 -6410.515515051352 160.0 93
2458798.530769676 -6307.117198999167 182.0 92
2458798.530769676 -6320.6169791138545 179.0 90
2458798.530769676 -6345.31657689393 144.0 89
2458798.530769676 -6506.613950048862 232.0 86
2458798.530769676 -6281.617614271522 233.0 85
2458798.530769676 -6408.715544402678 269.0 84
2458798.530769676 -6352.016467787853 181.0 77
2458798.530769676 -6309.717156661979 230.0 76
2458798.530769676 -6351.516475887375 254.0 73
2458798.5388252316 -6241.706618106159 218.0 143
2458798.5388252316 -6395.1041141211745 228.0 142
2458798.5388252316 -6376.704414493478 111.0 141
2458798.5388252316 -6362.604644650725 202.0 140
2458798.5388252316 -6376.604416133353 141.0 139
2458798.5388252316 -6378.70438182912 118.0 138
2458798.5388252316 -6435.503454673916 152.0 137
2458798.5388252316 -6277.006041893104 201.0 136
2458798.5388252316 -6428.103575458817 126.0 135
2458798.5388252316 -6362.5046462906 177.0 134
2458798.5388252316 -6275.406068031248 204.0 133
2458798.5388252316 -6515.402150504989 128.0 132
2458798.5388252316 -6461.20303518987 227.0 131
2458798.5388252316 -6472.202855635751 146.0 130
2458798.5388252316 -6500.302396961131 170.0 129
2458798.5388252316 -6521.402052545198 102.0 128
2458798.5388252316 -6515.502148865114 146.0 127
2458798.5388252316 -6473.202839303572 132.0 126
2458798.5388252316 -6525.101992136106 119.0 125
2458798.5388252316 -6415.50378115108 143.0 124
2458798.5388252316 -6352.804804592916 194.0 123
2458798.5388252316 -6357.104734411143 164.0 122
2458798.5388252316 -6391.104179449891 195.0 121
2458798.5388252316 -6327.705214337566 119.0 120
2458798.5388252316 -6351.604824204845 140.0 119
2458798.5388252316 -6428.703565686137 92.0 118
2458798.5388252316 -6294.105762772603 181.0 117
2458798.5388252316 -6318.9053579808615 128.0 116
2458798.5388252316 -6372.804478149036 125.0 115
2458798.5388252316 -6295.70573663446 162.0 114
2458798.5388252316 -6334.005111491435 127.0 113
2458798.5388252316 -6326.605232276336 144.0 112
2458798.5388252316 -6357.004736051018 149.0 111
2458798.5388252316 -6398.20406355133 100.0 110
2458798.5388252316 -6390.204194108912 112.0 109
2458798.5388252316 -6344.804935217066 216.0 108
2458798.5388252316 -6381.5043361456155 119.0 107
2458798.5388252316 -6309.1055179563355 158.0 106
2458798.5388252316 -6306.405561999965 151.0 105
2458798.5388252316 -6408.0039035758555 129.0 104
2458798.5388252316 -6319.805343255273 158.0 103
2458798.5388252316 -6414.2038023695995 138.0 102
2458798.5388252316 -6367.504564662989 124.0 101
2458798.5388252316 -6372.204487955 155.0 100
2458798.5388252316 -6461.603028663655 178.0 99
2458798.5388252316 -6411.603844806638 234.0 98
2458798.5388252316 -6298.70568770449 207.0 97
2458798.5388252316 -6351.104832370934 174.0 95
2458798.5388252316 -6342.704969488014 140.0 94
2458798.5388252316 -6387.204243105449 154.0 93
2458798.5388252316 -6296.105730108246 187.0 92
2458798.5388252316 -6365.304600573812 166.0 90
2458798.5388252316 -6343.404958042175 149.0 89
2458798.5388252316 -6476.502785453978 181.0 86
2458798.5388252316 -6307.205548947535 271.0 85
2458798.5388252316 -6397.604073324011 258.0 84
2458798.5388252316 -6379.204373696314 178.0 77
2458798.5388252316 -6366.904574435669 240.0 76
2458798.5388252316 -6296.105730108246 295.0 73
2458798.548258102 -6299.021835705821 200.0 143
2458798.548258102 -6366.720727807263 407.0 142
2458798.548258102 -6365.420749059066 117.0 141
2458798.548258102 -6347.221046917144 373.0 140
2458798.548258102 -6383.320456153895 132.0 139
2458798.548258102 -6370.520665625161 121.0 138
2458798.548258102 -6434.019626401636 159.0 137
2458798.548258102 -6269.222323389953 138.0 136
2458798.548258102 -6393.720285939769 198.0 135
2458798.548258102 -6363.820775263776 293.0 134
2458798.548258102 -6298.221848824818 174.0 133
2458798.548258102 -6480.718862177795 102.0 132
2458798.548258102 -6448.719385872602 134.0 131
2458798.548258102 -6495.618618369012 122.0 130
2458798.548258102 -6505.018464520349 158.0 129
2458798.548258102 -6511.618356521609 102.0 128
2458798.548258102 -6486.118773824266 127.0 127
2458798.548258102 -6502.318508697113 116.0 126
2458798.548258102 -6536.917942465417 163.0 125
2458798.548258102 -6410.120017566151 159.0 124
2458798.548258102 -6345.0210829278185 267.0 123
2458798.548258102 -6329.621334969258 145.0 122
2458798.548258102 -6435.2196067897075 155.0 121
2458798.548258102 -6298.421845545069 173.0 120
2458798.548258102 -6359.320848891717 279.0 119
2458798.548258102 -6435.1196084295825 117.0 118
2458798.548258102 -6295.721889721833 188.0 117
2458798.548258102 -6312.321618068465 138.0 116
2458798.548258102 -6368.8206934364625 130.0 115
2458798.548258102 -6284.722069741923 164.0 114
2458798.548258102 -6332.021295678835 125.0 113
2458798.548258102 -6328.12135950081 152.0 112
2458798.548258102 -6366.720727807263 141.0 111
2458798.548258102 -6395.320259768342 105.0 110
2458798.548258102 -6394.120279413554 124.0 109
2458798.548258102 -6337.121212211646 225.0 108
2458798.548258102 -6394.120279413554 120.0 107
2458798.548258102 -6299.721824259982 162.0 106
2458798.548258102 -6331.521303844924 140.0 105
2458798.548258102 -6363.1207867096155 159.0 104
2458798.548258102 -6314.82157717145 169.0 103
2458798.548258102 -6394.620271214181 160.0 102
2458798.548258102 -6399.2201959463655 140.0 101
2458798.548258102 -6340.221161475383 151.0 100
2458798.548258102 -6422.7198113746335 231.0 99
2458798.548258102 -6402.020150096443 213.0 98
2458798.548258102 -6282.322108999063 201.0 97
2458798.548258102 -6321.821462613211 166.0 95
2458798.548258102 -6301.921788249308 135.0 94
2458798.548258102 -6395.420258128467 158.0 93
2458798.548258102 -6276.022212111464 185.0 92
2458798.548258102 -6363.920773623901 167.0 90
2458798.548258102 -6358.420863650588 157.0 89
2458798.548258102 -6474.518963650321 186.0 86
2458798.548258102 -6329.7213332961 229.0 85
2458798.548258102 -6348.221030551681 319.0 84
2458798.548258102 -6376.820562512761 191.0 77
2458798.548258102 -6371.220654146038 225.0 76
2458798.548258102 -6306.021721147582 280.0 73
2458798.5563368057 -6304.28901382447 226.0 143
2458798.5563368057 -6389.387618191302 192.0 142
2458798.5563368057 -6378.887790411422 262.0 141
2458798.5563368057 -6357.988133178505 238.0 140
2458798.5563368057 -6351.588238097199 167.0 139
2458798.5563368057 -6371.787906842522 239.0 138
2458798.5563368057 -6438.686809733105 171.0 137
2458798.5563368057 -6272.58953366473 187.0 136
2458798.5563368057 -6392.187572308096 121.0 135
2458798.5563368057 -6352.388225011486 215.0 134
2458798.5563368057 -6291.689220448674 184.0 133
2458798.5563368057 -6473.5862373835735 132.0 132
2458798.5563368057 -6464.586384972291 132.0 131
2458798.5563368057 -6474.2862259044505 148.0 130
2458798.5563368057 -6502.485763426519 144.0 129
2458798.5563368057 -6523.885412493347 100.0 128
2458798.5563368057 -6499.585811016167 148.0 127
2458798.5563368057 -6480.186129151847 117.0 126
2458798.5563368057 -6528.385338698988 159.0 125
2458798.5563368057 -6441.286767063081 132.0 124
2458798.5563368057 -6350.988247969731 219.0 123
2458798.5563368057 -6374.187867485531 135.0 122
2458798.5563368057 -6373.487878964653 188.0 121
2458798.5563368057 -6309.788923631365 159.0 120
2458798.5563368057 -6364.088033112869 201.0 119
2458798.5563368057 -6402.587401761133 94.0 118
2458798.5563368057 -6287.88928276391 263.0 117
2458798.5563368057 -6329.188605462401 129.0 116
2458798.5563368057 -6349.888266008351 143.0 115
2458798.5563368057 -6284.889331960149 183.0 114
2458798.5563368057 -6343.388372566919 123.0 113
2458798.5563368057 -6335.988493917643 153.0 112
2458798.5563368057 -6363.588041312242 147.0 111
2458798.5563368057 -6374.087869125406 106.0 110
2458798.5563368057 -6384.787693658819 151.0 109
2458798.5563368057 -6341.888397165038 146.0 108
2458798.5563368057 -6386.987657581577 125.0 107
2458798.5563368057 -6301.8890531481775 172.0 106
2458798.5563368057 -6325.688662858014 149.0 105
2458798.5563368057 -6349.48827256785 163.0 104
2458798.5563368057 -6304.889003951938 180.0 103
2458798.5563368057 -6396.487501760203 152.0 102
2458798.5563368057 -6398.887462436495 114.0 101
2458798.5563368057 -6354.388192180709 207.0 100
2458798.5563368057 -6462.886412883443 209.0 99
2458798.5563368057 -6371.087918321645 232.0 98
2458798.5563368057 -6288.88926633188 210.0 97
2458798.5563368057 -6292.489207329677 171.0 95
2458798.5563368057 -6340.888413597068 163.0 94
2458798.5563368057 -6374.587860926032 156.0 93
2458798.5563368057 -6280.789399161727 190.0 92
2458798.5563368057 -6325.98865793839 175.0 90
2458798.5563368057 -6324.988674337136 160.0 89
2458798.5563368057 -6434.086885167339 194.0 86
2458798.5563368057 -6317.988789128361 241.0 85
2458798.5563368057 -6389.487616584711 270.0 84
2458798.5563368057 -6357.588139738004 165.0 77
2458798.5563368057 -6352.988215138954 227.0 76
2458798.5563368057 -6316.488813726481 272.0 73
2458798.5644502314 -6323.182375368436 516.0 143
2458798.5644502314 -6379.881443662348 184.0 142
2458798.5644502314 -6413.48089156611 210.0 141
2458798.5644502314 -6360.781757544077 238.0 140
2458798.5644502314 -6359.781773942824 158.0 139
2458798.5644502314 -6407.580988518415 117.0 138
2458798.5644502314 -6418.280812685709 175.0 137
2458798.5644502314 -6323.282373728562 186.0 136
2458798.5644502314 -6394.48120377468 113.0 135
2458798.5644502314 -6370.28160142315 175.0 134
2458798.5644502314 -6283.583026090138 285.0 133
2458798.5644502314 -6491.979601668394 90.0 132
2458798.5644502314 -6487.479675562604 106.0 131
2458798.5644502314 -6484.379726531852 133.0 130
2458798.5644502314 -6508.279333803006 126.0 129
2458798.5644502314 -6516.5791974271415 106.0 128
2458798.5644502314 -6471.379940148243 216.0 127
2458798.5644502314 -6490.579624659923 138.0 126
2458798.5644502314 -6541.378789906141 156.0 125
2458798.5644502314 -6447.38033448368 141.0 124
2458798.5644502314 -6350.781921864377 312.0 123
2458798.5644502314 -6367.181652359115 137.0 122
2458798.5644502314 -6388.481302333576 129.0 121
2458798.5644502314 -6303.6826958096635 141.0 120
2458798.5644502314 -6356.581826518663 155.0 119
2458798.5644502314 -6408.880967166761 110.0 118
2458798.5644502314 -6286.382980073798 135.0 117
2458798.5644502314 -6328.782283335754 139.0 116
2458798.5644502314 -6341.882068112773 150.0 115
2458798.5644502314 -6312.082557760641 188.0 114
2458798.5644502314 -6332.982214327885 129.0 113
2458798.5644502314 -6309.382602137107 154.0 112
2458798.5644502314 -6370.781593223777 155.0 111
2458798.5644502314 -6398.081144606059 106.0 110
2458798.5644502314 -6394.181208694304 125.0 109
2458798.5644502314 -6330.182260344226 208.0 108
2458798.5644502314 -6376.181504470845 124.0 107
2458798.5644502314 -6296.88280752084 164.0 106
2458798.5644502314 -6333.682202848762 147.0 105
2458798.5644502314 -6385.481351629666 167.0 104
2458798.5644502314 -6317.782464121368 179.0 103
2458798.5644502314 -6404.081046047162 156.0 102
2458798.5644502314 -6393.381221846585 122.0 101
2458798.5644502314 -6358.981787095105 199.0 100
2458798.5644502314 -6449.58029833987 146.0 99
2458798.5644502314 -6386.081341790419 244.0 98
2458798.5644502314 -6277.483126322193 245.0 97
2458798.5644502314 -6316.382487112897 172.0 95
2458798.5644502314 -6338.1821288879855 141.0 94
2458798.5644502314 -6398.481138013276 146.0 93
2458798.5644502314 -6293.382865049588 196.0 92
2458798.5644502314 -6335.182178184075 176.0 90
2458798.5644502314 -6331.782234072948 160.0 89
2458798.5644502314 -6454.480217819595 197.0 86
2458798.5644502314 -6302.282718801192 237.0 85
2458798.5644502314 -6395.381188982525 271.0 84
2458798.5644502314 -6347.781971160467 175.0 77
2458798.5644502314 -6364.881690142799 233.0 76
2458798.5644502314 -6290.882906113021 295.0 73
2458801.500225695 -6148.216377975322 118.0 143
2458801.500225695 -6171.515897231796 310.0 142
2458801.500225695 -6180.8157053821815 123.0 141
2458801.500225695 -6192.815457773093 220.0 140
2458801.500225695 -6223.914816101965 239.0 139
2458801.500225695 -6241.614450922661 120.0 138
2458801.500225695 -6258.61410015144 123.0 137
2458801.500225695 -6252.414228084466 56.0 136
2458801.500225695 -6189.715521722965 54.0 135
2458801.500225695 -6213.11503894016 174.0 134
2458801.500225695 -6177.615771338048 127.0 133
2458801.500225695 -6215.514989398372 122.0 132
2458801.500225695 -6148.616369685074 88.0 131
2458801.500225695 -6196.415383493695 117.0 130
2458801.500225695 -6177.615771338048 426.0 129
2458801.500225695 -6185.515608371167 139.0 128
2458801.500225695 -6234.914589118646 162.0 127
2458801.500225695 -6198.5153401363095 234.0 126
2458801.500225695 -6259.61407952567 49.0 125
2458801.500225695 -6165.016031315941 94.0 124
2458801.500225695 -6230.714675800134 498.0 123
2458801.500225695 -6211.215078152421 64.0 122
2458801.500225695 -6196.215387605535 51.0 121
2458801.500225695 -6217.814941929146 46.0 120
2458801.500225695 -6151.9163016233615 140.0 119
2458801.500225695 -6253.614203313572 86.0 118
2458801.500225695 -6211.615069895456 243.0 117
2458801.500225695 -6192.415466030057 109.0 116
2458801.500225695 -6201.715274147159 51.0 115
2458801.500225695 -6165.316025164822 49.0 114
2458801.500225695 -6182.815664064075 113.0 113
2458801.500225695 -6218.414929593625 73.0 112
2458801.500225695 -6185.215614588854 36.0 111
2458801.500225695 -6225.31478721923 73.0 110
2458801.500225695 -6190.515505242319 170.0 109
2458801.500225695 -6213.2150368675975 111.0 108
2458801.500225695 -6196.415383493695 182.0 107
2458801.500225695 -6213.815024498793 34.0 106
2458801.500225695 -6230.714675800134 50.0 105
2458801.500225695 -6274.613770039272 100.0 104
2458801.500225695 -6212.815045124562 64.0 103
2458801.500225695 -6195.915393789937 57.0 102
2458801.500225695 -6229.014710900554 71.0 101
2458801.500225695 -6226.6147603757745 99.0 100
2458801.500225695 -6243.514411710399 94.0 99
2458801.500225695 -6220.114894526488 86.0 98
2458801.500225695 -6185.915600114203 48.0 97
2458801.500225695 -6215.714985286531 74.0 95
2458801.500225695 -6190.715501097195 99.0 94
2458801.500225695 -6174.315839466327 64.0 93
2458801.500225695 -6218.81492133666 72.0 92
2458801.500225695 -6224.014814029403 89.0 90
2458801.500225695 -6217.914939889868 68.0 89
2458801.500225695 -6261.814034129005 139.0 86
2458801.500225695 -6249.914279665532 180.0 85
2458801.500225695 -6092.317531278705 237.0 84
2458801.500225695 -6194.115430929637 111.0 77
2458801.500225695 -6250.514267296727 99.0 76
2458801.500225695 -6244.31439519647 193.0 73
2458801.506174769 -6200.2579059431055 316.0 143
2458801.506174769 -6223.357428612463 328.0 142
2458801.506174769 -6221.057476148256 86.0 141
2458801.506174769 -6205.457798502714 128.0 140
2458801.506174769 -6178.258360542131 224.0 139
2458801.506174769 -6223.557424500622 173.0 138
2458801.506174769 -6296.855909905766 129.0 137
2458801.506174769 -6189.25813325926 99.0 136
2458801.506174769 -6216.857562962878 344.0 135
2458801.506174769 -6240.357077375271 219.0 134
2458801.506174769 -6218.857521611487 171.0 133
2458801.506174769 -6243.757007107862 36.0 132
2458801.506174769 -6212.957643526529 102.0 131
2458801.506174769 -6206.257781955501 198.0 130
2458801.506174769 -6246.15695753279 31.0 129
2458801.506174769 -6224.657401769006 48.0 128
2458801.506174769 -6215.857583621931 45.0 127
2458801.506174769 -6197.657959696584 64.0 126
2458801.506174769 -6235.3571807038215 56.0 125
2458801.506174769 -6212.8576455990915 74.0 124
2458801.506174769 -6195.258009304939 150.0 123
2458801.506174769 -6226.9573542664975 84.0 122
2458801.506174769 -6205.857790245749 59.0 121
2458801.506174769 -6179.258339883078 42.0 120
2458801.506174769 -6204.757812977365 227.0 119
2458801.506174769 -6244.956982336968 64.0 118
2458801.506174769 -6207.357759257169 30.0 117
2458801.506174769 -6221.057476148256 43.0 116
2458801.506174769 -6231.157267451876 28.0 115
2458801.506174769 -6214.857604247701 270.0 114
2458801.506174769 -6194.8580175619045 29.0 113
2458801.506174769 -6174.058447323469 69.0 112
2458801.506174769 -6205.157804687116 24.0 111
2458801.506174769 -6217.657546415665 59.0 110
2458801.506174769 -6219.7575030249955 113.0 109
2458801.506174769 -6218.857521611487 136.0 108
2458801.506174769 -6186.858182801048 28.0 107
2458801.506174769 -6221.557465852013 38.0 106
2458801.506174769 -6191.958077433219 29.0 105
2458801.506174769 -6225.757379037391 45.0 104
2458801.506174769 -6209.357717939062 35.0 103
2458801.506174769 -6195.757998942129 34.0 102
2458801.506174769 -6218.0575381587 113.0 101
2458801.506174769 -6218.957519572208 150.0 100
2458801.506174769 -6243.657009180424 82.0 99
2458801.506174769 -6220.357490622907 148.0 98
2458801.506174769 -6196.057992757726 53.0 97
2458801.506174769 -6206.557775771098 39.0 95
2458801.506174769 -6196.157990685165 66.0 94
2458801.506174769 -6223.9574162436575 75.0 93
2458801.506174769 -6245.956961644631 66.0 92
2458801.506174769 -6233.95720961984 48.0 90
2458801.506174769 -6192.2580712821 59.0 89
2458801.506174769 -6201.857872881963 119.0 86
2458801.506174769 -6180.758308861215 73.0 85
2458801.506174769 -6142.859091999102 141.0 84
2458801.506174769 -6206.757771659258 89.0 77
2458801.506174769 -6254.356788081955 75.0 76
2458801.506174769 -6172.758474166926 108.0 73
2458801.5119039356 -6217.347640762694 208.0 143
2458801.5119039356 -6093.750198288962 154.0 142
2458801.5119039356 -6208.447824921166 290.0 141
2458801.5119039356 -6164.848727093749 161.0 140
2458801.5119039356 -6215.847671817842 405.0 139
2458801.5119039356 -6260.246753064761 67.0 138
2458801.5119039356 -6303.245863294266 111.0 137
2458801.5119039356 -6179.148431183344 102.0 136
2458801.5119039356 -6197.548050464312 111.0 135
2458801.5119039356 -6191.548174618334 56.0 134
2458801.5119039356 -6198.848023587572 71.0 133
2458801.5119039356 -6230.247373868157 75.0 132
2458801.5119039356 -6194.148120864855 72.0 131
2458801.5119039356 -6190.048205640198 150.0 130
2458801.5119039356 -6226.947442129572 196.0 129
2458801.5119039356 -6233.547305540176 45.0 128
2458801.5119039356 -6205.847878741212 89.0 127
2458801.5119039356 -6202.447949108472 113.0 126
2458801.5119039356 -6238.847195894088 41.0 125
2458801.5119039356 -6196.548071156649 41.0 124
2458801.5119039356 -6190.648193238109 221.0 123
2458801.5119039356 -6189.348220148133 48.0 122
2458801.5119039356 -6176.948476713143 68.0 121
2458801.5119039356 -6190.448197416517 47.0 120
2458801.5119039356 -6191.74817047321 235.0 119
2458801.5119039356 -6262.146713785933 54.0 118
2458801.5119039356 -6212.547740079255 57.0 117
2458801.5119039356 -6209.2478083739525 89.0 116
2458801.5119039356 -6203.947918053324 55.0 115
2458801.5119039356 -6179.648420853818 124.0 114
2458801.5119039356 -6204.647903578673 45.0 113
2458801.5119039356 -6183.248346374718 68.0 112
2458801.5119039356 -6210.247787681616 38.0 111
2458801.5119039356 -6214.447700767143 31.0 110
2458801.5119039356 -6209.147810446515 31.0 109
2458801.5119039356 -6207.54784354094 190.0 108
2458801.5119039356 -6184.048329827504 29.0 107
2458801.5119039356 -6203.047936706384 24.0 106
2458801.5119039356 -6187.248263572085 30.0 105
2458801.5119039356 -6216.147665600155 65.0 104
2458801.5119039356 -6223.2475186812335 38.0 103
2458801.5119039356 -6189.848209818606 39.0 102
2458801.5119039356 -6214.547698694581 51.0 101
2458801.5119039356 -6220.047584903369 129.0 100
2458801.5119039356 -6247.847009663054 104.0 99
2458801.5119039356 -6186.148286370268 80.0 98
2458801.5119039356 -6188.648234622783 36.0 97
2458801.5119039356 -6191.548174618334 46.0 95
2458801.5119039356 -6193.748129088536 50.0 94
2458801.5119039356 -6214.047709057391 43.0 93
2458801.5119039356 -6218.6476138526705 42.0 92
2458801.5119039356 -6202.347951181034 56.0 90
2458801.5119039356 -6222.24753937357 35.0 89
2458801.5119039356 -6217.947628327322 72.0 86
2458801.5119039356 -6203.147934600537 69.0 85
2458801.5119039356 -6226.947442129572 152.0 84
2458801.5119039356 -6218.6476138526705 68.0 77
2458801.5119039356 -6256.246835867393 67.0 76
2458801.5119039356 -6132.549395499506 108.0 73
2458801.5176678244 -6211.87353833167 0.0 143
2458801.5176678244 -6211.87353833167 0.0 142
2458801.5176678244 -6211.87353833167 0.0 141
2458801.5176678244 -6211.87353833167 0.0 140
2458801.5176678244 -6211.87353833167 0.0 139
2458801.5176678244 -6211.87353833167 0.0 138
2458801.5176678244 -6211.87353833167 0.0 137
2458801.5176678244 -6211.87353833167 0.0 136
2458801.5176678244 -6211.87353833167 0.0 135
2458801.5176678244 -6211.87353833167 0.0 134
2458801.5176678244 -6211.87353833167 0.0 133
2458801.5176678244 -6211.87353833167 0.0 132
2458801.5176678244 -6211.87353833167 0.0 131
2458801.5176678244 -6211.87353833167 0.0 130
2458801.5176678244 -6211.87353833167 0.0 129
2458801.5176678244 -6211.87353833167 0.0 128
2458801.5176678244 -6211.87353833167 0.0 127
2458801.5176678244 -6211.87353833167 0.0 126
2458801.5176678244 -6211.87353833167 0.0 125
2458801.5176678244 -6211.87353833167 0.0 124
2458801.5176678244 -6211.87353833167 0.0 123
2458801.5176678244 -6211.87353833167 0.0 122
2458801.5176678244 -6211.87353833167 0.0 121
2458801.5176678244 -6211.87353833167 0.0 120
2458801.5176678244 -6211.87353833167 0.0 119
2458801.5176678244 -6211.87353833167 0.0 118
2458801.5176678244 -6211.87353833167 0.0 117
2458801.5176678244 -6211.87353833167 0.0 116
2458801.5176678244 -6211.87353833167 0.0 115
2458801.5176678244 -6211.87353833167 0.0 114
2458801.5176678244 -6211.87353833167 0.0 113
2458801.5176678244 -6211.87353833167 0.0 112
2458801.5176678244 -6211.87353833167 0.0 111
2458801.5176678244 -6211.87353833167 0.0 110
2458801.5176678244 -6211.87353833167 0.0 109
2458801.5176678244 -6211.87353833167 0.0 108
2458801.5176678244 -6211.87353833167 0.0 107
2458801.5176678244 -6211.87353833167 0.0 106
2458801.5176678244 -6211.87353833167 0.0 105
2458801.5176678244 -6211.87353833167 0.0 104
2458801.5176678244 -6211.87353833167 0.0 103
2458801.5176678244 -6211.87353833167 0.0 102
2458801.5176678244 -6211.87353833167 0.0 101
2458801.5176678244 -6211.87353833167 0.0 100
2458801.5176678244 -6211.87353833167 0.0 99
2458801.5176678244 -6211.87353833167 0.0 98
2458801.5176678244 -6211.87353833167 0.0 97
2458801.5176678244 -6211.87353833167 0.0 95
2458801.5176678244 -6211.87353833167 0.0 94
2458801.5176678244 -6211.87353833167 0.0 93
2458801.5176678244 -6211.87353833167 0.0 92
2458801.5176678244 -6211.87353833167 0.0 90
2458801.5176678244 -6211.87353833167 0.0 89
2458801.5176678244 -6211.87353833167 0.0 86
2458801.5176678244 -6211.87353833167 0.0 85
2458801.5176678244 -6211.87353833167 0.0 84
2458801.5176678244 -6211.87353833167 0.0 77
2458801.5176678244 -6211.87353833167 0.0 76
2458801.5176678244 -6211.87353833167 0.0 73
2458801.523420139 -6149.658706163792 307.0 143
2458801.523420139 -6235.556923902518 202.0 142
2458801.523420139 -6209.157471624728 187.0 141
2458801.523420139 -6190.857851302992 222.0 140
2458801.523420139 -6250.956604361839 96.0 139
2458801.523420139 -6256.856481947541 117.0 138
2458801.523420139 -6291.75575782457 114.0 137
2458801.523420139 -6206.357529723033 58.0 136
2458801.523420139 -6199.457672896235 361.0 135
2458801.523420139 -6196.757728888694 151.0 134
2458801.523420139 -6205.957538046565 136.0 133
2458801.523420139 -6235.356928047642 59.0 132
2458801.523420139 -6159.358504892285 96.0 131
2458801.523420139 -6215.457340953466 48.0 130
2458801.523420139 -6203.057598217432 102.0 129
2458801.523420139 -6240.156828431528 139.0 128
2458801.523420139 -6218.957268280659 52.0 127
2458801.523420139 -6191.757832683216 119.0 126
2458801.523420139 -6241.656797309814 56.0 125
2458801.523420139 -6198.557691582577 60.0 124
2458801.523420139 -6176.15815636902 226.0 123
2458801.523420139 -6160.05849038435 55.0 122
2458801.523420139 -6202.757604468402 106.0 121
2458801.523420139 -6193.057805640058 128.0 120
2458801.523420139 -6195.257760010409 166.0 119
2458801.523420139 -6231.757002726445 330.0 118
2458801.523420139 -6192.457818175281 202.0 117
2458801.523420139 -6221.457216466607 45.0 116
2458801.523420139 -6211.357425995078 35.0 115
2458801.523420139 -6178.1581148179275 150.0 114
2458801.523420139 -6195.157762082971 38.0 113
2458801.523420139 -6189.557878312866 57.0 112
2458801.523420139 -6205.957538046565 34.0 111
2458801.523420139 -6215.957330524088 65.0 110
2458801.523420139 -6219.557255845287 54.0 109
2458801.523420139 -6217.557297329811 154.0 108
2458801.523420139 -6194.757770439786 34.0 107
2458801.523420139 -6210.45744468142 23.0 106
2458801.523420139 -6218.757272459066 40.0 105
2458801.523420139 -6204.457569168279 46.0 104
2458801.523420139 -6217.957289039563 36.0 103
2458801.523420139 -6188.657896999208 40.0 102
2458801.523420139 -6225.357135503552 80.0 101
2458801.523420139 -6214.757355461401 93.0 100
2458801.523420139 -6218.657274531629 45.0 99
2458801.523420139 -6203.857581603652 77.0 98
2458801.523420139 -6195.957745502475 97.0 97
2458801.523420139 -6180.4580670824325 78.0 95
2458801.523420139 -6178.358110706087 90.0 94
2458801.523420139 -6213.9573720751805 56.0 93
2458801.523420139 -6229.957040065845 45.0 92
2458801.523420139 -6254.256535900723 43.0 90
2458801.523420139 -6208.25749031107 40.0 89
2458801.523420139 -6217.757293217971 66.0 86
2458801.523420139 -6234.9569363378905 63.0 85
2458801.523420139 -6205.2575525545 171.0 84
2458801.523420139 -6216.557318088716 52.0 77
2458801.523420139 -6178.658104455117 69.0 76
2458801.523420139 -6159.958492456913 100.0 73
2458801.529172454 -6184.509775468165 263.0 143
2458801.529172454 -6185.109762999508 204.0 142
2458801.529172454 -6157.610334318708 57.0 141
2458801.529172454 -6170.210072576781 568.0 140
2458801.529172454 -6222.308990175816 66.0 139
2458801.529172454 -6315.807047703849 152.0 138
2458801.529172454 -6317.107020693975 127.0 137
2458801.529172454 -6200.7094389143 133.0 136
2458801.529172454 -6203.309384861269 327.0 135
2458801.529172454 -6201.809416016267 108.0 134
2458801.529172454 -6198.209490861487 80.0 133
2458801.529172454 -6182.609814979978 42.0 132
2458801.529172454 -6178.509900121441 62.0 131
2458801.529172454 -6195.40954902636 115.0 130
2458801.529172454 -6186.809727666102 345.0 129
2458801.529172454 -6232.00878863804 48.0 128
2458801.529172454 -6190.009661177697 52.0 127
2458801.529172454 -6187.509713124884 100.0 126
2458801.529172454 -6233.708753337917 81.0 125
2458801.529172454 -6222.9089777071595 114.0 124
2458801.529172454 -6176.909933382286 114.0 123
2458801.529172454 -6193.309592650015 97.0 122
2458801.529172454 -6242.6085684472055 77.0 121
2458801.529172454 -6208.409278927617 66.0 120
2458801.529172454 -6197.309509514545 197.0 119
2458801.529172454 -6261.308179946155 49.0 118
2458801.529172454 -6200.109451382957 345.0 117
2458801.529172454 -6229.808834334256 25.0 116
2458801.529172454 -6222.9089777071595 40.0 115
2458801.529172454 -6184.609773362318 214.0 114
2458801.529172454 -6179.209885580223 60.0 113
2458801.529172454 -6178.1099084116895 84.0 112
2458801.529172454 -6227.308886314727 51.0 111
2458801.529172454 -6214.309156346902 56.0 110
2458801.529172454 -6236.008705535855 26.0 109
2458801.529172454 -6214.6091501625 160.0 108
2458801.529172454 -6199.209470069299 30.0 107
2458801.529172454 -6210.709231125555 66.0 106
2458801.529172454 -6219.009058736782 57.0 105
2458801.529172454 -6230.408821898884 85.0 104
2458801.529172454 -6215.809125191903 43.0 103
2458801.529172454 -6198.0094949733275 25.0 102
2458801.529172454 -6211.209220762745 34.0 101
2458801.529172454 -6202.609399402487 117.0 100
2458801.529172454 -6256.908271338589 52.0 99
2458801.529172454 -6201.109430557485 82.0 98
2458801.529172454 -6207.80929136299 62.0 97
2458801.529172454 -6225.108932010943 49.0 95
2458801.529172454 -6209.209262280553 56.0 94
2458801.529172454 -6219.509048307405 29.0 93
2458801.529172454 -6223.508965271787 53.0 92
2458801.529172454 -6218.309073278001 49.0 90
2458801.529172454 -6219.109056664221 36.0 89
2458801.529172454 -6237.008684776951 76.0 86
2458801.529172454 -6136.110780984631 84.0 85
2458801.529172454 -6317.7070082253185 153.0 84
2458801.529172454 -6220.209033766187 68.0 77
2458801.529172454 -6228.308865522538 75.0 76
2458801.529172454 -6177.2099270980325 122.0 73
2458801.5349247684 -6206.121818549101 137.0 143
2458801.5349247684 -6205.321835196165 170.0 142
2458801.5349247684 -6169.622577763517 58.0 141
2458801.5349247684 -6219.321543939114 70.0 140
2458801.5349247684 -6252.720849207108 58.0 139
2458801.5349247684 -6254.32081591298 81.0 138
2458801.5349247684 -6289.820077490751 111.0 137
2458801.5349247684 -6187.622203370997 216.0 136
2458801.5349247684 -6182.722305292659 223.0 135
2458801.5349247684 -6180.522351055443 54.0 134
2458801.5349247684 -6199.021966233547 80.0 133
2458801.5349247684 -6231.1212984781305 126.0 132
2458801.5349247684 -6178.1224009633515 109.0 131
2458801.5349247684 -6196.922009890484 106.0 130
2458801.5349247684 -6191.022132604335 83.0 129
2458801.5349247684 -6204.421853882507 35.0 128
2458801.5349247684 -6222.321481595834 98.0 127
2458801.5349247684 -6201.521914186509 147.0 126
2458801.5349247684 -6220.32152318021 121.0 125
2458801.5349247684 -6199.221962055139 48.0 124
2458801.5349247684 -6170.1225673674235 311.0 123
2458801.5349247684 -6214.021654184307 55.0 122
2458801.5349247684 -6199.721951659045 162.0 121
2458801.5349247684 -6207.221795651067 74.0 120
2458801.5349247684 -6218.821554368492 227.0 119
2458801.5349247684 -6246.920969848395 61.0 118
2458801.5349247684 -6176.722430079071 188.0 117
2458801.5349247684 -6205.4218331236025 33.0 116
2458801.5349247684 -6216.921593880305 55.0 115
2458801.5349247684 -6181.822324012285 136.0 114
2458801.5349247684 -6182.322313649475 46.0 113
2458801.5349247684 -6171.822532000733 31.0 112
2458801.5349247684 -6212.221691656843 28.0 111
2458801.5349247684 -6209.421749888283 21.0 110
2458801.5349247684 -6210.021737419627 60.0 109
2458801.5349247684 -6211.6217041254995 140.0 108
2458801.5349247684 -6210.621724950971 27.0 107
2458801.5349247684 -6190.422145139558 29.0 106
2458801.5349247684 -6183.522288645596 32.0 105
2458801.5349247684 -6207.221795651067 40.0 104
2458801.5349247684 -6216.621600131275 60.0 103
2458801.5349247684 -6203.721868423725 48.0 102
2458801.5349247684 -6189.4221658984625 130.0 101
2458801.5349247684 -6208.821762356939 36.0 100
2458801.5349247684 -6234.621225705472 89.0 99
2458801.5349247684 -6239.621121711249 80.0 98
2458801.5349247684 -6212.621683300027 67.0 97
2458801.5349247684 -6202.3218976060125 63.0 95
2458801.5349247684 -6208.721764462784 52.0 94
2458801.5349247684 -6210.921718700001 39.0 93
2458801.5349247684 -6204.221858060915 43.0 92
2458801.5349247684 -6204.521851843228 45.0 90
2458801.5349247684 -6216.321606348962 57.0 89
2458801.5349247684 -6246.620976099365 84.0 86
2458801.5349247684 -6182.722305292659 87.0 85
2458801.5349247684 -6240.421105064184 165.0 84
2458801.5349247684 -6215.821616778339 51.0 77
2458801.5349247684 -6233.521248603506 87.0 76
2458801.5349247684 -6160.8227608479365 196.0 73
2458801.541545139 -6220.507814525915 160.0 143
2458801.541545139 -6198.5082728527095 361.0 142
2458801.541545139 -6213.007970766877 195.0 141
2458801.541545139 -6180.008658207145 142.0 140
2458801.541545139 -6244.3073187598675 83.0 139
2458801.541545139 -6270.206779303598 106.0 138
2458801.541545139 -6258.407025097418 103.0 137
2458801.541545139 -6166.208945618625 184.0 136
2458801.541545139 -6181.208633169982 483.0 135
2458801.541545139 -6224.807724973058 171.0 134
2458801.541545139 -6170.208862350022 123.0 133
2458801.541545139 -6218.7078520650175 32.0 132
2458801.541545139 -6182.808599875854 89.0 131
2458801.541545139 -6204.708143654905 43.0 130
2458801.541545139 -6212.607979123693 327.0 129
2458801.541545139 -6210.0080332765765 42.0 128
2458801.541545139 -6205.408129080403 61.0 127
2458801.541545139 -6192.408399844819 34.0 126
2458801.541545139 -6233.807537510529 76.0 125
2458801.541545139 -6200.608229095921 33.0 124
2458801.541545139 -6194.308360299721 96.0 123
2458801.541545139 -6172.508814414825 81.0 122
2458801.541545139 -6185.108551973941 48.0 121
2458801.541545139 -6177.108718610998 103.0 120
2458801.541545139 -6220.0078249885755 167.0 119
2458801.541545139 -6216.507897894368 46.0 118
2458801.541545139 -6208.208070782395 113.0 117
2458801.541545139 -6199.608249888109 40.0 116
2458801.541545139 -6207.70808117849 37.0 115
2458801.541545139 -6172.308818559949 153.0 114
2458801.541545139 -6170.008866461862 36.0 113
2458801.541545139 -6198.9082644626105 41.0 112
2458801.541545139 -6195.008345725219 29.0 111
2458801.541545139 -6202.308193662664 87.0 110
2458801.541545139 -6204.808141582343 125.0 109
2458801.541545139 -6201.308214454852 251.0 108
2458801.541545139 -6197.108302001714 29.0 107
2458801.541545139 -6196.708310291962 45.0 106
2458801.541545139 -6206.608104109807 46.0 105
2458801.541545139 -6198.308276964551 81.0 104
2458801.541545139 -6198.108281142958 40.0 103
2458801.541545139 -6187.808495681928 40.0 102
2458801.541545139 -6225.707706220148 63.0 101
2458801.541545139 -6207.008095752992 80.0 100
2458801.541545139 -6237.507460426328 91.0 99
2458801.541545139 -6218.7078520650175 129.0 98
2458801.541545139 -6220.207820810168 40.0 97
2458801.541545139 -6164.508981051882 69.0 95
2458801.541545139 -6225.907702108308 86.0 94
2458801.541545139 -6201.708206164603 37.0 93
2458801.541545139 -6202.108197874355 58.0 92
2458801.541545139 -6208.60806242558 72.0 90
2458801.541545139 -6191.508418597728 45.0 89
2458801.541545139 -6216.007908257179 78.0 86
2458801.541545139 -6164.508981051882 127.0 85
2458801.541545139 -6212.007991625633 142.0 84
2458801.541545139 -6189.908451958423 65.0 77
2458801.541545139 -6166.008949797033 63.0 76
2458801.541545139 -6161.609041455735 91.0 73
2458801.547332176 -6200.3261868496675 310.0 143
2458801.547332176 -6140.927425606778 299.0 142
2458801.547332176 -6242.825300552267 398.0 141
2458801.547332176 -6221.12575306078 245.0 140
2458801.547332176 -6182.126566419104 78.0 139
2458801.547332176 -6276.024608168068 138.0 138
2458801.547332176 -6253.825071139242 111.0 137
2458801.547332176 -6177.126670679597 57.0 136
2458801.547332176 -6219.325790633166 89.0 135
2458801.547332176 -6219.925778131227 145.0 134
2458801.547332176 -6206.526057585294 59.0 133
2458801.547332176 -6249.725156646826 49.0 132
2458801.547332176 -6214.525890681968 170.0 131
2458801.547332176 -6212.825926181793 151.0 130
2458801.547332176 -6194.526307790507 163.0 129
2458801.547332176 -6211.125961648334 31.0 128
2458801.547332176 -6186.626472587988 72.0 127
2458801.547332176 -6193.226334933516 28.0 126
2458801.547332176 -6216.325853209432 88.0 125
2458801.547332176 -6187.926445478263 37.0 124
2458801.547332176 -6282.424474692004 225.0 123
2458801.547332176 -6246.2252296191855 50.0 122
2458801.547332176 -6191.626368327496 96.0 121
2458801.547332176 -6212.325936577887 100.0 120
2458801.547332176 -6215.925861499681 244.0 119
2458801.547332176 -6238.225396455945 162.0 118
2458801.547332176 -6200.926174347727 114.0 117
2458801.547332176 -6206.226063802981 34.0 116
2458801.547332176 -6198.726220210362 35.0 115
2458801.547332176 -6176.326687359944 209.0 114
2458801.547332176 -6203.626118055715 46.0 113
2458801.547332176 -6189.926403727469 82.0 112
2458801.547332176 -6207.826030409002 32.0 111
2458801.547332176 -6207.726032514848 27.0 110
2458801.547332176 -6215.725865678089 119.0 109
2458801.547332176 -6197.726241102401 43.0 108
2458801.547332176 -6212.225938650449 52.0 107
2458801.547332176 -6195.226293182723 32.0 106
2458801.547332176 -6206.526057585294 36.0 105
2458801.547332176 -6251.425121180285 41.0 104
2458801.547332176 -6218.2258135312 38.0 103
2458801.547332176 -6193.726324470856 34.0 102
2458801.547332176 -6222.425725951055 42.0 101
2458801.547332176 -6221.525744737248 90.0 100
2458801.547332176 -6229.225584151459 90.0 99
2458801.547332176 -6205.326082589174 90.0 98
2458801.547332176 -6198.326228600462 66.0 97
2458801.547332176 -6199.026213992676 78.0 95
2458801.547332176 -6170.526808300785 98.0 94
2458801.547332176 -6191.126378723589 44.0 93
2458801.547332176 -6211.125961648334 58.0 92
2458801.547332176 -6243.825279693512 69.0 90
2458801.547332176 -6234.9254652831805 66.0 89
2458801.547332176 -6271.2247082834365 107.0 86
2458801.547332176 -6209.825988724775 91.0 85
2458801.547332176 -6171.026797904691 139.0 84
2458801.547332176 -6201.8261555615345 104.0 77
2458801.547332176 -6202.02615141641 89.0 76
2458801.547332176 -6174.526724932331 117.0 73
2458801.553130787 -6156.895770521836 88.0 143
2458801.553130787 -6201.394841441849 158.0 142
2458801.553130787 -6256.393693145228 281.0 141
2458801.553130787 -6174.095411411751 431.0 140
2458801.553130787 -6190.695064870173 210.0 139
2458801.553130787 -6251.093803789826 161.0 138
2458801.553130787 -6290.89297288578 106.0 137
2458801.553130787 -6222.394403041866 48.0 136
2458801.553130787 -6186.395154622732 354.0 135
2458801.553130787 -6213.194595082207 156.0 134
2458801.553130787 -6187.095140014946 41.0 133
2458801.553130787 -6224.7943529342565 113.0 132
2458801.553130787 -6169.195513732817 158.0 131
2458801.553130787 -6176.295365482549 124.0 130
2458801.553130787 -6189.995079477959 306.0 129
2458801.553130787 -6215.794540829473 28.0 128
2458801.553130787 -6190.395071087859 49.0 127
2458801.553130787 -6188.895102409276 34.0 126
2458801.553130787 -6210.594649401508 101.0 125
2458801.553130787 -6207.394716156182 76.0 124
2458801.553130787 -6200.494860228042 360.0 123
2458801.553130787 -6181.195263194767 57.0 122
2458801.553130787 -6250.1938226093025 68.0 121
2458801.553130787 -6192.295031442911 63.0 120
2458801.553130787 -6200.794853943788 238.0 119
2458801.553130787 -6249.693833005397 50.0 118
2458801.553130787 -6177.19534672964 263.0 117
2458801.553130787 -6209.194678617079 34.0 116
2458801.553130787 -6182.795229767505 33.0 115
2458801.553130787 -6186.495152516886 95.0 114
2458801.553130787 -6171.495465731053 33.0 113
2458801.553130787 -6169.195513732817 51.0 112
2458801.553130787 -6202.194824728217 43.0 111
2458801.553130787 -6191.495048156542 31.0 110
2458801.553130787 -6210.094659830886 37.0 109
2458801.553130787 -6190.495069048581 179.0 108
2458801.553130787 -6187.195137909101 63.0 107
2458801.553130787 -6208.294697436556 33.0 106
2458801.553130787 -6203.9947871891145 32.0 105
2458801.553130787 -6202.294822622372 72.0 104
2458801.553130787 -6202.394820616377 67.0 103
2458801.553130787 -6194.694981335301 36.0 102
2458801.553130787 -6214.2945721508895 41.0 101
2458801.553130787 -6202.794812226278 69.0 100
2458801.553130787 -6229.294258970007 54.0 99
2458801.553130787 -6207.294718262028 89.0 98
2458801.553130787 -6218.094492794425 58.0 97
2458801.553130787 -6198.394904084682 50.0 95
2458801.553130787 -6193.595004333186 69.0 94
2458801.553130787 -6190.795062764328 35.0 93
2458801.553130787 -6194.794979229455 58.0 92
2458801.553130787 -6194.994975084331 62.0 90
2458801.553130787 -6223.794373759728 38.0 89
2458801.553130787 -6211.094638905563 102.0 86
2458801.553130787 -6171.495465731053 105.0 85
2458801.553130787 -6268.593438462054 159.0 84
2458801.553130787 -6229.894246468067 130.0 77
2458801.553130787 -6240.694020933896 99.0 76
2458801.553130787 -6245.893912361861 130.0 73
