2458798.4992534723 -104.03061712522776 16.10105298540645
2458798.5056076394 -121.37479741193783 11.56219377769105
2458798.513674769 -130.12533009742765 11.678866032130612
2458798.5217534727 -135.4500949696012 12.6402854710859
2458798.530769676 -131.18814294726508 12.407790518341079
2458798.5388252316 -133.8028890243404 12.227669154125788
2458798.548258102 -130.3228732718053 12.061718168802603
2458798.5563368057 -128.09259267086964 11.721058692650967
2458798.5644502314 -134.74090578138293 11.870128951900915
2458801.500225695 41.36382414537002 6.102986047434553
2458801.506174769 37.63946294553716 4.365280690753635
2458801.5119039356 43.44589831758094 5.435115898757335
2458801.5176678244 38.32028427763453 6.143741975042089
2458801.523420139 40.320366797951465 4.668205967848469
2458801.529172454 36.2224487317344 6.143741975042089
2458801.5349247684 43.15569721732754 4.349651549933664
2458801.541545139 48.94807857006799 4.142038272186573
2458801.547332176 41.005788632144686 4.844855595778998
2458801.553130787 46.78753784790024 4.8111788750928906
