202009020114 2459095.6179108797 2459096.62305125 113388.245583621 1573.0 81642.0 108204.351526464 147
202009020114 2459095.6179108797 2459096.62305125 -102553.326329506 1888.0 -134280.4 -107737.220386662 146
202009020114 2459095.6179108797 2459096.62305125 526506.57446691 2229.0 494723.8 521322.68040975305 145
202009020114 2459095.6179108797 2459096.62305125 90856.1708086445 855.0 59112.0 85672.2767514876 144
202009020114 2459095.6179108797 2459096.62305125 421323.28293885797 607.0 389549.8 416139.388881701 143
202009020114 2459095.6179108797 2459096.62305125 829791.992228322 836.0 797982.4 824608.098171166 142
202009020114 2459095.6179108797 2459096.62305125 -248073.176104029 1602.0 -279787.39999999997 -253257.07016118598 141
202009020114 2459095.6179108797 2459096.62305125 125963.261881313 3656.0 94215.90000000001 120779.367824156 140
202009020114 2459095.6179108797 2459096.62305125 -571390.033676341 700.0 -602949.0 -576573.9277334979 139
202009020114 2459095.6179108797 2459096.62305125 -304582.84633206 658.0 -336292.1 -309766.740389217 138
202009020114 2459095.6179108797 2459096.62305125 679439.802320789 21327.0 647636.9 674255.908263632 137
202009020114 2459095.6179108797 2459096.62305125 559965.7765696391 926.0 528180.0 554781.882512482 136
202009020114 2459095.6179108797 2459096.62305125 -315862.72795827896 367.0 -347561.2 -321046.622015436 134
202009020114 2459095.6179108797 2459096.62305125 358485.695337412 179053.0 326717.8 353301.801280255 132
202009020114 2459095.6179108797 2459096.62305125 -613995.239382075 845415.0 -645673.7000000001 -619179.133439232 131
202009020114 2459095.6179108797 2459096.62305125 -443055.842880874 4372.0 -474752.8 -448239.736938031 130
202009020114 2459095.6179108797 2459096.62305125 290329.230460835 1237.0 258583.4 285145.336403678 129
202009020114 2459095.6179108797 2459096.62305125 -777263.838904254 1478.0 -808931.2 -782447.732961411 128
202009020114 2459095.6179108797 2459096.62305125 186410.913751076 5025.0 154658.19999999998 181227.019693919 127
202009020114 2459095.6179108797 2459096.62305125 -1039399.5707859799 1265.0 -1071044.0 -1044583.4648431401 126
202009020114 2459095.6179108797 2459096.62305125 -309958.745310071 1837.0 -341667.5 -315142.639367228 125
202009020114 2459095.6179108797 2459096.62305125 112191.562800926 3161.0 80950.40000000001 107007.668743769 124
202009020114 2459095.6179108797 2459096.62305125 536259.5444628459 751.0 504449.2 531075.650405689 123
202009020114 2459095.6179108797 2459096.62305125 152855.512539833 1300.0 121105.8 147671.618482677 122
202009020114 2459095.6179108797 2459096.62305125 217265.08527964502 6957.0 185509.7 212081.191222488 120
202009020114 2459095.6179108797 2459096.62305125 104137.992936201 3428.0 72392.6 98954.0988790437 119
202009020114 2459095.6179108797 2459096.62305125 -780309.668261718 1489.0 -811965.2999999999 -785493.562318875 118
202009020114 2459095.6179108797 2459096.62305125 -659291.152250965 5949.0 -690968.8999999999 -664475.046308122 117
202009020114 2459095.6179108797 2459096.62305125 302734.819639266 848.0 270971.8 297550.925582109 116
202009020114 2459095.6179108797 2459096.62305125 -1059690.7332098898 527.0 -1091333.0 -1064874.62726705 115
202009020114 2459095.6179108797 2459096.62305125 -8557.60903465403 5072.0 -40314.2 -13741.5030918109 114
202009020114 2459095.6179108797 2459096.62305125 -7675.11218209939 1075.0 -39410.600000000006 -12859.0062392563 113
202009020114 2459095.6179108797 2459096.62305125 -671883.449796419 6097.0 -703560.1 -677067.343853576 111
202009020114 2459095.6179108797 2459096.62305125 -363336.84665285196 545.0 -394968.5 -368520.740710008 110
202009020114 2459095.6179108797 2459096.62305125 -541467.901866273 2550.0 -573156.1000000001 -546651.79592343 109
202009020114 2459095.6179108797 2459096.62305125 -313882.912745078 3922.0 -345469.0 -319066.806802235 108
202009020114 2459095.6179108797 2459096.62305125 -151821.85988312803 17184.0 -183544.6 -157005.75394028498 107
202009020114 2459095.6179108797 2459096.62305125 -199849.143465631 1904.0 -231567.6 -205033.03752278798 106
202009020114 2459095.6179108797 2459096.62305125 -2285.43734592501 54795.0 -34021.4 -7469.331403081909 105
202009020114 2459095.6179108797 2459096.62305125 -58844.8186930989 3823.0 -90575.8 -64028.71275025581 104
202009020114 2459095.6179108797 2459096.62305125 -265908.64932169 3187.0 -297624.5 -271092.543378847 103
202009020114 2459095.6179108797 2459096.62305125 -252133.547122819 45371.0 -283847.39999999997 -257317.441179976 102
202009020114 2459095.6179108797 2459096.62305125 -121179.32725526199 24120.0 -152904.8 -126363.221312419 101
202009020114 2459095.6179108797 2459096.62305125 48912.3071885316 1433.0 17171.8 43728.4131313747 100
202009020114 2459095.6179108797 2459096.62305125 364878.187361852 18331.0 333109.69999999995 359694.293304695 99
202009020114 2459095.6179108797 2459096.62305125 -184260.13499720598 1646.0 -215980.0 -189444.029054363 97
202009020114 2459095.6179108797 2459096.62305125 -109827.728192121 2416.0 -141554.30000000002 -115011.622249278 95
202009020114 2459095.6179108797 2459096.62305125 31754.219681948 3223.0 -37.199999999999996 26570.325624791098 90
202009020114 2459095.6179108797 2459096.62305125 -104756.63333882 1249.0 -136483.5 -109940.527395977 89
202009020114 2459095.6179108797 2459096.62305125 -177548.20047473002 29230.0 -209299.5 -182732.09453188698 88
202009020114 2459095.6179108797 2459096.62305125 -75118.3737685655 9839.0 -106847.9 -80302.26782572239 84
202009020115 2459095.631846065 2459096.63698668 -223633.332748789 1835.0 -255297.69999999998 -228796.69467609 148
202009020115 2459095.631846065 2459096.63698668 -1984669.50878808 48329.0 -2016209.0 -1989832.8707153802 147
202009020115 2459095.631846065 2459096.63698668 411968.375548959 2572.0 380216.2 406805.01362165896 146
202009020115 2459095.631846065 2459096.63698668 -1104968.53708461 384904.0 -1136586.0 -1110131.89901191 144
202009020115 2459095.631846065 2459096.63698668 -633079.3254374691 75155.0 -664738.8999999999 -638242.687364769 143
202009020115 2459095.631846065 2459096.63698668 -446489.454869128 3071.0 -478165.6 -451652.816796428 142
202009020115 2459095.631846065 2459096.63698668 -290237.556590596 2628.0 -321927.5 -295400.918517897 141
202009020115 2459095.631846065 2459096.63698668 -497331.539591533 4388.0 -529003.1 -502494.901518834 140
202009020115 2459095.631846065 2459096.63698668 -232724.801650343 6240.0 -264293.1 -237888.16357764302 139
202009020115 2459095.631846065 2459096.63698668 -919419.489323161 2497.0 -951060.2 -924582.851250461 137
202009020115 2459095.631846065 2459096.63698668 -541514.392659307 7525.0 -573201.4 -546677.754586607 135
202009020115 2459095.631846065 2459096.63698668 -350458.64881559997 1327.0 -382133.5 -355622.010742901 134
202009020115 2459095.631846065 2459096.63698668 -466857.972201141 13400.0 -498532.30000000005 -472021.334128442 133
202009020115 2459095.631846065 2459096.63698668 -489856.726615736 437.0 -521529.0 -495020.088543037 132
202009020115 2459095.631846065 2459096.63698668 -665331.3669417601 10991.0 -696984.7 -670494.72886906 131
202009020115 2459095.631846065 2459096.63698668 -630519.288873086 21200.0 -662179.1 -635682.650800387 130
202009020115 2459095.631846065 2459096.63698668 -1147482.21680192 3172.0 -1179080.0 -1152645.57872922 129
202009020115 2459095.631846065 2459096.63698668 -535874.666564305 1791.0 -567542.8 -541038.028491606 128
202009020115 2459095.631846065 2459096.63698668 -7721.08729398054 6944.0 -39436.0 -12884.4492212811 127
202009020115 2459095.631846065 2459096.63698668 -857512.140800114 3309.0 -889151.8999999999 -862675.5027274151 126
202009020115 2459095.631846065 2459096.63698668 -596691.1279500901 665.0 -628353.8999999999 -601854.4898773901 125
202009020115 2459095.631846065 2459096.63698668 -873657.052901009 3321.0 -904792.0 -878820.414828309 124
202009020115 2459095.631846065 2459096.63698668 -9355.60080255187 1320.0 -41097.0 -14518.962729852501 123
202009020115 2459095.631846065 2459096.63698668 -9438.86199644062 2852.0 -41153.7 -14602.2239237412 122
202009020115 2459095.631846065 2459096.63698668 -9531.47742654437 968.0 -41246.299999999996 -14694.839353845 121
202009020115 2459095.631846065 2459096.63698668 2427.83159506843 8770.0 -29288.0 -2735.53033223215 120
202009020115 2459095.631846065 2459096.63698668 -5138.9371120098795 2111.0 -36854.100000000006 -10302.2990393105 119
202009020115 2459095.631846065 2459096.63698668 -788652.788562736 16728.0 -820287.2 -793816.1504900369 118
202009020115 2459095.631846065 2459096.63698668 -499169.850761869 3160.0 -530841.2 -504333.21268917003 117
202009020115 2459095.631846065 2459096.63698668 -4423.80021539823 4455.0 -36139.0 -9587.162142698819 116
202009020115 2459095.631846065 2459096.63698668 -618677.029338873 2526.0 -650337.9 -623840.391266173 115
202009020115 2459095.631846065 2459096.63698668 -9660.11549690313 1258.0 -41396.1 -14823.4774242037 114
202009020115 2459095.631846065 2459096.63698668 -487576.730767829 29076.0 -519249.19999999995 -492740.09269512905 113
202009020115 2459095.631846065 2459096.63698668 -448024.39096093597 982.0 -479700.4 -453187.752888237 112
202009020115 2459095.631846065 2459096.63698668 -383792.47079923196 6719.0 -415474.10000000003 -388955.832726533 111
202009020115 2459095.631846065 2459096.63698668 -8625.64059874945 1385.0 -40268.1 -13789.00252605 110
202009020115 2459095.631846065 2459096.63698668 -322664.333664103 3180.0 -354351.4 -327827.695591404 109
202009020115 2459095.631846065 2459096.63698668 -188574.225970483 2056.0 -220150.80000000002 -193737.587897783 108
202009020115 2459095.631846065 2459096.63698668 -352452.28459010704 994.0 -384136.7 -357615.64651740796 107
202009020115 2459095.631846065 2459096.63698668 -216396.70907716503 3681.0 -248093.19999999998 -221560.071004465 106
202009020115 2459095.631846065 2459096.63698668 -5003.91359380769 5146.0 -36719.1 -10167.2755211083 105
202009020115 2459095.631846065 2459096.63698668 -135766.400863324 1926.0 -167470.0 -140929.762790625 104
202009020115 2459095.631846065 2459096.63698668 -18409.0772989204 5611.0 -50123.1 -23572.439226221 102
202009020115 2459095.631846065 2459096.63698668 -361855.214188163 2404.0 -393538.8 -367018.576115464 101
202009020115 2459095.631846065 2459096.63698668 -20523.7803528052 6046.0 -52237.6 -25687.1422801058 100
202009020115 2459095.631846065 2459096.63698668 -8338.37040234694 808.0 -40053.3 -13501.732329647499 99
202009020115 2459095.631846065 2459096.63698668 27520.832286998702 39280.0 -4197.9 22357.4703596981 98
202009020115 2459095.631846065 2459096.63698668 169575.077814181 47640.0 137844.4 164411.71588688102 97
202009020115 2459095.631846065 2459096.63698668 -12271.5820943822 1993.0 -43986.3 -17434.9440216828 95
202009020115 2459095.631846065 2459096.63698668 -197033.35731771402 15567.0 -228731.59999999998 -202196.719245015 94
202009020115 2459095.631846065 2459096.63698668 -485009.47508532 1157.0 -516682.19999999995 -490172.83701262 93
202009020115 2459095.631846065 2459096.63698668 2503.45846493996 897.0 -29043.3 -2659.90346236062 92
202009020115 2459095.631846065 2459096.63698668 24964.3295652454 905.0 -6806.0 19800.9676379448 90
202009020115 2459095.631846065 2459096.63698668 -143624.41293935 2409.0 -175327.30000000002 -148787.77486665 89
202009020115 2459095.631846065 2459096.63698668 -545560.863513808 16577.0 -577259.0 -550724.2254411089 88
202009020115 2459095.631846065 2459096.63698668 535405.9641406611 18499.0 503624.9 530242.60221336 87
202009020115 2459095.631846065 2459096.63698668 56492.0888749451 4552.0 24733.399999999998 51328.7269476445 86
202009020115 2459095.631846065 2459096.63698668 -99064.4882069385 1365.0 -130770.70000000001 -104227.85013423901 85
202009020115 2459095.631846065 2459096.63698668 54148.7417148694 16356.000000000002 22428.3 48985.3797875688 84
202009040126 2459097.4549016203 2459098.46007266 -278547.317545478 2545.0 -309663.4 -283167.197054854 148
202009040126 2459097.4549016203 2459098.46007266 -704669.9246127909 30981.0 -735779.7000000001 -709289.8041221669 147
202009040126 2459097.4549016203 2459098.46007266 -615394.96919377 2669.0 -646512.6 -620014.848703146 146
202009040126 2459097.4549016203 2459098.46007266 52157.0085552739 4720.0 20980.2 47537.1290458976 145
202009040126 2459097.4549016203 2459098.46007266 -1669106.02777688 5378.0 -1700130.0 -1673725.90728625 144
202009040126 2459097.4549016203 2459098.46007266 -667579.117468705 1799.0 -698692.2 -672198.9969780811 143
202009040126 2459097.4549016203 2459098.46007266 -354040.434703084 1799.0 -385181.30000000005 -358660.31421245995 142
202009040126 2459097.4549016203 2459098.46007266 -241034.464717739 1892.0 -272185.3 -245654.34422711498 141
202009040126 2459097.4549016203 2459098.46007266 -500698.623952705 665.0 -531826.5 -505318.503462082 140
202009040126 2459097.4549016203 2459098.46007266 -233550.342986342 1544.0 -264575.10000000003 -238170.22249571802 139
202009040126 2459097.4549016203 2459098.46007266 -905466.01757719 4043.0 -936558.0 -910085.897086566 138
202009040126 2459097.4549016203 2459098.46007266 -176458.710395891 1842.0 -207621.80000000002 -181078.589905267 137
202009040126 2459097.4549016203 2459098.46007266 -879518.707813731 2351.0 -910613.0 -884138.587323107 136
202009040126 2459097.4549016203 2459098.46007266 -1102518.89565387 2069.0 -1133613.0 -1107138.77516324 135
202009040126 2459097.4549016203 2459098.46007266 -474294.73171956197 3056.0 -505424.89999999997 -478914.611228938 133
202009040126 2459097.4549016203 2459098.46007266 -492653.19074291 1028.0 -523781.7 -497273.070252286 132
202009040126 2459097.4549016203 2459098.46007266 -665552.053047506 20492.0 -696661.8999999999 -670171.932556882 131
202009040126 2459097.4549016203 2459098.46007266 -628973.9496689129 20227.0 -660090.5 -633593.82917829 130
202009040126 2459097.4549016203 2459098.46007266 -186410.420188043 1064.0 -217550.09999999998 -191030.299697419 129
202009040126 2459097.4549016203 2459098.46007266 -226265.704005981 1530.0 -257417.89999999997 -230885.58351535702 128
202009040126 2459097.4549016203 2459098.46007266 -79366.4942556766 3183.0 -110531.7 -83986.37376505291 127
202009040126 2459097.4549016203 2459098.46007266 -857750.9485713011 3419.0 -888847.2000000001 -862370.828080678 126
202009040126 2459097.4549016203 2459098.46007266 -578730.175309435 1121.0 -609851.1 -583350.054818811 125
202009040126 2459097.4549016203 2459098.46007266 -372201.684724128 684.0 -402836.7 -376821.564233504 124
202009040126 2459097.4549016203 2459098.46007266 -167500.315216869 584.0 -198684.30000000002 -172120.194726246 123
202009040126 2459097.4549016203 2459098.46007266 -7300.80342436308 265.0 -38472.4 -11920.6829337394 122
202009040126 2459097.4549016203 2459098.46007266 -9737.09144306933 1018.9999999999999 -40908.4 -14356.9709524456 121
202009040126 2459097.4549016203 2459098.46007266 1810.8929451765098 7082.0 -29361.5 -2808.98656419976 120
202009040126 2459097.4549016203 2459098.46007266 -6032.98248903041 1712.0 -37204.700000000004 -10652.861998406699 119
202009040126 2459097.4549016203 2459098.46007266 -499222.766291338 1843.0 -530350.8 -503842.64580071403 117
202009040126 2459097.4549016203 2459098.46007266 -3967.9607080036103 3446.0 -35139.8 -8587.840217379879 116
202009040126 2459097.4549016203 2459098.46007266 -618352.6590312469 2228.0 -649470.1 -622972.5385406229 115
202009040126 2459097.4549016203 2459098.46007266 -8758.288689334711 1263.0 -39950.899999999994 -13378.168198711 114
202009040126 2459097.4549016203 2459098.46007266 -498788.47584871104 15639.0 -529916.5 -503408.35535808705 113
202009040126 2459097.4549016203 2459098.46007266 -448430.33224046597 978.0 -479562.8 -453050.211749842 112
202009040126 2459097.4549016203 2459098.46007266 -382161.01819828205 5790.0 -413299.3 -386780.897707658 111
202009040126 2459097.4549016203 2459098.46007266 -9321.46646762949 1302.0 -40420.4 -13941.345977005802 110
202009040126 2459097.4549016203 2459098.46007266 -322673.644727706 3468.0 -353817.3 -327293.524237083 109
202009040126 2459097.4549016203 2459098.46007266 -188453.327198902 1962.0 -219486.5 -193073.206708278 108
202009040126 2459097.4549016203 2459098.46007266 -353185.181060804 1160.0 -384326.1 -357805.060570181 107
202009040126 2459097.4549016203 2459098.46007266 -215124.793208145 3795.0 -246278.0 -219744.67271752103 106
202009040126 2459097.4549016203 2459098.46007266 -221543.573438382 3891.0 -252696.2 -226163.452947758 104
202009040126 2459097.4549016203 2459098.46007266 -191946.67059300802 18422.0 -223101.9 -196566.550102384 102
202009040126 2459097.4549016203 2459098.46007266 -361572.834686112 2513.0 -392713.0 -366192.714195488 101
202009040126 2459097.4549016203 2459098.46007266 -19891.4846731612 5667.0 -51061.9 -24511.364182537498 100
202009040126 2459097.4549016203 2459098.46007266 -7864.09802735009 957.0 -39035.600000000006 -12483.9775367264 99
202009040126 2459097.4549016203 2459098.46007266 4559.40479591648 926.0 -26613.800000000003 -60.4747134597933 98
202009040126 2459097.4549016203 2459098.46007266 90736.13732091761 57169.0 59555.9 86116.2578115414 97
202009040126 2459097.4549016203 2459098.46007266 -14820.1398543957 3585.0 -45991.2 -19440.019363772 95
202009040126 2459097.4549016203 2459098.46007266 -221888.378765946 2207.0 -253040.9 -226508.258275322 94
202009040126 2459097.4549016203 2459098.46007266 -485863.961275791 911.0 -516993.2 -490483.840785168 93
202009040126 2459097.4549016203 2459098.46007266 564.3348975121189 1177.0 -30438.9 -4055.5446118641594 92
202009040126 2459097.4549016203 2459098.46007266 -58210.2865951829 1511.0 -89377.3 -62830.1661045592 91
202009040126 2459097.4549016203 2459098.46007266 23361.8723965789 662.0 -7864.8 18741.9928872026 90
202009040126 2459097.4549016203 2459098.46007266 -42724.4452339237 3057.0 -73892.9 -47344.3247433 89
202009040126 2459097.4549016203 2459098.46007266 -179858.562335029 31778.0 -211045.7 -184478.44184440502 88
202009040126 2459097.4549016203 2459098.46007266 -52105.6642543407 15738.0 -83291.2 -56725.543763716996 87
202009040126 2459097.4549016203 2459098.46007266 61135.6898413889 10339.0 29920.0 56515.810332012596 86
202009040126 2459097.4549016203 2459098.46007266 -104309.961908152 905.0 -135472.3 -108929.84141752799 85
202009040126 2459097.4549016203 2459098.46007266 74288.6828135029 34999.0 43109.9 69668.8033041266 84
202009040127 2459097.465850695 2459098.47102184 -1183864.14521538 5834.0 -1214875.0 -1188458.92841767 148
202009040127 2459097.465850695 2459098.47102184 -693427.073659831 1006.9999999999999 -724512.7999999999 -698021.8568621189 147
202009040127 2459097.465850695 2459098.47102184 -613518.231119266 3404.0 -644611.0 -618113.014321555 146
202009040127 2459097.465850695 2459098.47102184 52525.2039269008 2314.0 21373.4 47930.4207246124 145
202009040127 2459097.465850695 2459098.47102184 -667359.3063904371 1745.0 -698447.3 -671954.089592725 143
202009040127 2459097.465850695 2459098.47102184 -353496.70760373404 1683.0 -384612.5 -358091.490806022 142
202009040127 2459097.465850695 2459098.47102184 -240455.579520803 2284.0 -271581.39999999997 -245050.362723091 141
202009040127 2459097.465850695 2459098.47102184 -500602.6262149 438.0 -531705.4 -505197.40941718797 140
202009040127 2459097.465850695 2459098.47102184 -233960.501501087 1444.0 -264960.10000000003 -238555.28470337501 139
202009040127 2459097.465850695 2459098.47102184 -905440.34991467 4640.0 -936507.2999999999 -910035.1331169581 138
202009040127 2459097.465850695 2459098.47102184 -176698.450531112 1771.0 -207836.4 -181293.233733401 137
202009040127 2459097.465850695 2459098.47102184 -851813.053803551 30099.0 -882884.7 -856407.837005839 136
202009040127 2459097.465850695 2459098.47102184 -539404.282648829 7176.0 -570522.9 -543999.065851117 135
202009040127 2459097.465850695 2459098.47102184 -474313.532430792 3039.0 -505418.60000000003 -478908.31563308 133
202009040127 2459097.465850695 2459098.47102184 -922562.6744696171 15045.0 -953628.1 -927157.457671905 132
202009040127 2459097.465850695 2459098.47102184 -665400.26687153 13802.0 -696485.1 -669995.050073818 131
202009040127 2459097.465850695 2459098.47102184 -628653.61349963 15919.0 -659745.1 -633248.396701918 130
202009040127 2459097.465850695 2459098.47102184 -186828.95284683802 1064.0 -217943.5 -191423.73604912602 129
202009040127 2459097.465850695 2459098.47102184 -226285.355234382 1411.0 -257412.4 -230880.13843667 128
202009040127 2459097.465850695 2459098.47102184 -79412.7326662173 3362.0 -110552.8 -84007.51586850561 127
202009040127 2459097.465850695 2459098.47102184 -857722.0882969929 3472.0 -888793.2 -862316.871499282 126
202009040127 2459097.465850695 2459098.47102184 -577005.25060413 523.0 -608101.3 -581600.033806418 125
202009040127 2459097.465850695 2459098.47102184 -965809.847145983 1335.0 -996368.2 -970404.630348271 124
202009040127 2459097.465850695 2459098.47102184 -167058.512288012 768.0 -198217.4 -171653.2954903 123
202009040127 2459097.465850695 2459098.47102184 -7311.84482170441 252.0 -38458.3 -11906.6280239927 122
202009040127 2459097.465850695 2459098.47102184 -9926.64836953048 1715.0 -41072.899999999994 -14521.4315718188 121
202009040127 2459097.465850695 2459098.47102184 2702.32918065244 7746.0 -28445.0 -1892.45402163588 120
202009040127 2459097.465850695 2459098.47102184 -5710.38907870824 1793.0 -36857.0 -10305.172280996601 119
202009040127 2459097.465850695 2459098.47102184 -794220.675254723 2893.0 -825286.1 -798815.458457011 118
202009040127 2459097.465850695 2459098.47102184 -499390.000272823 1824.0 -530492.8999999999 -503984.783475111 117
202009040127 2459097.465850695 2459098.47102184 -4429.83874807787 3129.0 -35576.6 -9024.6219503662 116
202009040127 2459097.465850695 2459098.47102184 -618435.8039733319 2263.0 -649528.1 -623030.587175621 115
202009040127 2459097.465850695 2459098.47102184 -8519.13519324042 1341.0 -39686.700000000004 -13113.918395528699 114
202009040127 2459097.465850695 2459098.47102184 -448364.690180149 1000.0 -479472.10000000003 -452959.473382437 112
202009040127 2459097.465850695 2459098.47102184 -383841.022603112 6607.0 -414954.1 -388435.80580539996 111
202009040127 2459097.465850695 2459098.47102184 -8615.40360820625 1363.0 -39689.3 -13210.186810494599 110
202009040127 2459097.465850695 2459098.47102184 -322771.49696341297 3533.0 -353890.0 -327366.28016570106 109
202009040127 2459097.465850695 2459098.47102184 -188430.147591604 1911.0 -219438.19999999998 -193024.930793893 108
202009040127 2459097.465850695 2459098.47102184 -353218.263201507 655.0 -384334.1 -357813.046403796 107
202009040127 2459097.465850695 2459098.47102184 -214963.59803239402 3744.0 -246091.7 -219558.381234683 106
202009040127 2459097.465850695 2459098.47102184 -210488.209746455 21655.0 -241616.7 -215082.99294874398 104
202009040127 2459097.465850695 2459098.47102184 -197429.87510271498 26799.0 -228559.5 -202024.658305003 102
202009040127 2459097.465850695 2459098.47102184 -362032.77055773203 2885.0 -393147.80000000005 -366627.55376002 101
202009040127 2459097.465850695 2459098.47102184 -18529.8509894054 3487.0 -49675.3 -23124.6341916937 100
202009040127 2459097.465850695 2459098.47102184 -8086.94933231409 2164.0 -39233.3 -12681.732534602399 99
202009040127 2459097.465850695 2459098.47102184 4525.48470618326 702.0 -26622.699999999997 -69.2984961050705 98
202009040127 2459097.465850695 2459098.47102184 -247723.084365653 9422.0 -278848.3 -252317.867567941 94
202009040127 2459097.465850695 2459098.47102184 -484752.087558217 1248.0 -515856.30000000005 -489346.870760506 93
202009040127 2459097.465850695 2459098.47102184 1774.5163183438199 868.0 -29203.7 -2820.26688394451 92
202009040127 2459097.465850695 2459098.47102184 -57514.7728542073 1481.0 -88656.8 -62109.556056495596 91
202009040127 2459097.465850695 2459098.47102184 24986.9972483015 825.0 -6214.8 20392.2140460132 90
202009040127 2459097.465850695 2459098.47102184 -144798.10812553 1210.0 -175932.4 -149392.891327819 89
202009040127 2459097.465850695 2459098.47102184 -178353.314136498 44598.0 -209515.5 -182948.097338787 88
202009040127 2459097.465850695 2459098.47102184 -53186.569380625006 15412.0 -84346.90000000001 -57781.3525829134 87
202009040127 2459097.465850695 2459098.47102184 16024.6629478101 913.0 -15161.9 11429.879745521801 86
202009040127 2459097.465850695 2459098.47102184 -103806.001474929 876.0 -134943.3 -108400.784677218 85
202009040127 2459097.465850695 2459098.47102184 82229.79799873321 41964.0 51075.4 77635.01479644481 84
202009040128 2459097.4785590284 2459098.4837304 2337380.12006282 20446.0 2306086.6999999997 2332814.44177134 148
202009040128 2459097.4785590284 2459098.4837304 -703525.880775224 18758.0 -734581.6 -708091.5590667119 147
202009040128 2459097.4785590284 2459098.4837304 -97640.801772671 1681.0 -128750.20000000001 -102206.480064159 146
202009040128 2459097.4785590284 2459098.4837304 52248.5875279705 2790.0 21126.0 47682.9092364824 145
202009040128 2459097.4785590284 2459098.4837304 769764.681325832 71488.0 738578.4 765199.003034344 144
202009040128 2459097.4785590284 2459098.4837304 -667434.27147443 1653.0 -698493.1 -671999.949765918 143
202009040128 2459097.4785590284 2459098.4837304 -445732.52093357703 1391.0 -476811.10000000003 -450298.199225065 142
202009040128 2459097.4785590284 2459098.4837304 -240389.04299713 2248.0 -271485.7 -244954.721288618 141
202009040128 2459097.4785590284 2459098.4837304 -536472.55983954 1587.0 -567543.1 -541038.238131028 140
202009040128 2459097.4785590284 2459098.4837304 -233976.291385645 1366.0 -264946.8 -238541.96967713302 139
202009040128 2459097.4785590284 2459098.4837304 -905407.480467538 4546.0 -936445.2999999999 -909973.158759026 138
202009040128 2459097.4785590284 2459098.4837304 -176565.688385146 1547.0 -207674.6 -181131.366676634 137
202009040128 2459097.4785590284 2459098.4837304 -879626.730212849 2397.0 -910666.7999999999 -884192.408504337 136
202009040128 2459097.4785590284 2459098.4837304 -1102585.48786163 2415.0 -1133625.0 -1107151.1661531199 135
202009040128 2459097.4785590284 2459098.4837304 -474266.130851856 3167.0 -505342.10000000003 -478831.809143344 133
202009040128 2459097.4785590284 2459098.4837304 -922219.9787067779 15204.0 -953256.3 -926785.6569982669 132
202009040128 2459097.4785590284 2459098.4837304 -665485.170684182 15274.0 -696540.8999999999 -670050.84897567 131
202009040128 2459097.4785590284 2459098.4837304 -628467.7453694191 15500.0 -659530.1 -633033.423660906 130
202009040128 2459097.4785590284 2459098.4837304 -194297.144389224 56505.0 -225381.9 -198862.82268071198 129
202009040128 2459097.4785590284 2459098.4837304 -226249.647032554 1408.0 -257347.6 -230815.325324042 128
202009040128 2459097.4785590284 2459098.4837304 -79423.1292161544 3759.0 -110534.09999999999 -83988.8075076425 127
202009040128 2459097.4785590284 2459098.4837304 -857733.639331228 3426.0 -888775.7000000001 -862299.317622716 126
202009040128 2459097.4785590284 2459098.4837304 -578666.568031266 1257.0 -609733.2999999999 -583232.246322754 125
202009040128 2459097.4785590284 2459098.4837304 -372566.062560953 672.0 -403146.9 -377131.740852441 124
202009040128 2459097.4785590284 2459098.4837304 -167172.58696562398 824.0 -198302.4 -171738.265257112 123
202009040128 2459097.4785590284 2459098.4837304 -7766.92977470356 437.0 -38884.3 -12332.6080661916 122
202009040128 2459097.4785590284 2459098.4837304 -9975.03005011086 1805.0 -41092.2 -14540.7083415989 121
202009040128 2459097.4785590284 2459098.4837304 3057.29679858679 8029.999999999999 -28061.0 -1508.38149290128 120
202009040128 2459097.4785590284 2459098.4837304 -5904.40085234479 1659.0 -37021.9 -10470.0791438329 119
202009040128 2459097.4785590284 2459098.4837304 -794335.616127571 2654.0 -825371.9 -798901.2944190591 118
202009040128 2459097.4785590284 2459098.4837304 -499364.317900279 1731.0 -530438.0 -503929.996191767 117
202009040128 2459097.4785590284 2459098.4837304 -4227.43698017611 3274.0 -35345.100000000006 -8793.115271664179 116
202009040128 2459097.4785590284 2459098.4837304 -618394.382959175 2225.0 -649457.6 -622960.061250663 115
202009040128 2459097.4785590284 2459098.4837304 -8520.89792155997 1385.0 -39659.3 -13086.576213048 114
202009040128 2459097.4785590284 2459098.4837304 -458638.567798165 37214.0 -489716.0 -463204.246089653 113
202009040128 2459097.4785590284 2459098.4837304 -448413.513153682 974.0 -479491.8 -452979.19144516997 112
202009040128 2459097.4785590284 2459098.4837304 -383820.14647712 6397.0 -414904.2 -388385.824768608 111
202009040128 2459097.4785590284 2459098.4837304 -8834.5899918108 1381.0 -39879.399999999994 -13400.2682832989 110
202009040128 2459097.4785590284 2459098.4837304 -322752.80998526304 3644.0 -353842.30000000005 -327318.488276751 109
202009040128 2459097.4785590284 2459098.4837304 -188440.59616499 1918.0 -219419.6 -193006.274456478 108
202009040128 2459097.4785590284 2459098.4837304 -353229.368791753 664.0 -384316.1 -357795.047083241 107
202009040128 2459097.4785590284 2459098.4837304 -214804.151866496 3774.0 -245903.1 -219369.83015798402 106
202009040128 2459097.4785590284 2459098.4837304 -203187.909240073 39252.0 -234287.9 -207753.587531561 102
202009040128 2459097.4785590284 2459098.4837304 -362070.87000351 2725.0 -393156.8 -366636.548294998 101
202009040128 2459097.4785590284 2459098.4837304 -18459.3326453284 3474.0 -49575.7 -23025.0109368164 100
202009040128 2459097.4785590284 2459098.4837304 -7953.61339536386 1245.0 -39070.9 -12519.2916868519 99
202009040128 2459097.4785590284 2459098.4837304 4562.27895805507 686.0 -26556.8 -3.3993334330017997 98
202009040128 2459097.4785590284 2459098.4837304 77084.9210695942 63041.0 45960.1 72519.2427781061 97
202009040128 2459097.4785590284 2459098.4837304 -257507.75246940702 11060.0 -288603.0 -262073.43076089502 94
202009040128 2459097.4785590284 2459098.4837304 -484773.103030545 1239.0 -515848.10000000003 -489338.781322033 93
202009040128 2459097.4785590284 2459098.4837304 1812.13224630188 859.0 -29137.0 -2753.54604518619 92
202009040128 2459097.4785590284 2459098.4837304 -45089.3345991941 11359.0 -76203.3 -49655.0128906822 91
202009040128 2459097.4785590284 2459098.4837304 25275.2431735522 803.0 -5897.5 20709.5648820641 90
202009040128 2459097.4785590284 2459098.4837304 -144885.80175672102 1230.0 -175991.0 -149451.480048209 89
202009040128 2459097.4785590284 2459098.4837304 -170666.462291061 51067.0 -201800.19999999998 -175232.140582549 88
202009040128 2459097.4785590284 2459098.4837304 18008.555805024 625.0 -13149.1 13442.877513536001 86
202009040128 2459097.4785590284 2459098.4837304 -103721.76694671801 673.0 -134829.90000000002 -108287.445238206 85
202009040128 2459097.4785590284 2459098.4837304 70626.6653858606 45998.0 39502.4 66060.98709437251 84
202009040129 2459097.491255787 2459098.49642734 2920188.04030836 18057.0 2888871.8 2915651.2695032703 148
202009040129 2459097.491255787 2459098.49642734 -702896.043324456 16419.0 -733922.9 -707432.814129545 147
202009040129 2459097.491255787 2459098.49642734 -613511.652277865 3225.0 -644546.3999999999 -618048.4230829539 146
202009040129 2459097.491255787 2459098.49642734 52493.6958969857 2375.0 21399.899999999998 47956.9250918964 145
202009040129 2459097.491255787 2459098.49642734 553989.766229982 5843.0 522851.6 549452.995424892 144
202009040129 2459097.491255787 2459098.49642734 -667205.139634788 1839.0 -698235.1 -671741.910439877 143
202009040129 2459097.491255787 2459098.49642734 -353349.718868888 1568.0 -384407.5 -357886.489673977 142
202009040129 2459097.491255787 2459098.49642734 -240603.07558862102 1791.0 -271670.9 -245139.84639371 141
202009040129 2459097.491255787 2459098.49642734 -500704.49988088896 500.0 -531749.2999999999 -505241.270685978 140
202009040129 2459097.491255787 2459098.49642734 -233649.155924501 1316.0 -264590.8 -238185.92672959 139
202009040129 2459097.491255787 2459098.49642734 -905489.9016494249 4608.0 -936498.7999999999 -910026.6724545141 138
202009040129 2459097.491255787 2459098.49642734 -176649.189199988 1699.0 -207729.19999999998 -181185.960005078 137
202009040129 2459097.491255787 2459098.49642734 -880717.857311524 3425.0 -911729.0 -885254.628116613 136
202009040129 2459097.491255787 2459098.49642734 -545753.384373448 4874.0 -576813.5 -550290.155178538 135
202009040129 2459097.491255787 2459098.49642734 -474297.97628376295 3063.0 -505345.1 -478834.747088852 133
202009040129 2459097.491255787 2459098.49642734 -492012.17006628 979.0 -523057.69999999995 -496548.94087137 132
202009040129 2459097.491255787 2459098.49642734 -665563.1114469491 14350.0 -696590.0 -670099.882252038 131
202009040129 2459097.491255787 2459098.49642734 -628792.802243761 16351.0 -659826.2 -633329.5730488499 130
202009040129 2459097.491255787 2459098.49642734 -186601.668696268 1080.0 -217658.19999999998 -191138.439501357 129
202009040129 2459097.491255787 2459098.49642734 -226301.640545674 1471.0 -257370.7 -230838.41135076302 128
202009040129 2459097.491255787 2459098.49642734 -79488.7829023115 3802.0 -110570.8 -84025.5537074008 127
202009040129 2459097.491255787 2459098.49642734 -857717.870758239 3509.0 -888731.0 -862254.6415633281 126
202009040129 2459097.491255787 2459098.49642734 -578382.375072944 1299.0 -609420.2000000001 -582919.145878033 125
202009040129 2459097.491255787 2459098.49642734 -372155.965429513 908.0 -402707.9 -376692.736234602 124
202009040129 2459097.491255787 2459098.49642734 -167736.104394068 258.0 -198836.90000000002 -172272.875199157 123
202009040129 2459097.491255787 2459098.49642734 -7841.53482307863 463.0 -38929.9 -12378.305628167898 122
202009040129 2459097.491255787 2459098.49642734 -9956.37025580594 1712.0 -41044.600000000006 -14493.1410608952 121
202009040129 2459097.491255787 2459098.49642734 2339.40903977394 7644.0 -28749.9 -2197.36176531533 120
202009040129 2459097.491255787 2459098.49642734 -5923.55094821661 1633.0 -37012.1 -10460.3217533059 119
202009040129 2459097.491255787 2459098.49642734 -499369.18967211 1688.0 -530414.1 -503905.960477199 117
202009040129 2459097.491255787 2459098.49642734 -4255.56699813694 3245.0 -35344.299999999996 -8792.33780322621 116
202009040129 2459097.491255787 2459098.49642734 -618336.436795743 2215.0 -649370.8 -622873.207600832 115
202009040129 2459097.491255787 2459098.49642734 -8539.259605827761 1320.0 -39648.8 -13076.030410917 114
202009040129 2459097.491255787 2459098.49642734 -458667.475284563 36389.0 -489716.0 -463204.246089653 113
202009040129 2459097.491255787 2459098.49642734 -448383.045887967 1081.0 -479432.39999999997 -452919.816693056 112
202009040129 2459097.491255787 2459098.49642734 -383562.429620139 6161.0 -414617.6 -388099.20042522904 111
202009040129 2459097.491255787 2459098.49642734 -9273.385548780221 1048.0 -40289.299999999996 -13810.1563538695 110
202009040129 2459097.491255787 2459098.49642734 -322771.91615433403 3495.0 -353832.5 -327308.686959424 109
202009040129 2459097.491255787 2459098.49642734 -188406.14737955702 1952.0 -219356.2 -192942.918184646 108
202009040129 2459097.491255787 2459098.49642734 -353128.288085441 1047.0 -384186.10000000003 -357665.05889053 107
202009040129 2459097.491255787 2459098.49642734 -215021.28764721702 3785.0 -246091.3 -219558.058452306 106
202009040129 2459097.491255787 2459098.49642734 -210833.135785656 21482.0 -241903.5 -215369.906590745 104
202009040129 2459097.491255787 2459098.49642734 -10284.894416038202 1718.0 -41376.3 -14821.6652211275 103
202009040129 2459097.491255787 2459098.49642734 -198442.127970612 32698.0 -229513.6 -202978.898775701 102
202009040129 2459097.491255787 2459098.49642734 -361628.480411321 2495.0 -392685.5 -366165.25121641 101
202009040129 2459097.491255787 2459098.49642734 -18784.2542008831 3575.0 -49871.7 -23321.0250059724 100
202009040129 2459097.491255787 2459098.49642734 -7989.763854650269 2246.0 -39078.200000000004 -12526.5346597395 99
202009040129 2459097.491255787 2459098.49642734 13613.4275081046 16040.0 -17477.5 9076.65670301534 98
202009040129 2459097.491255787 2459098.49642734 77591.4592040258 63272.0 46495.5 73054.6883989365 97
202009040129 2459097.491255787 2459098.49642734 -238840.677693663 846.0 -269908.6 -243377.44849875302 94
202009040129 2459097.491255787 2459098.49642734 -484813.478676616 1243.0 -515859.6 -489350.249481705 93
202009040129 2459097.491255787 2459098.49642734 60.8467086429068 1146.0 -30859.2 -4475.92409644637 92
202009040129 2459097.491255787 2459098.49642734 -57858.524301556005 1661.0 -88942.5 -62395.2951066453 91
202009040129 2459097.491255787 2459098.49642734 22884.5810499771 661.0 -8259.0 18347.810244887798 90
202009040129 2459097.491255787 2459098.49642734 -176866.308204034 36951.0 -207970.59999999998 -181403.079009123 88
202009040129 2459097.491255787 2459098.49642734 20299.7155554262 8641.0 -10829.2 15762.9447503369 86
202009040129 2459097.491255787 2459098.49642734 -103383.678236938 657.0 -134463.0 -107920.449042027 85
202009040129 2459097.491255787 2459098.49642734 66630.3213877486 47000.0 35535.3 62093.550582659394 84
