202008270001 2458801.194982639 -5676.575868639147 2.0 86
202008270001 2458801.194982639 -5672.075953849797 2.0 89
202008270001 2458801.194982639 -5673.375929169778 1.0 90
202008270001 2458801.194982639 -5679.475813693813 3.0 92
202008270001 2458801.194982639 -5657.07623784092 3.0 94
202008270001 2458801.194982639 -5683.57573604117 1.0 95
202008270001 2458801.194982639 -5670.175989800261 1.0 98
202008270001 2458801.194982639 -5689.1756299960725 1.0 99
202008270001 2458801.194982639 -5674.875900777322 1.0 100
202008270001 2458801.194982639 -5684.3757208918705 2.0 101
202008270001 2458801.194982639 -5677.875843992411 3.0 102
202008270001 2458801.194982639 -5672.475946225222 1.0 103
202008270001 2458801.194982639 -5675.175895125459 2.0 104
202008270001 2458801.194982639 -5680.075802323517 3.0 105
202008270001 2458801.194982639 -5674.375910274758 1.0 106
202008270002 2458801.194982639 -5667.076048524599 2.0 89
202008270002 2458801.194982639 -5668.276025750724 1.0 90
202008270002 2458801.194982639 -5674.475908368615 3.0 92
202008270002 2458801.194982639 -5652.076332549006 3.0 94
202008270002 2458801.194982639 -5678.575830749256 1.0 95
202008270002 2458801.194982639 -5665.276082568919 1.0 98
202008270002 2458801.194982639 -5684.175724704158 1.0 99
202008270002 2458801.194982639 -5669.975993612548 1.0 100
202008270002 2458801.194982639 -5679.375815599956 2.0 101
202008270002 2458801.194982639 -5672.975936794353 3.0 102
202008270002 2458801.194982639 -5667.5760389938805 1.0 103
202008270002 2458801.194982639 -5670.275987894117 2.0 104
202008270002 2458801.194982639 -5675.075897031603 3.0 105
202008270002 2458801.194982639 -5669.37600494956 1.0 106
202008270003 2458801.194982639 -5676.875862920715 0.0 89
202008270003 2458801.194982639 -5676.875862920715 0.0 90
202008270003 2458801.194982639 -5676.875862920715 0.0 92
202008270003 2458801.194982639 -5676.875862920715 0.0 94
202008270003 2458801.194982639 -5676.875862920715 0.0 95
202008270003 2458801.194982639 -5676.875862920715 0.0 98
202008270003 2458801.194982639 -5676.875862920715 0.0 99
202008270003 2458801.194982639 -5676.875862920715 0.0 100
202008270003 2458801.194982639 -5676.875862920715 0.0 101
202008270003 2458801.194982639 -5676.875862920715 0.0 102
202008270003 2458801.194982639 -5676.875862920715 0.0 103
202008270003 2458801.194982639 -5676.875862920715 0.0 104
202008270003 2458801.194982639 -5676.875862920715 0.0 105
202008270003 2458801.194982639 -5676.875862920715 0.0 106
202008270004 2458801.194982639 -5681.775770118774 2.0 89
202008270004 2458801.194982639 -5675.575887534167 3.0 90
202008270004 2458801.194982639 -5667.076048524599 4.0 92
202008270004 2458801.194982639 -5650.176368499469 4.0 94
202008270004 2458801.194982639 -5682.575754969474 1.0 95
202008270004 2458801.194982639 -5665.1760844417795 1.0 98
202008270004 2458801.194982639 -5683.875730356022 1.0 99
202008270004 2458801.194982639 -5677.275855329423 2.0 100
202008270004 2458801.194982639 -5682.075764466909 1.0 101
202008270004 2458801.194982639 -5667.77603524816 7.0 102
202008270004 2458801.194982639 -5668.7760162865725 6.0 103
202008270004 2458801.194982639 -5672.975936794353 6.0 104
202008270004 2458801.194982639 -5678.775826936968 2.0 105
202008270004 2458801.194982639 -5672.775940540074 2.0 106
