2458801.500225695 2458802.50508121 10.146965533792201 1.0 -16.0 6635.30323834274 148
2458801.500225695 2458802.50508121 -48.901269843704604 1.0 -75.0 6576.25500296525 147
2458801.500225695 2458802.50508121 217.880861677438 1.0 191.70000000000002 6843.03713448639 146
2458801.500225695 2458802.50508121 201.297067850974 1.0 175.2 6826.45334065993 145
2458801.500225695 2458802.50508121 114.366953219616 1.0 88.2 6739.52322602857 144
2458801.500225695 2458802.50508121 54.4837227693362 1.0 28.400000000000002 6679.63999557829 143
2458801.500225695 2458802.50508121 81.1922663630735 1.0 55.1 6706.3485391720205 142
2458801.500225695 2458802.50508121 55.0700049417037 1.0 28.9 6680.22627775066 141
2458801.500225695 2458802.50508121 32.8465694693536 1.0 6.7 6658.0028422783 140
2458801.500225695 2458802.50508121 0.19650408760441 1.0 -25.9 6625.35277689656 139
2458801.500225695 2458802.50508121 -45.9462205316701 1.0 -72.1 6579.21005227728 138
2458801.500225695 2458802.50508121 -73.8970094631597 1.0 -100.0 6551.25926334579 137
2458801.500225695 2458802.50508121 -41.785386127394 1.0 -67.9 6583.37088668156 136
2458801.500225695 2458802.50508121 20.6135116635924 1.0 -5.5 6645.76978447254 135
2458801.500225695 2458802.50508121 -15.254101487395 1.0 -41.4 6609.902171321561 134
2458801.500225695 2458802.50508121 38.3953900761975 1.0 12.3 6663.55166288515 133
2458801.500225695 2458802.50508121 -7.863639810611099 1.0 -34.0 6617.29263299834 132
2458801.500225695 2458802.50508121 35.0489692649569 1.0 8.9 6660.20524207391 131
2458801.500225695 2458802.50508121 1.26199984465369 1.0 -24.9 6626.41827265361 130
2458801.500225695 2458802.50508121 26.2765704899461 1.0 0.1 6651.4328432989 129
2458801.500225695 2458802.50508121 20.5350473806565 1.0 -5.6 6645.69132018961 128
2458801.500225695 2458802.50508121 -33.987535991912004 1.0 -60.1 6591.16873681704 127
2458801.500225695 2458802.50508121 -5.4268294999531 1.0 -31.6 6619.729443309 126
2458801.500225695 2458802.50508121 -42.5373249712546 1.0 -68.7 6582.6189478377 125
2458801.500225695 2458802.50508121 49.817483074544796 1.0 23.7 6674.9737558835 124
2458801.500225695 2458802.50508121 -15.537420467547099 1.0 -41.7 6609.6188523414 123
2458801.500225695 2458802.50508121 1.9801923921178899 1.0 -24.1 6627.13646520107 122
2458801.500225695 2458802.50508121 25.4515440045537 1.0 -0.7 6650.60781681351 121
2458801.500225695 2458802.50508121 -11.437236202554299 1.0 -37.6 6613.719036606401 120
2458801.500225695 2458802.50508121 51.025630440817004 1.0 24.9 6676.18190324977 119
2458801.500225695 2458802.50508121 -38.3538813139177 1.0 -64.5 6586.80239149503 118
2458801.500225695 2458802.50508121 0.649896346949674 1.0 -25.5 6625.8061691559 117
2458801.500225695 2458802.50508121 18.6369401263935 1.0 -7.5 6643.79321293535 116
2458801.500225695 2458802.50508121 7.39786595117664 1.0 -18.700000000000003 6632.554138760131 115
2458801.500225695 2458802.50508121 44.4303697008568 1.0 18.3 6669.586642509809 114
2458801.500225695 2458802.50508121 23.691720612218198 1.0 -2.4 6648.84799342117 113
2458801.500225695 2458802.50508121 -14.148167955093 1.0 -40.300000000000004 6611.00810485386 112
2458801.500225695 2458802.50508121 26.9904076050658 1.0 0.9 6652.14668041402 111
2458801.500225695 2458802.50508121 4.3158952174522405 1.0 -21.8 6629.4721680264 110
2458801.500225695 2458802.50508121 17.2964307258461 1.0 -8.8 6642.4527035348 109
2458801.500225695 2458802.50508121 6.46530117917887 1.0 -19.7 6631.62157398813 108
2458801.500225695 2458802.50508121 17.9969247570693 1.0 -8.1 6643.15319756602 107
2458801.500225695 2458802.50508121 -3.336847374575 1.0 -29.5 6621.81942543438 106
2458801.500225695 2458802.50508121 -11.8251910015825 1.0 -38.0 6613.3310818073705 105
2458801.500225695 2458802.50508121 -48.1896556106749 1.0 -74.30000000000001 6576.96661719828 104
2458801.500225695 2458802.50508121 2.46165036012957 1.0 -23.7 6627.617923169079 103
2458801.500225695 2458802.50508121 9.30832283884264 1.0 -16.8 6634.46459564779 102
2458801.500225695 2458802.50508121 -16.9289306102254 1.0 -43.1 6608.22734219873 101
2458801.500225695 2458802.50508121 -10.4371748437266 1.0 -36.6 6614.71909796523 100
2458801.500225695 2458802.50508121 -39.9530605529943 1.0 -66.10000000000001 6585.20321225596 99
2458801.500225695 2458802.50508121 2.88802953963607 1.0 -23.2 6628.04430234859 98
2458801.500225695 2458802.50508121 21.0550050833387 1.0 -5.1000000000000005 6646.21127789229 97
2458801.500225695 2458802.50508121 19.5362320286847 1.0 -6.6 6644.692504837641 96
2458801.500225695 2458802.50508121 -4.509158963244 1.0 -30.599999999999998 6620.64711384571 95
2458801.500225695 2458802.50508121 -3.4828379333609 1.0 -29.6 6621.67343487559 94
2458801.500225695 2458802.50508121 30.0693434686874 1.0 3.9 6655.22561627764 93
2458801.500225695 2458802.50508121 -8.8074165141645 1.0 -34.9 6616.3488562947905 92
2458801.500225695 2458802.50508121 27.5547933270976 1.0 1.4 6652.711066136049 91
2458801.500225695 2458802.50508121 -2.5578937866939 1.0 -28.7 6622.59837902226 90
2458801.500225695 2458802.50508121 -10.7605455753168 1.0 -36.900000000000006 6614.39572723363 89
2458801.500225695 2458802.50508121 -22.0556312801472 1.0 -48.2 6603.10064152881 88
2458801.500225695 2458802.50508121 14.452370283353702 1.0 -11.700000000000001 6639.60864309231 87
2458801.500225695 2458802.50508121 14.481097005381502 1.0 -11.6 6639.63736981433 86
2458801.500225695 2458802.50508121 -52.1719756683652 1.0 -78.3 6572.984297140591 85
2458801.500225695 2458802.50508121 97.61635842964719 1.0 71.5 6722.7726312386 84
2458801.500225695 2458802.50508121 39.1865989050402 1.0 13.100000000000001 6664.3428717139905 83
2458801.500225695 2458802.50508121 28.4346558965929 1.0 2.3 6653.59092870554 82
2458801.500225695 2458802.50508121 69.075150167647 1.0 42.9 6694.2314229766 81
2458801.500225695 2458802.50508121 29.2514501362353 1.0 3.1 6654.40772294519 80
2458801.500225695 2458802.50508121 6.1078372023875 1.0 -20.0 6631.264110011341 79
2458801.500225695 2458802.50508121 -13.108552169178699 1.0 -39.199999999999996 6612.04772063977 78
2458801.500225695 2458802.50508121 39.4808736657497 1.0 13.4 6664.6371464747 77
2458801.500225695 2458802.50508121 -69.3855076041601 1.0 -95.5 6555.77076520479 76
2458801.500225695 2458802.50508121 34.3888376547934 1.0 8.3 6659.54511046375 75
2458801.500225695 2458802.50508121 -11.743018054259501 1.0 -37.900000000000006 6613.41325475469 74
2458801.500225695 2458802.50508121 -22.8666288386776 1.0 -49.0 6602.28964397027 73
2458801.500225695 2458802.50508121 86.5604827427227 1.0 60.400000000000006 6711.71675555167 72
2458801.500225695 2458802.50508121 72.9145793066444 1.0 46.800000000000004 6698.0708521156 71
2458801.500225695 2458802.50508121 17.0494789301099 1.0 -9.1 6642.20575173906 70
2458801.500225695 2458802.50508121 24.5048725550792 1.0 -1.6 6649.66114536403 69
2458801.500225695 2458802.50508121 33.633478915525 1.0 7.5 6658.789751724479 68
2458801.500225695 2458802.50508121 10.2423002356664 1.0 -15.9 6635.39857304462 67
2458801.500225695 2458802.50508121 1.16704444329585 1.0 -25.0 6626.3233172522505 66
2458801.500225695 2458802.50508121 -48.3512336366871 1.0 -74.5 6576.80503917227 65
2458801.506174769 2458802.51103015 -163.976787645741 1.0 -181.0 6470.31638466874 148
2458801.506174769 2458802.51103015 -43.1009499523469 1.0 -60.1 6591.1922223621295 147
2458801.506174769 2458802.51103015 92.95497190070901 1.0 76.0 6727.24814421519 146
2458801.506174769 2458802.51103015 -104.633865655606 1.0 -121.6 6529.65930665887 145
2458801.506174769 2458802.51103015 -25.5868567059165 1.0 -42.6 6608.7063156085605 144
2458801.506174769 2458802.51103015 -7.415878403464601 1.0 -24.400000000000002 6626.87729391102 143
2458801.506174769 2458802.51103015 -1.1983157052686 1.0 -18.2 6633.09485660921 142
2458801.506174769 2458802.51103015 1.49812587553644 1.0 -15.5 6635.79129819002 141
2458801.506174769 2458802.51103015 9.91411456736291 1.0 -7.1000000000000005 6644.2072868818395 140
2458801.506174769 2458802.51103015 26.0468125068796 1.0 9.1 6660.33998482136 139
2458801.506174769 2458802.51103015 -26.468762159503 1.0 -43.5 6607.82441015498 138
2458801.506174769 2458802.51103015 -82.55324821074781 1.0 -99.5 6551.73992410373 137
2458801.506174769 2458802.51103015 17.2027010380686 1.0 0.2 6651.49587335255 136
2458801.506174769 2458802.51103015 5.32425693013838 1.0 -11.700000000000001 6639.617429244619 135
2458801.506174769 2458802.51103015 -34.669236731208 1.0 -51.7 6599.6239355832695 134
2458801.506174769 2458802.51103015 -2.7999815661062 1.0 -19.8 6631.49319074837 133
2458801.506174769 2458802.51103015 -58.3363118701943 1.0 -75.30000000000001 6575.956860444289 132
2458801.506174769 2458802.51103015 -13.048264678833 1.0 -30.0 6621.24490763565 131
2458801.506174769 2458802.51103015 -3.3687408933565 1.0 -20.400000000000002 6630.92443142112 130
2458801.506174769 2458802.51103015 -37.3825379470469 1.0 -54.4 6596.91063436743 129
2458801.506174769 2458802.51103015 -17.3857275778797 1.0 -34.4 6616.9074447366 128
2458801.506174769 2458802.51103015 -5.429113015107 1.0 -22.4 6628.86405929937 127
2458801.506174769 2458802.51103015 11.520654353300399 1.0 -5.5 6645.81382666778 126
2458801.506174769 2458802.51103015 -15.9656082044712 1.0 -33.0 6618.32756411001 125
2458801.506174769 2458802.51103015 3.8636129777076498 1.0 -13.100000000000001 6638.15678529219 124
2458801.506174769 2458802.51103015 15.324189534870099 1.0 -1.7 6649.617361849349 123
2458801.506174769 2458802.51103015 -17.8552676680432 1.0 -34.8 6616.43790464644 122
2458801.506174769 2458802.51103015 8.73203163023373 1.0 -8.3 6643.02520394471 121
2458801.506174769 2458802.51103015 24.2109219869091 1.0 7.2 6658.504094301389 120
2458801.506174769 2458802.51103015 2.1228479385646497 1.0 -14.9 6636.41602025304 119
2458801.506174769 2458802.51103015 -42.3709202066105 1.0 -59.4 6591.92225210787 118
2458801.506174769 2458802.51103015 -3.9183220462621997 1.0 -20.9 6630.37485026822 117
2458801.506174769 2458802.51103015 -9.2507077739912 1.0 -26.200000000000003 6625.04246454049 116
2458801.506174769 2458802.51103015 -29.3443215861 1.0 -46.300000000000004 6604.9488507283795 115
2458801.506174769 2458802.51103015 -9.5612556451909 1.0 -26.599999999999998 6624.7319166692905 114
2458801.506174769 2458802.51103015 17.9391618513556 1.0 0.9 6652.232334165839 113
2458801.506174769 2458802.51103015 34.9467977775468 1.0 18.0 6669.23997009203 112
2458801.506174769 2458802.51103015 2.58874846120527 1.0 -14.4 6636.881920775691 111
2458801.506174769 2458802.51103015 -4.7808522197066 1.0 -21.8 6629.51232009477 110
2458801.506174769 2458802.51103015 -7.2978137620003 1.0 -24.299999999999997 6626.99535855248 109
2458801.506174769 2458802.51103015 -5.2636156391799 1.0 -22.3 6629.029556675299 108
2458801.506174769 2458802.51103015 26.3238633096821 1.0 9.299999999999999 6660.61703562416 107
2458801.506174769 2458802.51103015 -4.2056409893378 1.0 -21.2 6630.08753132514 106
2458801.506174769 2458802.51103015 21.534687111914 1.0 4.5 6655.82785942639 105
2458801.506174769 2458802.51103015 -12.8096837219802 1.0 -29.8 6621.4834885925 104
2458801.506174769 2458802.51103015 0.518930305426046 1.0 -16.5 6634.81210261991 103
2458801.506174769 2458802.51103015 17.357504509225098 1.0 0.4 6651.6506768237105 102
2458801.506174769 2458802.51103015 1.9389149466047 1.0 -15.100000000000001 6636.23208726109 101
2458801.506174769 2458802.51103015 -11.6628488396984 1.0 -28.7 6622.63032347478 100
2458801.506174769 2458802.51103015 -37.4949703952145 1.0 -54.5 6596.7982019192705 99
2458801.506174769 2458802.51103015 13.742365790699601 1.0 -3.2 6648.03553810518 98
2458801.506174769 2458802.51103015 13.001521453664301 1.0 -4.0 6647.29469376815 97
2458801.506174769 2458802.51103015 -22.3756255084604 1.0 -39.4 6611.91754680602 96
2458801.506174769 2458802.51103015 3.0563877219114097 1.0 -13.899999999999999 6637.34956003639 95
2458801.506174769 2458802.51103015 19.8375407002311 1.0 2.8 6654.13071301471 94
2458801.506174769 2458802.51103015 -12.1214221656984 1.0 -29.1 6622.17175014878 93
2458801.506174769 2458802.51103015 -30.124541617000798 1.0 -47.1 6604.16863069748 92
2458801.506174769 2458802.51103015 10.936167834045401 1.0 -6.1000000000000005 6645.22934014853 91
2458801.506174769 2458802.51103015 -16.070698678055 1.0 -33.099999999999994 6618.22247363643 90
2458801.506174769 2458802.51103015 -55.8023694072318 1.0 -72.8 6578.49080290725 88
2458801.506174769 2458802.51103015 -10.9212189418706 1.0 -27.900000000000002 6623.37195337261 87
2458801.506174769 2458802.51103015 19.9301196487216 1.0 2.9 6654.223291963201 86
2458801.506174769 2458802.51103015 19.2002623123111 1.0 2.2 6653.49343462679 85
2458801.506174769 2458802.51103015 73.1116657419957 1.0 56.099999999999994 6707.40483805648 84
2458801.506174769 2458802.51103015 15.8707552553254 1.0 -1.1 6650.163927569811 83
2458801.506174769 2458802.51103015 23.1300169633153 1.0 6.1000000000000005 6657.4231892778 82
2458801.506174769 2458802.51103015 -9.139420882613399 1.0 -26.1 6625.15375143187 81
2458801.506174769 2458802.51103015 11.3766964272406 1.0 -5.6 6645.66986874172 80
2458801.506174769 2458802.51103015 -11.3407689147627 1.0 -28.299999999999997 6622.9524033997195 79
2458801.506174769 2458802.51103015 -16.370640713032202 1.0 -33.4 6617.92253160145 78
2458801.506174769 2458802.51103015 18.7329556218723 1.0 1.7 6653.02612793635 77
2458801.506174769 2458802.51103015 -53.5630986458324 1.0 -70.6 6580.73007366865 76
2458801.506174769 2458802.51103015 18.3796337292046 1.0 1.4 6652.672806043691 75
2458801.506174769 2458802.51103015 2.11728124749833 1.0 -14.9 6636.41045356198 74
2458801.506174769 2458802.51103015 44.886257977705796 1.0 27.900000000000002 6679.17943029219 73
2458801.506174769 2458802.51103015 3.17548482231 1.0 -13.799999999999999 6637.468657136789 72
2458801.506174769 2458802.51103015 13.5351706535287 1.0 -3.5 6647.8283429680105 71
2458801.506174769 2458802.51103015 20.5546400793759 1.0 3.6 6654.84781239386 70
2458801.506174769 2458802.51103015 22.5475395785262 1.0 5.6 6656.84071189301 69
2458801.506174769 2458802.51103015 87.3794779735633 1.0 70.4 6721.67265028804 68
2458801.506174769 2458802.51103015 4.1403654924066 1.0 -12.9 6638.43353780689 67
2458801.506174769 2458802.51103015 38.697773144083 1.0 21.7 6672.9909454585595 66
2458801.506174769 2458802.51103015 -61.7805285763593 1.0 -78.8 6572.5126437381205 65
2458801.5119039356 2458802.5167592 -102.010411345101 1.0 -110.39999999999999 6540.86844777932 148
2458801.5119039356 2458802.5167592 -68.6582503892836 1.0 -77.10000000000001 6574.22060873514 147
2458801.5119039356 2458802.5167592 124.92585829044201 1.0 116.5 6767.80471741487 146
2458801.5119039356 2458802.5167592 -91.2220833787663 1.0 -99.6 6551.6567757456605 145
2458801.5119039356 2458802.5167592 47.4835283041841 1.0 39.1 6690.3623874286095 144
2458801.5119039356 2458802.5167592 -20.889108453596698 1.0 -29.3 6621.989750670829 143
2458801.5119039356 2458802.5167592 127.78360736772102 1.0 119.4 6770.66246649214 142
2458801.5119039356 2458802.5167592 9.90311989923054 1.0 1.5 6652.78197902365 141
2458801.5119039356 2458802.5167592 34.5644680368462 1.0 26.200000000000003 6677.44332716127 140
2458801.5119039356 2458802.5167592 -3.9002123560321 1.0 -12.3 6638.97864676839 139
2458801.5119039356 2458802.5167592 -71.2530415618069 1.0 -79.69999999999999 6571.62581756262 138
2458801.5119039356 2458802.5167592 -92.62553562979289 1.0 -101.0 6550.2533234946295 137
2458801.5119039356 2458802.5167592 28.5803163455878 1.0 20.2 6671.4591754700095 136
2458801.5119039356 2458802.5167592 19.7369500312128 1.0 11.299999999999999 6662.61580915564 135
2458801.5119039356 2458802.5167592 14.3510069107862 1.0 5.8999999999999995 6657.22986603521 134
2458801.5119039356 2458802.5167592 20.7031775576363 1.0 12.3 6663.58203668206 133
2458801.5119039356 2458802.5167592 -22.365913750008698 1.0 -30.8 6620.512945374409 132
2458801.5119039356 2458802.5167592 -1.3161457758093 1.0 -9.700000000000001 6641.56271334861 131
2458801.5119039356 2458802.5167592 3.51779660323004 1.0 -4.8999999999999995 6646.39665572765 130
2458801.5119039356 2458802.5167592 -10.7495637694566 1.0 -19.2 6632.12929535497 129
2458801.5119039356 2458802.5167592 -21.133346899322397 1.0 -29.5 6621.7455122251 128
2458801.5119039356 2458802.5167592 7.04286789119912 1.0 -1.4 6649.9217270156205 127
2458801.5119039356 2458802.5167592 2.55936211146324 1.0 -5.8 6645.43822123589 126
2458801.5119039356 2458802.5167592 -27.5630111446352 1.0 -36.0 6615.31584797979 125
2458801.5119039356 2458802.5167592 12.590739780780101 1.0 4.2 6655.4695989052 124
2458801.5119039356 2458802.5167592 24.137755184581202 1.0 15.7 6667.016614309 123
2458801.5119039356 2458802.5167592 13.502221887772901 1.0 5.1000000000000005 6656.3810810122 122
2458801.5119039356 2458802.5167592 39.6497042639368 1.0 31.2 6682.52856338836 121
2458801.5119039356 2458802.5167592 17.970466846059598 1.0 9.6 6660.84932597048 120
2458801.5119039356 2458802.5167592 17.134055021276797 1.0 8.7 6660.0129141457 119
2458801.5119039356 2458802.5167592 -46.0582109754313 1.0 -54.5 6596.82064814899 118
2458801.5119039356 2458802.5167592 -0.60933643758165 1.0 -9.0 6642.26952268684 117
2458801.5119039356 2458802.5167592 -1.3892521227543002 1.0 -9.799999999999999 6641.48960700167 116
2458801.5119039356 2458802.5167592 0.18966515964802302 1.0 -8.200000000000001 6643.06852428407 115
2458801.5119039356 2458802.5167592 29.088133835615302 1.0 20.7 6671.9669929600395 114
2458801.5119039356 2458802.5167592 6.62429765593497 1.0 -1.8 6649.503156780361 113
2458801.5119039356 2458802.5167592 29.5212136136991 1.0 21.1 6672.40007273812 112
2458801.5119039356 2458802.5167592 3.37358758528694 1.0 -5.0 6646.25244670971 111
2458801.5119039356 2458802.5167592 0.483916288963826 1.0 -7.9 6643.36277541339 110
2458801.5119039356 2458802.5167592 0.565265931831149 1.0 -7.8 6643.44412505625 109
2458801.5119039356 2458802.5167592 7.56694025227489 1.0 -0.8 6650.4457993767 108
2458801.5119039356 2458802.5167592 34.945312315819 1.0 26.5 6677.82417144024 107
2458801.5119039356 2458802.5167592 8.35208859376646 1.0 -0.1 6651.23094771819 106
2458801.5119039356 2458802.5167592 21.5790295134388 1.0 13.2 6664.4578886378595 105
2458801.5119039356 2458802.5167592 -2.7171150662761 1.0 -11.1 6640.16174405815 104
2458801.5119039356 2458802.5167592 -8.1388584839308 1.0 -16.5 6634.7400006404905 103
2458801.5119039356 2458802.5167592 21.711431820936202 1.0 13.299999999999999 6664.59029094536 102
2458801.5119039356 2458802.5167592 -10.2494407279039 1.0 -18.700000000000003 6632.62941839652 101
2458801.5119039356 2458802.5167592 -8.2996635969392 1.0 -16.7 6634.57919552748 100
2458801.5119039356 2458802.5167592 -39.7361155045513 1.0 -48.099999999999994 6603.14274361987 99
2458801.5119039356 2458802.5167592 40.6202307070602 1.0 32.2 6683.49908983148 98
2458801.5119039356 2458802.5167592 18.734116144038598 1.0 10.3 6661.612975268459 97
2458801.5119039356 2458802.5167592 11.7548375287342 1.0 3.4 6654.63369665316 96
2458801.5119039356 2458802.5167592 6.96607298319396 1.0 -1.4 6649.8449321076205 95
2458801.5119039356 2458802.5167592 14.734626114527101 1.0 6.3 6657.61348523895 94
2458801.5119039356 2458802.5167592 -7.2116612336171 1.0 -15.6 6635.66719789081 93
2458801.5119039356 2458802.5167592 -26.2286405811594 1.0 -34.6 6616.65021854326 92
2458801.5119039356 2458802.5167592 -1.3245427090762 1.0 -9.700000000000001 6641.5543164153505 91
2458801.5119039356 2458802.5167592 10.8734152206642 1.0 2.5 6653.75227434509 90
2458801.5119039356 2458802.5167592 -40.0612725698313 1.0 -48.5 6602.81758655459 88
2458801.5119039356 2458802.5167592 -10.5476327749408 1.0 -19.0 6632.33122634948 87
2458801.5119039356 2458802.5167592 33.097817183747 1.0 24.7 6675.97667630817 86
2458801.5119039356 2458802.5167592 10.7958037315008 1.0 2.4 6653.67466285592 85
2458801.5119039356 2458802.5167592 -4.8988479762748005 1.0 -13.299999999999999 6637.98001114815 84
2458801.5119039356 2458802.5167592 9.7391164268128 1.0 1.3 6652.61797555124 83
2458801.5119039356 2458802.5167592 24.4532908109774 1.0 16.0 6667.3321499354 82
2458801.5119039356 2458802.5167592 13.722655465032899 1.0 5.3 6656.60151458946 81
2458801.5119039356 2458802.5167592 -20.4575675785206 1.0 -28.9 6622.4212915459 80
2458801.5119039356 2458802.5167592 2.9928619958230502 1.0 -5.4 6645.87172112025 79
2458801.5119039356 2458802.5167592 -23.8056118332501 1.0 -32.2 6619.0732472911695 78
2458801.5119039356 2458802.5167592 -0.80412256331108 1.0 -9.2 6642.07473656111 77
2458801.5119039356 2458802.5167592 -46.5884452058685 1.0 -55.0 6596.29041391855 76
2458801.5119039356 2458802.5167592 13.5587226870948 1.0 5.2 6656.43758181152 75
2458801.5119039356 2458802.5167592 -12.0584023756809 1.0 -20.5 6630.82045674874 74
2458801.5119039356 2458802.5167592 77.5406528848492 1.0 69.1 6720.41951200927 73
2458801.5119039356 2458802.5167592 21.5928918888988 1.0 13.2 6664.47175101332 72
2458801.5119039356 2458802.5167592 -3.1703966241885 1.0 -11.6 6639.70846250023 71
2458801.5119039356 2458802.5167592 23.1239464120332 1.0 14.7 6666.00280553646 70
2458801.5119039356 2458802.5167592 20.3287132225221 1.0 11.9 6663.20757234695 69
2458801.5119039356 2458802.5167592 13.0097942932039 1.0 4.6 6655.88865341763 68
2458801.5119039356 2458802.5167592 -26.3834407239498 1.0 -34.8 6616.49541840047 67
2458801.5119039356 2458802.5167592 67.04772486641811 1.0 58.6 6709.92658399084 66
2458801.5119039356 2458802.5167592 11.814952000896099 1.0 3.4 6654.693811125319 65
2458801.5176678244 2458802.52252296 0.0263630008259241 1.0 0.0 6651.30993215806 148
2458801.5176678244 2458802.52252296 0.0281687056009616 1.0 0.0 6651.31173786284 147
2458801.5176678244 2458802.52252296 -0.025042470531922 1.0 -0.0 6651.25852668671 146
2458801.5176678244 2458802.52252296 -0.00027437313043776997 1.0 0.0 6651.283294784111 145
2458801.5176678244 2458802.52252296 0.0690651296011424 1.0 0.1 6651.35263428684 144
2458801.5176678244 2458802.52252296 0.0497400412085014 1.0 0.1 6651.3333091984505 143
2458801.5176678244 2458802.52252296 0.0403690285342151 1.0 0.0 6651.323938185769 142
2458801.5176678244 2458802.52252296 -0.10233823095707001 1.0 -0.1 6651.1812309262805 141
2458801.5176678244 2458802.52252296 -0.06479387027979999 1.0 -0.1 6651.21877528696 140
2458801.5176678244 2458802.52252296 -0.077566072949509 1.0 -0.1 6651.20600308429 139
2458801.5176678244 2458802.52252296 0.061939365632035503 1.0 0.1 6651.34550852287 138
2458801.5176678244 2458802.52252296 0.0728048809204296 1.0 0.1 6651.3563740381605 137
2458801.5176678244 2458802.52252296 -0.0005674024166069099 1.0 0.0 6651.283001754819 136
2458801.5176678244 2458802.52252296 0.000233402289495643 1.0 0.0 6651.28380255953 135
2458801.5176678244 2458802.52252296 -0.0010631957207963 1.0 0.0 6651.28250596152 134
2458801.5176678244 2458802.52252296 -0.053521295908077 1.0 -0.1 6651.23004786133 133
2458801.5176678244 2458802.52252296 0.0702952934386047 1.0 0.1 6651.35386445068 132
2458801.5176678244 2458802.52252296 -0.0010048827601139 1.0 0.0 6651.28256427448 131
2458801.5176678244 2458802.52252296 -0.00052187037891116 1.0 0.0 6651.28304728686 130
2458801.5176678244 2458802.52252296 -0.00033441684177404004 1.0 0.0 6651.2832347404 129
2458801.5176678244 2458802.52252296 0.0521636902970357 1.0 0.1 6651.33573284754 128
2458801.5176678244 2458802.52252296 -0.048768057335557995 1.0 -0.0 6651.234801099899 127
2458801.5176678244 2458802.52252296 0.0310599234563114 1.0 0.0 6651.31462908069 126
2458801.5176678244 2458802.52252296 -0.053206166275466 1.0 -0.1 6651.23036299096 125
2458801.5176678244 2458802.52252296 0.0434648742917432 1.0 0.0 6651.327034031529 124
2458801.5176678244 2458802.52252296 -0.024311761200657 1.0 -0.0 6651.25925739604 123
2458801.5176678244 2458802.52252296 0.00027028057747458 1.0 0.0 6651.28383943782 122
2458801.5176678244 2458802.52252296 -0.048906850171448 1.0 -0.0 6651.23466230707 121
2458801.5176678244 2458802.52252296 0.0518528875401714 1.0 0.1 6651.33542204478 120
2458801.5176678244 2458802.52252296 0.0245158246174881 1.0 0.0 6651.30808498186 119
2458801.5176678244 2458802.52252296 -0.077230240885129 1.0 -0.1 6651.20633891635 118
2458801.5176678244 2458802.52252296 0.0870889602717639 1.0 0.1 6651.37065811751 117
2458801.5176678244 2458802.52252296 -0.00011594293880535 1.0 0.0 6651.2834532143 116
2458801.5176678244 2458802.52252296 0.09510086823461 1.0 0.1 6651.3786700254705 115
2458801.5176678244 2458802.52252296 -0.048141592407624 1.0 -0.0 6651.23542756483 114
2458801.5176678244 2458802.52252296 0.0584662829448135 1.0 0.1 6651.342035440181 113
2458801.5176678244 2458802.52252296 0.00026881609649365097 1.0 0.0 6651.28383797333 112
2458801.5176678244 2458802.52252296 -0.00043919378267532 1.0 0.0 6651.28312996346 111
2458801.5176678244 2458802.52252296 0.1457566585783 1.0 0.1 6651.4293258158195 110
2458801.5176678244 2458802.52252296 -0.080667377226007 1.0 -0.1 6651.2029017800105 109
2458801.5176678244 2458802.52252296 -0.0011820849312727001 1.0 0.0 6651.2823870723105 108
2458801.5176678244 2458802.52252296 -0.00010076559320282 1.0 0.0 6651.28346839165 107
2458801.5176678244 2458802.52252296 -0.00049471091756459 1.0 0.0 6651.28307444632 106
2458801.5176678244 2458802.52252296 -0.0012057828930878002 1.0 0.0 6651.28236337435 105
2458801.5176678244 2458802.52252296 -0.028667726083675002 1.0 -0.0 6651.25490143115 104
2458801.5176678244 2458802.52252296 0.023874382045541202 1.0 0.0 6651.30744353928 103
2458801.5176678244 2458802.52252296 -0.0012799388731111 1.0 0.0 6651.28228921837 102
2458801.5176678244 2458802.52252296 -0.064378823119604 1.0 -0.1 6651.21919033412 101
2458801.5176678244 2458802.52252296 0.024448325367743 1.0 0.0 6651.30801748261 100
2458801.5176678244 2458802.52252296 -0.052715365519873 1.0 -0.1 6651.23085379172 99
2458801.5176678244 2458802.52252296 0.06717901151809261 1.0 0.1 6651.350748168759 98
2458801.5176678244 2458802.52252296 -0.047000362492611 1.0 -0.0 6651.2365687947495 97
2458801.5176678244 2458802.52252296 0.0390611140819175 1.0 0.0 6651.32263027132 96
2458801.5176678244 2458802.52252296 -0.024292789518654 1.0 -0.0 6651.25927636772 95
2458801.5176678244 2458802.52252296 0.0213854969954852 1.0 0.0 6651.30495465423 94
2458801.5176678244 2458802.52252296 -0.00078001839565189 1.0 0.0 6651.28278913884 93
2458801.5176678244 2458802.52252296 0.023315616068053702 1.0 0.0 6651.306884773309 92
2458801.5176678244 2458802.52252296 0.0109567963768598 1.0 0.0 6651.29452595362 91
2458801.5176678244 2458802.52252296 0.0673421014205644 1.0 0.1 6651.350911258661 90
2458801.5176678244 2458802.52252296 0.000216094789173837 1.0 0.0 6651.28378525203 88
2458801.5176678244 2458802.52252296 -0.21678054583152 1.0 -0.2 6651.06678861141 87
2458801.5176678244 2458802.52252296 -0.056347610637886 1.0 -0.1 6651.2272215466 86
2458801.5176678244 2458802.52252296 0.041101268913657 1.0 0.0 6651.32467042615 85
2458801.5176678244 2458802.52252296 0.0653637210499269 1.0 0.1 6651.34893287829 84
2458801.5176678244 2458802.52252296 0.0188138022156892 1.0 0.0 6651.30238295945 83
2458801.5176678244 2458802.52252296 0.0390433406112223 1.0 0.0 6651.32261249785 82
2458801.5176678244 2458802.52252296 -0.016836652003249002 1.0 -0.0 6651.26673250524 81
2458801.5176678244 2458802.52252296 8.2560770664486e-05 1.0 0.0 6651.283651718009 80
2458801.5176678244 2458802.52252296 0.0192890262216139 1.0 0.0 6651.30285818346 79
2458801.5176678244 2458802.52252296 0.0276059455863731 1.0 0.0 6651.31117510282 78
2458801.5176678244 2458802.52252296 0.0676634883802763 1.0 0.1 6651.35123264562 77
2458801.5176678244 2458802.52252296 -0.001627153947581 1.0 0.0 6651.281942003289 76
2458801.5176678244 2458802.52252296 0.0350295316877691 1.0 0.0 6651.31859868893 75
2458801.5176678244 2458802.52252296 -0.014760417691662 1.0 -0.0 6651.26880873955 74
2458801.5176678244 2458802.52252296 -0.020223862864377003 1.0 -0.0 6651.26334529437 73
2458801.5176678244 2458802.52252296 -0.020737695908933998 1.0 -0.0 6651.26283146133 72
2458801.5176678244 2458802.52252296 0.039456191050391 1.0 0.0 6651.323025348291 71
2458801.5176678244 2458802.52252296 -0.020582061544872 1.0 -0.0 6651.26298709569 70
2458801.5176678244 2458802.52252296 -0.010886666382603001 1.0 -0.0 6651.27268249086 69
2458801.5176678244 2458802.52252296 -0.059659866710859 1.0 -0.1 6651.22390929053 68
2458801.5176678244 2458802.52252296 0.15950799976938201 1.0 0.2 6651.4430771570105 67
2458801.5176678244 2458802.52252296 -0.0024591121530192998 1.0 0.0 6651.281110045091 66
2458801.5176678244 2458802.52252296 0.557223762757353 1.0 0.6 6651.84079292 65
2458801.523420139 2458802.52827515 -59.7074366515011 1.0 -51.6 6599.7409596445905 148
2458801.523420139 2458802.52827515 -36.809608189089204 1.0 -28.7 6622.638788107 147
2458801.523420139 2458802.52827515 142.812313877303 1.0 151.0 6802.26071017339 146
2458801.523420139 2458802.52827515 5.31702657783928 1.0 13.5 6664.765422873929 145
2458801.523420139 2458802.52827515 53.8927313580491 1.0 62.0 6713.34112765414 144
2458801.523420139 2458802.52827515 66.80828352829681 1.0 74.89999999999999 6726.25667982439 143
2458801.523420139 2458802.52827515 14.8681664578865 1.0 23.0 6674.31656275398 142
2458801.523420139 2458802.52827515 15.689208490536899 1.0 24.0 6675.13760478663 141
2458801.523420139 2458802.52827515 26.5090270534953 1.0 34.7 6685.9574233495905 140
2458801.523420139 2458802.52827515 -34.4751869841211 1.0 -26.200000000000003 6624.97320931197 139
2458801.523420139 2458802.52827515 -52.7683169609992 1.0 -44.699999999999996 6606.68007933509 138
2458801.523420139 2458802.52827515 -90.9522729676588 1.0 -82.9 6568.49612332843 137
2458801.523420139 2458802.52827515 -9.369639598856098 1.0 -1.2 6650.07875669723 136
2458801.523420139 2458802.52827515 22.141229499115198 1.0 30.3 6681.58962579521 135
2458801.523420139 2458802.52827515 14.770744604661001 1.0 22.9 6674.21914090075 134
2458801.523420139 2458802.52827515 7.69344309991471 1.0 15.9 6667.141839396009 133
2458801.523420139 2458802.52827515 -31.217631131598402 1.0 -23.099999999999998 6628.230765164491 132
2458801.523420139 2458802.52827515 30.0337517920637 1.0 38.199999999999996 6689.48214808815 131
2458801.523420139 2458802.52827515 -16.9086729151955 1.0 -8.7 6642.53972338089 130
2458801.523420139 2458802.52827515 10.238714453191 1.0 18.4 6669.68711074928 129
2458801.523420139 2458802.52827515 -24.5730071386987 1.0 -16.5 6634.87538915739 128
2458801.523420139 2458802.52827515 -2.9855400762306 1.0 5.2 6656.4628562198595 127
2458801.523420139 2458802.52827515 18.263623476886302 1.0 26.4 6677.71201977298 126
2458801.523420139 2458802.52827515 -30.8462775533185 1.0 -22.599999999999998 6628.6021187427705 125
2458801.523420139 2458802.52827515 14.2601923299512 1.0 22.4 6673.70858862604 124
2458801.523420139 2458802.52827515 33.8062763938609 1.0 42.0 6693.25467268995 123
2458801.523420139 2458802.52827515 56.8333450169751 1.0 65.0 6716.281741313061 122
2458801.523420139 2458802.52827515 25.7084840237001 1.0 33.9 6685.15688031979 121
2458801.523420139 2458802.52827515 24.5107314087196 1.0 32.599999999999994 6683.95912770481 120
2458801.523420139 2458802.52827515 18.6086102773144 1.0 26.700000000000003 6678.0570065734 119
2458801.523420139 2458802.52827515 -27.4450614637338 1.0 -19.2 6632.00333483236 118
2458801.523420139 2458802.52827515 17.4887655757168 1.0 25.6 6676.93716187181 117
2458801.523420139 2458802.52827515 -11.8466889147877 1.0 -3.7 6647.6017073813 116
2458801.523420139 2458802.52827515 -0.86371148540554 1.0 7.2 6658.58468481069 115
2458801.523420139 2458802.52827515 31.0165742819075 1.0 39.199999999999996 6690.464970577999 114
2458801.523420139 2458802.52827515 21.3197197645636 1.0 29.4 6680.76811606065 113
2458801.523420139 2458802.52827515 18.622985886713302 1.0 26.8 6678.0713821828 112
2458801.523420139 2458802.52827515 3.9826793129211797 1.0 12.1 6663.43107560901 111
2458801.523420139 2458802.52827515 1.1958293438132401 1.0 9.2 6660.6442256399005 110
2458801.523420139 2458802.52827515 -8.859613938113 1.0 -0.6 6650.588782357981 109
2458801.523420139 2458802.52827515 4.54932140039777 1.0 12.7 6663.99771769649 108
2458801.523420139 2458802.52827515 24.2939872578951 1.0 32.5 6683.74238355398 107
2458801.523420139 2458802.52827515 3.84789243134431 1.0 12.0 6663.296288727431 106
2458801.523420139 2458802.52827515 -3.8329807059068 1.0 4.3 6655.61541559018 105
2458801.523420139 2458802.52827515 2.47693281461725 1.0 10.7 6661.925329110711 104
2458801.523420139 2458802.52827515 -3.7086809710444997 1.0 4.4 6655.73971532505 103
2458801.523420139 2458802.52827515 23.4851952073889 1.0 31.7 6682.93359150348 102
2458801.523420139 2458802.52827515 -7.460636541179801 1.0 0.8 6651.987759754909 101
2458801.523420139 2458802.52827515 1.5875885975829 1.0 9.700000000000001 6661.03598489367 100
2458801.523420139 2458802.52827515 -7.0814452615808 1.0 1.1 6652.36695103451 99
2458801.523420139 2458802.52827515 4.471357304209 1.0 12.6 6663.9197536003 98
2458801.523420139 2458802.52827515 16.063087366184398 1.0 24.299999999999997 6675.511483662281 97
2458801.523420139 2458802.52827515 -43.414497224366 1.0 -35.3 6616.03389907172 96
2458801.523420139 2458802.52827515 21.8477191973614 1.0 30.0 6681.29611549345 95
2458801.523420139 2458802.52827515 39.4091828046879 1.0 47.6 6698.85757910078 94
2458801.523420139 2458802.52827515 -3.9492775859600004 1.0 4.2 6655.49911871013 93
2458801.523420139 2458802.52827515 -24.5308320898623 1.0 -16.400000000000002 6634.91756420623 92
2458801.523420139 2458802.52827515 -12.4992568146673 1.0 -4.3 6646.94913948142 91
2458801.523420139 2458802.52827515 -23.518862971415402 1.0 -15.4 6635.92953332467 90
2458801.523420139 2458802.52827515 -5.1466859148270006 1.0 3.0 6654.30171038126 88
2458801.523420139 2458802.52827515 -5.4403514515408995 1.0 2.9 6654.008044844551 87
2458801.523420139 2458802.52827515 11.6915383446381 1.0 19.900000000000002 6671.139934640731 86
2458801.523420139 2458802.52827515 -35.6704156330805 1.0 -27.5 6623.77798066301 85
2458801.523420139 2458802.52827515 38.5076087088372 1.0 46.6 6697.95600500493 84
2458801.523420139 2458802.52827515 -5.2162821010953 1.0 2.9 6654.232114195 83
2458801.523420139 2458802.52827515 -8.0302757550976 1.0 0.1 6651.4181205409905 82
2458801.523420139 2458802.52827515 -10.892815148940501 1.0 -2.7 6648.5555811471495 81
2458801.523420139 2458802.52827515 23.4557898316634 1.0 31.6 6682.90418612775 80
2458801.523420139 2458802.52827515 -11.8292485465643 1.0 -3.7 6647.6191477495295 79
2458801.523420139 2458802.52827515 -24.127996968112498 1.0 -16.0 6635.320399327979 78
2458801.523420139 2458802.52827515 14.3122612110931 1.0 22.4 6673.7606575071795 77
2458801.523420139 2458802.52827515 28.8494481695656 1.0 37.0 6688.297844465659 76
2458801.523420139 2458802.52827515 -4.877317245547601 1.0 3.3 6654.57107905054 75
2458801.523420139 2458802.52827515 -24.7927570697133 1.0 -16.6 6634.65563922638 74
2458801.523420139 2458802.52827515 56.4781869982722 1.0 64.69999999999999 6715.92658329436 73
2458801.523420139 2458802.52827515 34.2067760016374 1.0 42.4 6693.65517229773 72
2458801.523420139 2458802.52827515 11.139016847205399 1.0 19.3 6670.5874131433 71
2458801.523420139 2458802.52827515 5.3825995691934 1.0 13.6 6664.83099586528 70
2458801.523420139 2458802.52827515 8.37178013636208 1.0 16.5 6667.820176432449 69
2458801.523420139 2458802.52827515 58.7465021408908 1.0 67.0 6718.19489843698 68
2458801.523420139 2458802.52827515 1.14910195653728 1.0 9.2 6660.59749825263 67
2458801.523420139 2458802.52827515 50.1137824119988 1.0 58.3 6709.56217870809 66
2458801.523420139 2458802.52827515 -13.2661223120953 1.0 -5.7 6646.18227398399 65
2458801.529172454 2458802.53402734 -275.71344445164 1.0 -259.6 6391.66626571459 148
2458801.529172454 2458802.53402734 -41.067200515716 1.0 -25.0 6626.31250965052 147
2458801.529172454 2458802.53402734 4.56624552770535 1.0 20.7 6671.94595569394 146
2458801.529172454 2458802.53402734 -33.633761654043 1.0 -17.5 6633.74594851219 145
2458801.529172454 2458802.53402734 62.0493841274232 1.0 78.10000000000001 6729.4290942936495 144
2458801.529172454 2458802.53402734 23.373146042328802 1.0 39.4 6690.75285620856 143
2458801.529172454 2458802.53402734 59.4902683718601 1.0 75.5 6726.86997853809 142
2458801.529172454 2458802.53402734 54.3116372142283 1.0 70.5 6721.691347380461 141
2458801.529172454 2458802.53402734 29.4208506068685 1.0 45.6 6696.800560773099 140
2458801.529172454 2458802.53402734 -7.7095507525814995 1.0 8.5 6659.670159413649 139
2458801.529172454 2458802.53402734 -121.47089918161801 1.0 -105.39999999999999 6545.90881098461 138
2458801.529172454 2458802.53402734 -102.38409525537601 1.0 -86.4 6564.995614910859 137
2458801.529172454 2458802.53402734 4.44236077343607 1.0 20.5 6671.82207093967 136
2458801.529172454 2458802.53402734 14.637500408981401 1.0 30.700000000000003 6682.01721057521 135
2458801.529172454 2458802.53402734 11.0548453381689 1.0 27.2 6678.4345555044 134
2458801.529172454 2458802.53402734 24.1340224125581 1.0 40.300000000000004 6691.51373257879 133
2458801.529172454 2458802.53402734 32.1756206589816 1.0 48.2 6699.55533082521 132
2458801.529172454 2458802.53402734 13.2141551172973 1.0 29.3 6680.59386528353 131
2458801.529172454 2458802.53402734 4.9334287307552005 1.0 21.0 6672.31313889699 130
2458801.529172454 2458802.53402734 28.628402361333 1.0 44.699999999999996 6696.00811252756 129
2458801.529172454 2458802.53402734 -9.281999157202 1.0 6.8 6658.09771100903 128
2458801.529172454 2458802.53402734 25.029057801522598 1.0 41.2 6692.4087679677505 127
2458801.529172454 2458802.53402734 21.786257724290397 1.0 37.900000000000006 6689.16596789052 126
2458801.529172454 2458802.53402734 -25.0108988791684 1.0 -8.9 6642.36881128706 125
2458801.529172454 2458802.53402734 -2.1176766747146 1.0 13.899999999999999 6665.26203349152 124
2458801.529172454 2458802.53402734 35.3007355284021 1.0 51.4 6702.680445694629 123
2458801.529172454 2458802.53402734 21.2845749441621 1.0 37.400000000000006 6688.66428511039 122
2458801.529172454 2458802.53402734 -26.4164448051414 1.0 -10.3 6640.96326536109 121
2458801.529172454 2458802.53402734 13.1784283769436 1.0 29.2 6680.55813854318 120
2458801.529172454 2458802.53402734 14.4214608065365 1.0 30.5 6681.801170972771 119
2458801.529172454 2458802.53402734 -40.2365189378733 1.0 -24.1 6627.14319122836 118
2458801.529172454 2458802.53402734 16.5916118038867 1.0 32.599999999999994 6683.97132197012 117
2458801.529172454 2458802.53402734 -14.2976336063709 1.0 1.8 6653.08207655986 116
2458801.529172454 2458802.53402734 -14.4725525195577 1.0 1.5 6652.9071576466695 115
2458801.529172454 2458802.53402734 20.6063986677609 1.0 36.7 6687.98610883399 114
2458801.529172454 2458802.53402734 29.337415143996502 1.0 45.400000000000006 6696.717125310231 113
2458801.529172454 2458802.53402734 31.0143672313883 1.0 47.1 6698.39407739762 112
2458801.529172454 2458802.53402734 -12.0599840251705 1.0 4.0 6655.31972614106 111
2458801.529172454 2458802.53402734 1.14636682756952 1.0 17.1 6668.5260769937995 110
2458801.529172454 2458802.53402734 -22.691290830509 1.0 -6.5 6644.68841933572 109
2458801.529172454 2458802.53402734 7.2890150776219205 1.0 23.400000000000002 6674.6687252438505 108
2458801.529172454 2458802.53402734 17.2531126369915 1.0 33.300000000000004 6684.63282280322 107
2458801.529172454 2458802.53402734 0.744318997361937 1.0 16.8 6668.12402916359 106
2458801.529172454 2458802.53402734 -1.1260699630089 1.0 15.0 6666.25364020322 105
2458801.529172454 2458802.53402734 -15.095030332390499 1.0 1.0 6652.28467983384 104
2458801.529172454 2458802.53402734 -3.5745818077676996 1.0 12.5 6663.80512835846 103
2458801.529172454 2458802.53402734 12.330489690675101 1.0 28.400000000000002 6679.71019985691 102
2458801.529172454 2458802.53402734 1.59263345608007 1.0 17.8 6668.97234362231 101
2458801.529172454 2458802.53402734 7.68799794930342 1.0 23.8 6675.06770811553 100
2458801.529172454 2458802.53402734 -35.4685085476758 1.0 -19.3 6631.91120161856 99
2458801.529172454 2458802.53402734 23.4796268406914 1.0 39.5 6690.85933700692 98
2458801.529172454 2458802.53402734 8.20173580250039 1.0 24.299999999999997 6675.58144596873 97
2458801.529172454 2458802.53402734 21.527621435685 1.0 37.6 6688.907331601919 96
2458801.529172454 2458802.53402734 -17.886366538602 1.0 -1.8 6649.49334362763 95
2458801.529172454 2458802.53402734 6.52332429346458 1.0 22.599999999999998 6673.9030344597 94
2458801.529172454 2458802.53402734 -7.6762400726436 1.0 8.4 6659.70347009359 93
2458801.529172454 2458802.53402734 -15.593838869327701 1.0 0.5 6651.7858712969 92
2458801.529172454 2458802.53402734 -15.6961344479516 1.0 0.4 6651.683575718281 91
2458801.529172454 2458802.53402734 -0.90659335735754 1.0 15.100000000000001 6666.47311680887 90
2458801.529172454 2458802.53402734 -48.3482534311284 1.0 -32.300000000000004 6619.0314567351 88
2458801.529172454 2458802.53402734 -34.398856860502896 1.0 -18.1 6632.98085330573 87
2458801.529172454 2458802.53402734 -21.6745012405104 1.0 -5.5 6645.7052089257195 86
2458801.529172454 2458802.53402734 66.55318042120851 1.0 82.60000000000001 6733.93289058744 85
2458801.529172454 2458802.53402734 -43.698372319251 1.0 -27.7 6623.68133784698 84
2458801.529172454 2458802.53402734 -17.4347162791202 1.0 -1.4 6649.94499388711 83
2458801.529172454 2458802.53402734 -30.466874467995503 1.0 -14.4 6636.91283569824 82
2458801.529172454 2458802.53402734 21.6521893036603 1.0 37.8 6689.03189946989 81
2458801.529172454 2458802.53402734 4.59718567926526 1.0 20.7 6671.9768958455 80
2458801.529172454 2458802.53402734 -24.3309079114056 1.0 -8.3 6643.04880225483 79
2458801.529172454 2458802.53402734 -38.550222065326 1.0 -22.5 6628.829488100911 78
2458801.529172454 2458802.53402734 5.1888508834983 1.0 21.2 6672.56856104973 77
2458801.529172454 2458802.53402734 -22.2511947251087 1.0 -6.2 6645.12851544112 76
2458801.529172454 2458802.53402734 -17.3319218450958 1.0 -1.3 6650.04778832114 75
2458801.529172454 2458802.53402734 -36.0292359967724 1.0 -19.900000000000002 6631.3504741694605 74
2458801.529172454 2458802.53402734 47.451424146419 1.0 63.6 6714.83113431265 73
2458801.529172454 2458802.53402734 0.397246643198734 1.0 16.5 6667.77695680943 72
2458801.529172454 2458802.53402734 -25.4459164981329 1.0 -9.4 6641.9337936681 71
2458801.529172454 2458802.53402734 -8.3165555939564 1.0 7.8 6659.06315457228 70
2458801.529172454 2458802.53402734 -2.0729767944827 1.0 14.0 6665.30673337175 69
2458801.529172454 2458802.53402734 -25.4099871934637 1.0 -9.299999999999999 6641.96972297277 68
2458801.529172454 2458802.53402734 27.7533941461501 1.0 43.7 6695.13310431238 67
2458801.529172454 2458802.53402734 27.2200685299655 1.0 43.3 6694.5997786962 66
2458801.529172454 2458802.53402734 0.993145328469502 1.0 16.5 6668.3728554947 65
2458801.5349247684 2458802.53977953 -77.242679886993 1.0 -53.5 6597.832054241149 148
2458801.5349247684 2458802.53977953 -43.7587134661541 1.0 -20.0 6631.3160206619905 147
2458801.5349247684 2458802.53977953 136.183169820919 1.0 160.0 6811.25790394906 146
2458801.5349247684 2458802.53977953 -28.3980703450668 1.0 -4.6 6646.676663783081 145
2458801.5349247684 2458802.53977953 54.358427893952 1.0 78.10000000000001 6729.4331620221 144
2458801.5349247684 2458802.53977953 -8.0378523373801 1.0 15.7 6667.036881790769 143
2458801.5349247684 2458802.53977953 18.2350303309349 1.0 42.0 6693.30976445908 142
2458801.5349247684 2458802.53977953 39.2446385815237 1.0 63.1 6714.31937270967 141
2458801.5349247684 2458802.53977953 5.6438701679058 1.0 29.5 6680.71860429605 140
2458801.5349247684 2458802.53977953 -35.1806595421937 1.0 -11.299999999999999 6639.89407458595 139
2458801.5349247684 2458802.53977953 -48.2978501436415 1.0 -24.6 6626.77688398451 138
2458801.5349247684 2458802.53977953 -87.1088065459871 1.0 -63.4 6587.9659275821605 137
2458801.5349247684 2458802.53977953 28.3820879345029 1.0 52.2 6703.45682206265 136
2458801.5349247684 2458802.53977953 42.6832898614018 1.0 66.5 6717.75802398955 135
2458801.5349247684 2458802.53977953 32.4099243204481 1.0 56.2 6707.4846584485895 134
2458801.5349247684 2458802.53977953 15.3880668216075 1.0 39.199999999999996 6690.46280094975 133
2458801.5349247684 2458802.53977953 -15.0780440993987 1.0 8.6 6659.99669002875 132
2458801.5349247684 2458802.53977953 31.961419299665103 1.0 55.800000000000004 6707.03615342781 131
2458801.5349247684 2458802.53977953 7.06377412950765 1.0 30.900000000000002 6682.138508257651 130
2458801.5349247684 2458802.53977953 26.7074612428537 1.0 50.5 6701.782195371 129
2458801.5349247684 2458802.53977953 7.22948571903004 1.0 31.0 6682.304219847179 128
2458801.5349247684 2458802.53977953 -7.161871241002 1.0 16.7 6667.912862887139 127
2458801.5349247684 2458802.53977953 9.08316049393321 1.0 32.800000000000004 6684.157894622081 126
2458801.5349247684 2458802.53977953 -4.912139360705201 1.0 18.9 6670.16259476744 125
2458801.5349247684 2458802.53977953 16.0798457278357 1.0 39.800000000000004 6691.15457985598 124
2458801.5349247684 2458802.53977953 40.6259055466691 1.0 64.4 6715.70063967481 123
2458801.5349247684 2458802.53977953 5.59284918931446 1.0 29.4 6680.6675833174595 122
2458801.5349247684 2458802.53977953 22.4215302930482 1.0 46.300000000000004 6697.49626442119 121
2458801.5349247684 2458802.53977953 7.99385021615784 1.0 31.7 6683.0685843443 120
2458801.5349247684 2458802.53977953 -6.7316084582245 1.0 17.0 6668.34312566992 119
2458801.5349247684 2458802.53977953 -31.460608417631 1.0 -7.6 6643.61412571051 118
2458801.5349247684 2458802.53977953 34.9803417402974 1.0 58.7 6710.05507586844 117
2458801.5349247684 2458802.53977953 3.94252735317657 1.0 27.7 6679.01726148132 116
2458801.5349247684 2458802.53977953 -5.0927601631594 1.0 18.599999999999998 6669.98197396499 115
2458801.5349247684 2458802.53977953 31.616427772957998 1.0 55.5 6706.6911619011 114
2458801.5349247684 2458802.53977953 32.058686383901 1.0 55.800000000000004 6707.13342051205 113
2458801.5349247684 2458802.53977953 38.0430524218891 1.0 61.800000000000004 6713.11778655003 112
2458801.5349247684 2458802.53977953 6.40856317469485 1.0 30.200000000000003 6681.483297302841 111
2458801.5349247684 2458802.53977953 6.06310853923198 1.0 29.7 6681.13784266738 110
2458801.5349247684 2458802.53977953 5.11621149315289 1.0 29.0 6680.1909456213 109
2458801.5349247684 2458802.53977953 -0.43208948929063 1.0 23.400000000000002 6674.6426446388605 108
2458801.5349247684 2458802.53977953 10.4745992764572 1.0 34.3 6685.5493334046 107
2458801.5349247684 2458802.53977953 23.3349477113638 1.0 47.1 6698.40968183951 106
2458801.5349247684 2458802.53977953 31.0301638400334 1.0 54.800000000000004 6706.10489796818 105
2458801.5349247684 2458802.53977953 13.2822436075628 1.0 37.1 6688.35697773571 104
2458801.5349247684 2458802.53977953 -9.050465494524001 1.0 14.7 6666.0242686336205 103
2458801.5349247684 2458802.53977953 6.52745644599939 1.0 30.3 6681.60219057415 102
2458801.5349247684 2458802.53977953 17.3189638666287 1.0 41.2 6692.393697994769 101
2458801.5349247684 2458802.53977953 5.37316862143378 1.0 29.1 6680.44790274958 100
2458801.5349247684 2458802.53977953 -20.8556246554243 1.0 3.0 6654.21910947272 99
2458801.5349247684 2458802.53977953 -15.9858296572537 1.0 7.7 6659.08890447089 98
2458801.5349247684 2458802.53977953 6.81731053840373 1.0 30.700000000000003 6681.89204466655 97
2458801.5349247684 2458802.53977953 37.533601769546 1.0 61.3 6712.608335897689 96
2458801.5349247684 2458802.53977953 -0.21108909140999002 1.0 23.599999999999998 6674.863645036739 95
2458801.5349247684 2458802.53977953 9.25664767747669 1.0 33.0 6684.33138180562 94
2458801.5349247684 2458802.53977953 11.3641001929325 1.0 35.2 6686.438834321079 93
2458801.5349247684 2458802.53977953 12.4215777846919 1.0 36.2 6687.49631191284 92
2458801.5349247684 2458802.53977953 -43.4361981244624 1.0 -19.7 6631.63853600368 91
2458801.5349247684 2458802.53977953 19.8597238869276 1.0 43.6 6694.93445801507 90
2458801.5349247684 2458802.53977953 -35.432086391725 1.0 -11.6 6639.64264773642 88
2458801.5349247684 2458802.53977953 -18.119454906862 1.0 5.8999999999999995 6656.95527922128 87
2458801.5349247684 2458802.53977953 -16.7358295285895 1.0 7.1000000000000005 6658.33890459956 86
2458801.5349247684 2458802.53977953 9.18169655074586 1.0 32.9 6684.25643067889 85
2458801.5349247684 2458802.53977953 -12.2741197491232 1.0 11.5 6662.800614379021 84
2458801.5349247684 2458802.53977953 -19.3618318481805 1.0 4.4 6655.71290227997 83
2458801.5349247684 2458802.53977953 21.8211399787229 1.0 45.6 6696.89587410687 82
2458801.5349247684 2458802.53977953 36.1874164409803 1.0 60.0 6711.26215056913 81
2458801.5349247684 2458802.53977953 -21.2934163337835 1.0 2.5 6653.78131779436 80
2458801.5349247684 2458802.53977953 -33.8449254139963 1.0 -10.1 6641.22980871415 79
2458801.5349247684 2458802.53977953 -37.3853310137227 1.0 -13.6 6637.68940311442 78
2458801.5349247684 2458802.53977953 -2.3810029094439997 1.0 21.3 6672.693731218699 77
2458801.5349247684 2458802.53977953 -19.4468600670126 1.0 4.3 6655.62787406113 76
2458801.5349247684 2458802.53977953 -22.0047998445265 1.0 1.8 6653.06993428362 75
2458801.5349247684 2458802.53977953 -34.060870357731 1.0 -10.3 6641.01386377041 74
2458801.5349247684 2458802.53977953 55.1006250118036 1.0 78.89999999999999 6730.17535913995 73
2458801.5349247684 2458802.53977953 36.189688183474 1.0 60.0 6711.26442231162 72
2458801.5349247684 2458802.53977953 -38.0120753249775 1.0 -14.3 6637.062658803169 71
2458801.5349247684 2458802.53977953 -3.4389146531808 1.0 20.400000000000002 6671.63581947496 70
2458801.5349247684 2458802.53977953 -26.640577141321 1.0 -2.8 6648.43415698682 69
2458801.5349247684 2458802.53977953 47.4242537549729 1.0 71.3 6722.49898788312 68
2458801.5349247684 2458802.53977953 -41.118363695136196 1.0 -17.5 6633.95637043301 67
2458801.5349247684 2458802.53977953 83.1830804157772 1.0 107.0 6758.25781454392 66
2458801.5349247684 2458802.53977953 134.49781207994198 1.0 157.70000000000002 6809.57254620809 65
2458801.541545139 2458802.54639976 -31.388212580038704 1.0 0.9 6652.2185468783 148
2458801.541545139 2458802.54639976 291.585278804094 1.0 323.90000000000003 6975.19203826243 147
2458801.541545139 2458802.54639976 152.52574046448999 1.0 184.9 6836.13249992283 146
2458801.541545139 2458802.54639976 -2.4943062276064 1.0 29.8 6681.11245323073 145
2458801.541545139 2458802.54639976 118.20395811465801 1.0 150.5 6801.81071757299 144
2458801.541545139 2458802.54639976 -13.754050550225799 1.0 18.5 6669.85270890811 143
2458801.541545139 2458802.54639976 40.4729698511037 1.0 72.8 6724.07972930944 142
2458801.541545139 2458802.54639976 6.95937685137871 1.0 39.4 6690.566136309721 141
2458801.541545139 2458802.54639976 26.879709372625598 1.0 59.3 6710.48646883096 140
2458801.541545139 2458802.54639976 -40.5442082587424 1.0 -8.1 6643.0625511996 139
2458801.541545139 2458802.54639976 -71.5458901777728 1.0 -39.300000000000004 6612.06086928056 138
2458801.541545139 2458802.54639976 -52.5922789126669 1.0 -20.299999999999997 6631.01448054567 137
2458801.541545139 2458802.54639976 42.7266688766421 1.0 75.0 6726.33342833498 136
2458801.541545139 2458802.54639976 39.774713213643196 1.0 72.1 6723.381472671979 135
2458801.541545139 2458802.54639976 -14.2471954075303 1.0 18.1 6669.359564050809 134
2458801.541545139 2458802.54639976 51.9408089680509 1.0 84.3 6735.54756842639 133
2458801.541545139 2458802.54639976 -3.6000044444773 1.0 28.7 6680.00675501386 132
2458801.541545139 2458802.54639976 33.865489350557 1.0 66.19999999999999 6717.47224880889 131
2458801.541545139 2458802.54639976 -8.3286161750875 1.0 24.0 6675.27814328325 130
2458801.541545139 2458802.54639976 5.22418436122507 1.0 37.5 6688.830943819559 129
2458801.541545139 2458802.54639976 8.89701436879431 1.0 41.2 6692.503773827129 128
2458801.541545139 2458802.54639976 9.88074949642126 1.0 42.3 6693.48750895476 127
2458801.541545139 2458802.54639976 22.828984284062802 1.0 55.1 6706.4357437424 126
2458801.541545139 2458802.54639976 -16.5689216944722 1.0 15.8 6667.03783776386 125
2458801.541545139 2458802.54639976 17.5723043566256 1.0 49.9 6701.1790638149605 124
2458801.541545139 2458802.54639976 19.3056493377348 1.0 51.7 6702.91240879607 123
2458801.541545139 2458802.54639976 36.5543706825786 1.0 68.9 6720.16113014092 122
2458801.541545139 2458802.54639976 35.8028978764358 1.0 68.2 6719.409657334771 121
2458801.541545139 2458802.54639976 40.7371037339104 1.0 73.0 6724.34386319225 120
2458801.541545139 2458802.54639976 -8.031092596948701 1.0 24.299999999999997 6675.57566686139 119
2458801.541545139 2458802.54639976 3.15473598683713 1.0 35.6 6686.76149544517 118
2458801.541545139 2458802.54639976 6.68423726253398 1.0 38.9 6690.290996720871 117
2458801.541545139 2458802.54639976 15.169207324979599 1.0 47.5 6698.775966783321 116
2458801.541545139 2458802.54639976 8.73135942805181 1.0 41.0 6692.33811888639 115
2458801.541545139 2458802.54639976 44.5357061448801 1.0 76.89999999999999 6728.14246560322 114
2458801.541545139 2458802.54639976 48.1917581289331 1.0 80.5 6731.79851758727 113
2458801.541545139 2458802.54639976 10.654875756316999 1.0 43.0 6694.26163521465 112
2458801.541545139 2458802.54639976 26.6026473865155 1.0 58.9 6710.2094068448505 111
2458801.541545139 2458802.54639976 16.157630188947902 1.0 48.300000000000004 6699.76438964729 110
2458801.541545139 2458802.54639976 7.93335534192075 1.0 40.300000000000004 6691.54011480026 109
2458801.541545139 2458802.54639976 25.0330477963745 1.0 57.4 6708.63980725471 108
2458801.541545139 2458802.54639976 24.3860559069846 1.0 56.7 6707.99281536532 107
2458801.541545139 2458802.54639976 17.858353128912302 1.0 50.2 6701.465112587251 106
2458801.541545139 2458802.54639976 8.66924647219225 1.0 41.0 6692.27600593053 105
2458801.541545139 2458802.54639976 18.191432768828598 1.0 50.5 6701.79819222717 104
2458801.541545139 2458802.54639976 16.830207688839998 1.0 49.099999999999994 6700.4369671471795 103
2458801.541545139 2458802.54639976 27.0500039881147 1.0 59.4 6710.65676344645 102
2458801.541545139 2458802.54639976 -2.7295950982804 1.0 29.7 6680.87716436006 101
2458801.541545139 2458802.54639976 -4.5674313140749 1.0 27.7 6679.039328144259 100
2458801.541545139 2458802.54639976 -32.1638875283368 1.0 0.2 6651.4428719299995 99
2458801.541545139 2458802.54639976 -11.368987400914001 1.0 20.9 6672.2377720574195 98
2458801.541545139 2458802.54639976 -6.9478941964869 1.0 25.4 6676.65886526185 97
2458801.541545139 2458802.54639976 30.1006028812916 1.0 62.4 6713.70736233963 96
2458801.541545139 2458802.54639976 44.6943384344127 1.0 77.0 6728.30109789275 95
2458801.541545139 2458802.54639976 -7.7426685700059 1.0 24.6 6675.864090888331 94
2458801.541545139 2458802.54639976 16.7986684315151 1.0 49.099999999999994 6700.405427889849 93
2458801.541545139 2458802.54639976 -7.8915205910599 1.0 24.400000000000002 6675.71523886728 92
2458801.541545139 2458802.54639976 -8.7457931566108 1.0 23.599999999999998 6674.86096630173 91
2458801.541545139 2458802.54639976 10.1888458933983 1.0 42.4 6693.79560535174 90
2458801.541545139 2458802.54639976 -5.4327421370761 1.0 26.9 6678.17401732126 88
2458801.541545139 2458802.54639976 -13.617091577415001 1.0 18.9 6669.98966788092 87
2458801.541545139 2458802.54639976 -1.1319565595302001 1.0 31.2 6682.47480289881 86
2458801.541545139 2458802.54639976 33.7965191632463 1.0 66.10000000000001 6717.40327862158 85
2458801.541545139 2458802.54639976 44.5014965400254 1.0 76.8 6728.10825599836 84
2458801.541545139 2458802.54639976 -22.0861424677414 1.0 10.200000000000001 6661.5206169906005 83
2458801.541545139 2458802.54639976 41.9236277089405 1.0 74.2 6725.5303871672795 82
2458801.541545139 2458802.54639976 -35.279925479446 1.0 -2.9 6648.32683397889 81
2458801.541545139 2458802.54639976 4.21520451427693 1.0 36.5 6687.821963972609 80
2458801.541545139 2458802.54639976 -13.4460066748545 1.0 18.9 6670.16075278348 79
2458801.541545139 2458802.54639976 -53.4258262796525 1.0 -21.1 6630.18093317869 78
2458801.541545139 2458802.54639976 32.220996480675396 1.0 64.5 6715.82775593901 77
2458801.541545139 2458802.54639976 29.0088431263129 1.0 61.3 6712.61560258465 76
2458801.541545139 2458802.54639976 -28.2811367852025 1.0 4.0 6655.32562267313 75
2458801.541545139 2458802.54639976 -39.5577020006836 1.0 -7.2 6644.04905745765 74
2458801.541545139 2458802.54639976 38.9322083500954 1.0 71.3 6722.53896780843 73
2458801.541545139 2458802.54639976 18.7062278439987 1.0 51.0 6702.31298730234 72
2458801.541545139 2458802.54639976 -10.030420833794 1.0 22.3 6673.57633862454 71
2458801.541545139 2458802.54639976 -19.5351596395055 1.0 12.8 6664.07159981883 70
2458801.541545139 2458802.54639976 -14.1135972183584 1.0 18.2 6669.49316223998 69
2458801.541545139 2458802.54639976 101.006269663954 1.0 133.39999999999998 6784.61302912229 68
2458801.541545139 2458802.54639976 29.8787730547625 1.0 62.0 6713.485532513099 67
2458801.541545139 2458802.54639976 66.58660727812119 1.0 98.9 6750.19336673646 66
2458801.541545139 2458802.54639976 82.3824994727005 1.0 114.1 6765.98925893104 65
2458801.547332176 2458802.55218667 -98.06671384209321 1.0 -58.6 6592.72466268347 148
2458801.547332176 2458802.55218667 -20.436969992814202 1.0 19.0 6670.3544065327505 147
2458801.547332176 2458802.55218667 94.9263041092596 1.0 134.5 6785.71768063482 146
2458801.547332176 2458802.55218667 -47.5981722076035 1.0 -8.1 6643.19320431796 145
2458801.547332176 2458802.55218667 5.8882321159874405 1.0 45.3 6696.67960864155 144
2458801.547332176 2458802.55218667 4.81852777407443 1.0 44.3 6695.609904299639 143
2458801.547332176 2458802.55218667 82.990560793724 1.0 122.5 6773.781937319291 142
2458801.547332176 2458802.55218667 -26.1134827376308 1.0 13.5 6664.67789378793 141
2458801.547332176 2458802.55218667 12.2592176128204 1.0 51.8 6703.05059413838 140
2458801.547332176 2458802.55218667 42.2957077261605 1.0 81.9 6733.08708425172 139
2458801.547332176 2458802.55218667 -59.0050010561356 1.0 -19.599999999999998 6631.78637546943 138
2458801.547332176 2458802.55218667 -34.9386934180664 1.0 4.5 6655.8526831075 137
2458801.547332176 2458802.55218667 32.3773598800257 1.0 71.9 6723.16873640559 136
2458801.547332176 2458802.55218667 5.37665849908287 1.0 44.900000000000006 6696.16803502465 135
2458801.547332176 2458802.55218667 -2.1494809295506 1.0 37.400000000000006 6688.641895596011 134
2458801.547332176 2458802.55218667 14.0989542586682 1.0 53.699999999999996 6704.89033078423 133
2458801.547332176 2458802.55218667 -26.519827554087 1.0 12.9 6664.27154897148 132
2458801.547332176 2458802.55218667 -6.4079020077035 1.0 33.099999999999994 6684.38347451786 131
2458801.547332176 2458802.55218667 -9.2029919443686 1.0 30.3 6681.5883845811895 130
2458801.547332176 2458802.55218667 21.894050637786 1.0 61.400000000000006 6712.685427163349 129
2458801.547332176 2458802.55218667 7.2012004248165296 1.0 46.699999999999996 6697.99257695038 128
2458801.547332176 2458802.55218667 28.3515852832865 1.0 67.9 6719.1429618088505 127
2458801.547332176 2458802.55218667 25.1496102698994 1.0 64.60000000000001 6715.94098679546 126
2458801.547332176 2458802.55218667 -10.485432952076899 1.0 29.1 6680.30594357349 125
2458801.547332176 2458802.55218667 26.8893445808578 1.0 66.4 6717.68072110642 124
2458801.547332176 2458802.55218667 -28.5632883180051 1.0 11.0 6662.22808820756 123
2458801.547332176 2458802.55218667 -38.7151257204996 1.0 0.8 6652.07625080506 122
2458801.547332176 2458802.55218667 34.4836208406827 1.0 74.0 6725.274997366249 121
2458801.547332176 2458802.55218667 8.4641440679416 1.0 47.9 6699.25552059351 120
2458801.547332176 2458802.55218667 -8.45043355858 1.0 31.0 6682.34094296698 119
2458801.547332176 2458802.55218667 -19.4398005175129 1.0 20.1 6671.35157600805 118
2458801.547332176 2458802.55218667 14.7433202009237 1.0 54.199999999999996 6705.5346967264895 117
2458801.547332176 2458802.55218667 1.9368691845205201 1.0 41.4 6692.72824571008 116
2458801.547332176 2458802.55218667 16.6224597000983 1.0 56.0 6707.41383622566 115
2458801.547332176 2458802.55218667 39.7555651842039 1.0 79.3 6730.54694170977 114
2458801.547332176 2458802.55218667 10.5360094346878 1.0 50.0 6701.32738596025 113
2458801.547332176 2458802.55218667 23.3108032364973 1.0 62.8 6714.10217976206 112
2458801.547332176 2458802.55218667 6.46878816858809 1.0 46.0 6697.26016469415 111
2458801.547332176 2458802.55218667 14.381497596557 1.0 53.699999999999996 6705.1728741221195 110
2458801.547332176 2458802.55218667 -6.4942593759589 1.0 33.099999999999994 6684.2971171496 109
2458801.547332176 2458802.55218667 14.718749608722 1.0 54.199999999999996 6705.510126134281 108
2458801.547332176 2458802.55218667 6.28152448141073 1.0 45.8 6697.07290100697 107
2458801.547332176 2458802.55218667 21.2995781570724 1.0 60.8 6712.090954682641 106
2458801.547332176 2458802.55218667 8.33093296766219 1.0 47.800000000000004 6699.12230949323 105
2458801.547332176 2458802.55218667 -28.8780682057617 1.0 10.7 6661.9133083198 104
2458801.547332176 2458802.55218667 -8.8485816096613 1.0 30.599999999999998 6681.9427949159 103
2458801.547332176 2458802.55218667 19.0445231554861 1.0 58.6 6709.835899681049 102
2458801.547332176 2458802.55218667 -8.529185878254399 1.0 31.0 6682.2621906473105 101
2458801.547332176 2458802.55218667 -5.3374317423529 1.0 34.1 6685.453944783209 100
2458801.547332176 2458802.55218667 -15.8364921408278 1.0 23.7 6674.954884384741 99
2458801.547332176 2458802.55218667 27.103523427364 1.0 66.5 6717.89489995293 98
2458801.547332176 2458802.55218667 14.0363072333036 1.0 53.6 6704.82768375887 97
2458801.547332176 2458802.55218667 -0.13559382350969001 1.0 39.300000000000004 6690.655782702051 96
2458801.547332176 2458802.55218667 16.8099487841777 1.0 56.300000000000004 6707.601325309741 95
2458801.547332176 2458802.55218667 34.0212476530839 1.0 73.5 6724.81262417865 94
2458801.547332176 2458802.55218667 34.2332684540567 1.0 73.7 6725.0246449796205 93
2458801.547332176 2458802.55218667 -1.4968692283821 1.0 38.0 6689.29450729718 92
2458801.547332176 2458802.55218667 -38.9821078186809 1.0 0.5 6651.80926870688 91
2458801.547332176 2458802.55218667 -12.670451224955999 1.0 26.8 6678.12092530061 90
2458801.547332176 2458802.55218667 -25.673773122016502 1.0 13.799999999999999 6665.11760340355 88
2458801.547332176 2458802.55218667 -19.2135098825927 1.0 20.5 6671.57786664297 87
2458801.547332176 2458802.55218667 -43.1777664437583 1.0 -3.6 6647.6136100818 86
2458801.547332176 2458802.55218667 -1.7831809415325002 1.0 37.699999999999996 6689.008195584031 85
2458801.547332176 2458802.55218667 51.3587310435888 1.0 90.80000000000001 6742.150107569149 84
2458801.547332176 2458802.55218667 -37.833058508357304 1.0 1.7 6652.958318017209 83
2458801.547332176 2458802.55218667 -14.2625966295151 1.0 25.2 6676.52877989605 82
2458801.547332176 2458802.55218667 -18.8379419280924 1.0 20.7 6671.95343459747 81
2458801.547332176 2458802.55218667 1.59439676442119 1.0 41.099999999999994 6692.3857732899805 80
2458801.547332176 2458802.55218667 -35.0931141937734 1.0 4.4 6655.69826233179 79
2458801.547332176 2458802.55218667 -31.1549015672803 1.0 8.3 6659.63647495828 78
2458801.547332176 2458802.55218667 9.57886082359494 1.0 49.0 6700.370237349161 77
2458801.547332176 2458802.55218667 -3.8958303000962 1.0 35.6 6686.89554622547 76
2458801.547332176 2458802.55218667 -37.3957971051677 1.0 2.1 6653.3955794204 75
2458801.547332176 2458802.55218667 -31.8224259428819 1.0 7.7 6658.96895058268 74
2458801.547332176 2458802.55218667 43.670522521917796 1.0 83.2 6734.461899047479 73
2458801.547332176 2458802.55218667 52.6224284949004 1.0 92.1 6743.41380502046 72
2458801.547332176 2458802.55218667 -43.1891367389374 1.0 -3.7 6647.60223978663 71
2458801.547332176 2458802.55218667 -20.3154702120285 1.0 19.2 6670.47590631353 70
2458801.547332176 2458802.55218667 -25.6590777232741 1.0 13.899999999999999 6665.13229880229 69
2458801.547332176 2458802.55218667 45.9158627572558 1.0 85.5 6736.70723928282 68
2458801.547332176 2458802.55218667 -2.754385772084 1.0 36.6 6688.03699075348 67
2458801.547332176 2458802.55218667 26.7203820437532 1.0 66.19999999999999 6717.511758569321 66
2458801.547332176 2458802.55218667 175.49112761094602 1.0 214.4 6866.28250413651 65
2458801.553130787 2458802.55798516 -43.4376961097049 1.0 3.0 6654.28024655186 148
2458801.553130787 2458802.55798516 -71.9430508206322 1.0 -25.5 6625.77489184093 147
2458801.553130787 2458802.55798516 211.092357528686 1.0 257.5 6908.81030019025 146
2458801.553130787 2458802.55798516 34.4296438331169 1.0 80.9 6732.14758649468 145
2458801.553130787 2458802.55798516 -49.399852032205 1.0 -3.0 6648.31809062936 144
2458801.553130787 2458802.55798516 66.9722458830488 1.0 113.4 6764.6901885446105 143
2458801.553130787 2458802.55798516 23.8560493520925 1.0 70.2 6721.57399201365 142
2458801.553130787 2458802.55798516 -54.4673213118632 1.0 -7.9 6643.2506213497 141
2458801.553130787 2458802.55798516 36.4284981107348 1.0 82.9 6734.146440772301 140
2458801.553130787 2458802.55798516 28.6790058621511 1.0 75.2 6726.396948523709 139
2458801.553130787 2458802.55798516 -47.7196607796433 1.0 -1.3 6649.99828188192 138
2458801.553130787 2458802.55798516 -66.8413732674651 1.0 -20.5 6630.8765693940995 137
2458801.553130787 2458802.55798516 -6.8651486884006 1.0 39.6 6690.852793973159 136
2458801.553130787 2458802.55798516 32.0590631337314 1.0 78.5 6729.77700579529 135
2458801.553130787 2458802.55798516 2.86526513777385 1.0 49.3 6700.58320779934 134
2458801.553130787 2458802.55798516 44.5401998528752 1.0 91.0 6742.25814251444 133
2458801.553130787 2458802.55798516 -10.9426603948224 1.0 35.4 6686.77528226674 132
2458801.553130787 2458802.55798516 41.0493641975771 1.0 87.5 6738.76730685914 131
2458801.553130787 2458802.55798516 25.8982706993169 1.0 72.3 6723.61621336088 130
2458801.553130787 2458802.55798516 29.7706490577747 1.0 76.2 6727.488591719341 129
2458801.553130787 2458802.55798516 -2.2090693614123 1.0 44.2 6695.508873300149 128
2458801.553130787 2458802.55798516 22.6997113210317 1.0 69.2 6720.41765398259 127
2458801.553130787 2458802.55798516 31.0118069519962 1.0 77.39999999999999 6728.72974961356 126
2458801.553130787 2458802.55798516 4.51378426466587 1.0 51.0 6702.231726926229 125
2458801.553130787 2458802.55798516 10.5476728511587 1.0 56.9 6708.26561551272 124
2458801.553130787 2458802.55798516 19.785958635647 1.0 66.19999999999999 6717.50390129721 123
2458801.553130787 2458802.55798516 26.987960011339002 1.0 73.4 6724.7059026729 122
2458801.553130787 2458802.55798516 -11.1582183162318 1.0 35.3 6686.55972434533 121
2458801.553130787 2458802.55798516 34.9631809336364 1.0 81.3 6732.6811235952 120
2458801.553130787 2458802.55798516 16.2278586468538 1.0 62.6 6713.94580130842 119
2458801.553130787 2458802.55798516 -35.945723017176704 1.0 10.6 6661.77221964438 118
2458801.553130787 2458802.55798516 42.9010161251489 1.0 89.2 6740.61895878671 117
2458801.553130787 2458802.55798516 10.7633493955097 1.0 57.2 6708.48129205707 116
2458801.553130787 2458802.55798516 31.6377406065831 1.0 78.0 6729.35568326814 115
2458801.553130787 2458802.55798516 33.9226738780454 1.0 80.4 6731.64061653961 114
2458801.553130787 2458802.55798516 44.0326297269609 1.0 90.39999999999999 6741.750572388521 113
2458801.553130787 2458802.55798516 42.908612320277804 1.0 89.30000000000001 6740.62655498184 112
2458801.553130787 2458802.55798516 12.419166961964699 1.0 58.9 6710.137109623531 111
2458801.553130787 2458802.55798516 27.4105136342673 1.0 73.7 6725.12845629583 110
2458801.553130787 2458802.55798516 5.04691224251364 1.0 51.6 6702.7648549040805 109
2458801.553130787 2458802.55798516 23.7976941872935 1.0 70.2 6721.515636848851 108
2458801.553130787 2458802.55798516 34.5152790126564 1.0 80.9 6732.233221674221 107
2458801.553130787 2458802.55798516 5.1325391677075105 1.0 51.6 6702.8504818292695 106
2458801.553130787 2458802.55798516 11.655784865157099 1.0 58.1 6709.37372752672 105
2458801.553130787 2458802.55798516 13.8310907682104 1.0 60.3 6711.54903342977 104
2458801.553130787 2458802.55798516 10.025364457156599 1.0 56.4 6707.74330711872 103
2458801.553130787 2458802.55798516 20.4166899292 1.0 66.9 6718.134632590761 102
2458801.553130787 2458802.55798516 10.867754092696 1.0 57.4 6708.5856967542595 101
2458801.553130787 2458802.55798516 15.5173363839314 1.0 61.9 6713.23527904549 100
2458801.553130787 2458802.55798516 -14.916386280313901 1.0 31.6 6682.80155638125 99
2458801.553130787 2458802.55798516 19.5051172241021 1.0 65.9 6717.2230598856595 98
2458801.553130787 2458802.55798516 -3.018800476922 1.0 43.5 6694.69914218464 97
2458801.553130787 2458802.55798516 -24.2269533099737 1.0 22.2 6673.4909893515905 96
2458801.553130787 2458802.55798516 13.1915106159406 1.0 59.6 6710.9094532775 95
2458801.553130787 2458802.55798516 22.691290223831597 1.0 69.1 6720.40923288539 94
2458801.553130787 2458802.55798516 27.061148968313 1.0 73.5 6724.77909162988 93
2458801.553130787 2458802.55798516 6.0958447221795 1.0 52.5 6703.8137873837395 92
2458801.553130787 2458802.55798516 -51.7065128061773 1.0 -5.3 6646.01142985539 91
2458801.553130787 2458802.55798516 26.6172631195447 1.0 73.0 6724.335205781111 90
2458801.553130787 2458802.55798516 21.2897637650027 1.0 67.7 6719.00770642657 88
2458801.553130787 2458802.55798516 -27.8817143542378 1.0 18.8 6669.83622830732 87
2458801.553130787 2458802.55798516 38.1841362167634 1.0 84.7 6735.90207887832 86
2458801.553130787 2458802.55798516 39.3834555598858 1.0 85.8 6737.10139822145 85
2458801.553130787 2458802.55798516 -39.464553753227904 1.0 6.8999999999999995 6658.25338890833 84
2458801.553130787 2458802.55798516 -37.5985015863547 1.0 8.8 6660.1194410752105 83
2458801.553130787 2458802.55798516 9.21821688540803 1.0 55.599999999999994 6706.93615954697 82
2458801.553130787 2458802.55798516 -30.558253574962 1.0 15.9 6667.1596890866 81
2458801.553130787 2458802.55798516 -9.9437047855337 1.0 36.5 6687.77423787603 80
2458801.553130787 2458802.55798516 -21.7920732515227 1.0 24.6 6675.92586941004 79
2458801.553130787 2458802.55798516 -13.415604305214899 1.0 33.0 6684.3023383563495 78
2458801.553130787 2458802.55798516 8.28495082682856 1.0 54.699999999999996 6706.002893488389 77
2458801.553130787 2458802.55798516 -25.9378195765105 1.0 20.5 6671.78012308505 76
2458801.553130787 2458802.55798516 -41.2982316424744 1.0 5.1000000000000005 6656.419711019091 75
2458801.553130787 2458802.55798516 -57.1983649117982 1.0 -10.7 6640.51957774976 74
2458801.553130787 2458802.55798516 -35.9525772530995 1.0 10.5 6661.76536540846 73
2458801.553130787 2458802.55798516 38.6747780767491 1.0 85.1 6736.39272073831 72
2458801.553130787 2458802.55798516 -68.6640958421254 1.0 -22.3 6629.05384681944 71
2458801.553130787 2458802.55798516 -35.5061693687633 1.0 10.9 6662.2117732928 70
2458801.553130787 2458802.55798516 -36.3042709094321 1.0 10.1 6661.41367175213 69
2458801.553130787 2458802.55798516 65.65404471819839 1.0 112.10000000000001 6763.371987379761 68
2458801.553130787 2458802.55798516 47.2424824486195 1.0 93.5 6744.96042511018 67
2458801.553130787 2458802.55798516 47.6708195057656 1.0 94.10000000000001 6745.38876216733 66
2458801.553130787 2458802.55798516 386.641505084508 1.0 432.5 7084.359447746069 65
