2458718.440040509 130.17616773752707 43.90820823206061
2458718.455480324 110.20851954069985 8.858270825834776
2458718.4774247687 105.94448614420253 11.352015961338058
2458718.499346065 110.56679038791117 22.377938676444074
2458718.5222164355 120.14343082628147 30.100428409267998
2458718.5292418986 115.05855484191852 9.610224862533215
2458718.5352835646 117.35217650181767 13.36031678355905
2458718.5492766206 104.96775896895997 9.475648825557514
2458718.568755787 101.45390787949509 9.534998311732787
2458718.588501158 103.06399297070493 10.791253665429469
2458718.6079918984 99.25959306591903 11.145542382255117
2458726.2978414353 88.05766954181672 39541.118071214754
2458726.3119039354 88.36322158767507 43.47212141717903
2458726.3275057874 77.82469015137394 20.242777153333908
2458726.3416030095 74.46135302609764 13.402149947198714
2458726.3605034724 63.362251733495214 16.4226676802245
2458726.382251158 60.96340075522676 13.020134482559428
2458726.401221065 64.62938748718807 13.348079611664373
2458726.4199826387 59.57670529205279 15.08783716170995
2458726.444068287 64.27210884780652 12.65873866365869
2458726.4634664357 59.60445562234963 12.418454935804212
2458726.4842881947 63.21626666247903 13.889635490049516
2458726.504994213 61.556754655721306 11.922608022023212
2458726.52447338 56.7227804416616 12.40295906943131
2458726.5408043982 56.07793610204317 11.943710255822381
2458726.5571585647 61.01978759724807 14.169248751231343
2458726.577644676 53.7981058237674 11.162339949529178
2458726.597158565 57.428415967220644 12.948033380878158
2458726.6163483798 51.19801125666709 11.75772251895685
2458726.6353761577 57.78571658360306 12.788662902982157
2458727.4750057873 387.3952926578677 89238.54412310362
2458727.492042824 155.20442668808755 13.05264916648739
2458727.507459491 93.35300811623165 12.996270766591847
2458727.525978009 85.6277569815029 11.43554514798402
2458727.5474363426 99.45541188062998 35.47289980838647
2458730.5883159726 110.40572033506214 14.52059552878459
2458730.597552084 101.94231024625151 10.265843278015192
2458730.615746528 85.7286979506498 9.639010237144968
2458730.6349016204 94.98752841401256 9.381584696671117
2458730.6501099537 91.77389433559074 10.273856282050446
2458731.378767361 61.66814303960928 14.05565500734959
2458731.401070602 53.37948215403958 11.502469314230936
2458731.4230034724 52.63328155218187 11.96966322479255
2458731.44572338 45.82033419709478 10.891993507389598
2458731.467644676 40.321106326129666 10.239137500434005
2458731.4895775467 35.51190955570564 10.01052482609659
2458736.4862094913 -366.17499482422136 19.52462477097021
2458737.4435706018 92.20009737330656 15.596952379523342
2458737.452575232 76.71248088307766 15.843621908173747
2458737.4629340284 77.5093102580031 12.007628946301786
2458737.4732812503 76.02469208843831 14.069288098892711
2458737.483640047 81.08799770623955 12.879655426841627
2458737.498130787 74.72732086036922 17.70545032417114
2458737.5458506946 65.60475953864079 12.097682951439726
2458737.5634548613 67.92208821594613 9.825233709389853
2458737.580758102 62.88830813840468 11.229505534806682
2458739.4591030097 -15.673304400737834 12.17495363327997
2458739.4740798613 -17.677753878164367 11.726608593065343
2458739.4890567134 -13.790237155251816 10.840994308253592
2458739.504913195 -20.999312240041036 11.05829020568068
2458739.51990162 -24.04730811468835 11.250662068023365
2458739.5348900463 -28.466239615503582 10.94945173285612
2458740.3116377313 7.492195987168088 11.756476453304375
2458740.3341145837 1.3605439859420585 12.031620702630375
2458740.35634838 -7.636457523272838 12.345051310946602
2458740.3867650465 -12.236427333606116 13.924886578534835
2458740.3993229168 -18.79716639848266 12.630172242668815
2458740.411383102 -18.102865135399043 12.335958400595889
2458740.4233275466 -16.15819382373229 12.607412980843094
2458740.435491898 -22.09979266643495 10.873572331693103
2458741.2920775465 17.15715392317361 11.658805785147894
2458741.3044386576 11.938034249073098 13.245314660311411
2458741.316209491 7.6687903044658015 16.905797011691
2458741.3280729167 7.561897418756416 10.940457574938671
2458741.3459085654 -1.2677206689040759 10.39482652971536
2458741.3634432876 -14.655599010442529 10.521437097498483
2458741.38578125 -27.031715069966594 12.36627364270624
2458741.4081655093 -30.291307495856017 12.371660098046359
2458742.326869213 2.4502681809681235 32.69132890992468
2458742.349311343 -6.351766379644687 15.866408537970655
2458742.3712326395 -14.130117499556945 10.9300924863444
2458742.389959491 -571.9124650638296 57510.17514136196
2458742.4020775463 -18.646898380698985 13.485936538260612
2458742.414346065 -18.589031425490248 11.307158354561729
2458742.4262210648 -20.01698584906262 11.390175258791961
2458742.437899306 -18.925199835910462 10.99668456955921
2458742.449681713 -23.063636025013693 11.351307942361887
2458745.4851099537 20.009573266925145 11.05949002633692
2458745.4959317134 3.438351309792779 9.497152150513031
2458745.510908565 0.3199269531360187 9.008019719558742
2458745.5258854167 -1.6284801513793354 9.191606090525005
2458745.5460358798 1.5052182131221343 9.978406701703857
2458745.56796875 -4.9067988039132615 9.522823816898274
2458745.589901621 -4.317896035310696 9.829254916661984
2458747.4266724535 -6.132520236271375 10.902382268484278
2458747.448894676 -0.1766180061167688 10.744752095090048
2458747.470815973 1.9464729650208028 10.21445998446095
2458747.488987269 4.293893634730921 10.448788640613495
2458747.501209491 1.428299901632272 9.093822048187864
2458747.5127141206 -1.7029052118959953 10.467179982955233
2458747.530086806 -0.5572962127480423 10.576414408517744
2458747.543003472 2.7382065538258757 12.111099924893411
2458749.3150868057 -29.62781215796349 14.002887420939407
2458749.3275057874 -25.588021789379127 12.33337849688646
2458749.344924769 -32.47022631077198 14.738934522338127
2458749.3620659728 -42.006778218157706 16.27185369980088
2458749.3738136576 -36.540747132770775 13.539896719083062
2458749.390746528 -46.533963757858146 14.278239063221278
2458749.4105497687 -40.54132010961621 11.906330613623563
2458749.4266493055 -46.59184548240228 12.192759338045661
2458749.4455150464 -47.82470578478387 11.6426541353149
2458757.62833912 -53.41462510374549 9.822893254554904
2458757.6505150464 -54.40139233291484 10.466028093443736
2458757.6712326393 -52.608185988501646 12.852951743889864
2458757.683755787 -48.2898702378443 10.725065252562642
2458768.5892534726 -104.0504579534645 15.007822222475447
2458768.600607639 -137.43059388418988 8.601771142501445
2458768.6155844913 -128.34194436351754 10.669208467467161
2458768.630584491 -133.1244423818025 8.991273538529345
2458768.6440219907 -131.39501732898134 9.669186088367125
2458768.654369213 -129.1516871474705 9.331708583144726
2458768.6647280096 -131.6199012471261 8.321859035411338
2458768.67634838 -133.7902685110712 9.308325017400037
2458769.5674594906 -193.50143682792623 10.22199335858206
2458769.590700232 -197.70022896483715 10.542247355816112
2458769.6129456023 -199.1833180308895 10.324628698713884
2458769.635144676 -209.63307117111253 10.645289670918594
2458769.657482639 -219.87943335776436 11.557668261576923
2458771.55333912 -235.34937539197563 27.670217385205735
2458771.562355324 -246.93589805742522 9.338838529253842
2458771.575017361 -250.0083273487362 9.817903359375055
2458771.5876793987 -245.55905414517838 9.353205516664989
2458771.618200232 -256.6390116238763 12.046679112980454
2458771.630873843 -258.0767627164678 9.507935966599694
2458771.64353588 -264.4605977327046 9.240526529337874
2458771.656209491 -267.3785766877554 10.32502417889441
2458801.5748900464 -58.719522690716985 31.727740058076087
2458801.5868807873 -53.59726178060009 30.055980120764428
2458801.6020543985 -69.914814930602 29.833517775981495
2458801.6231770837 -43.1467611713706 30.11635186668294
2458801.6453414354 -67.55953347748073 32.32432403612372
2458801.6674710647 24757.42295344023 37486.288504302654
2458806.4089756943 -173.5784887744012 10.136228834515112
2458807.56197338 -151.41219663893935 13.030651216564973
2458807.576765046 -182.4048437069614 9.503985546827739
2458807.5967418985 -177.79117457626126 9.54617410805738
2458807.6165682874 -179.5509948604631 9.869597781637399
2458807.6364293983 -176.4478753451658 14.092995333668975
2458871.5097511574 -97.72342569311877 17.70524891892772
2458871.522783565 -110.0707933635822 6.64424335835557
2458871.5416608797 -108.81967083803465 4.66374567450743
2458871.560318287 -112.61561136253658 11.741542523184858
2458871.5791030093 -115.15016909968472 11.649193200272485
2458871.59791088 -118.64055282213667 8.053619026883235
2458913.265144676 209.91119044757397 12.417020059966452
2458913.280306713 210.09606791707483 12.337671360571095
2458913.3262094907 214.1640640336227 16.448712806541682
2458913.3408159725 199.49685370609768 12.931992514841049
