2458801.500225695 0.5277194751297429 6.102986047434553
2458801.506174769 -3.5728652512161716 4.411581517330709
2458801.5119039356 3.083450396860826 5.514074087861858
2458801.5176678244 -2.5158203926093847 4.8106483669685565
2458801.523420139 -0.5637654752072194 4.7486899418750514
2458801.529172454 -4.450575182157991 6.247328251102712
2458801.5349247684 2.4943112107730485 4.4195061586654
2458801.541545139 7.866494279686776 4.205688544008037
2458801.547332176 0.6129210249619064 4.89236465498496
2458801.553130787 6.5555233880750166 4.8726067920620615
