2458801.500225695 2458802.50508121 5.98839887797187 708.0 -20.1 6631.14467168692 148
2458801.500225695 2458802.50508121 -43.7563036372195 264.0 -69.9 6581.39996917173 147
2458801.500225695 2458802.50508121 209.3577046801 727.0 183.2 6834.51397748905 146
2458801.500225695 2458802.50508121 175.95016538289403 693.0 149.79999999999998 6801.1064381918495 145
2458801.500225695 2458802.50508121 98.89940160521691 554.0 72.8 6724.0556744141695 144
2458801.500225695 2458802.50508121 63.3653400563539 118.0 37.199999999999996 6688.52161286531 143
2458801.500225695 2458802.50508121 40.0502422835629 310.0 13.899999999999999 6665.20651509252 142
2458801.500225695 2458802.50508121 30.7332474481505 123.0 4.6 6655.8895202571 141
2458801.500225695 2458802.50508121 18.734368636350098 220.0 -7.4 6643.8906414453 140
2458801.500225695 2458802.50508121 -12.337978007363601 239.0 -38.5 6612.81829480159 139
2458801.500225695 2458802.50508121 -30.0757796762996 120.0 -56.2 6595.080493132649 138
2458801.500225695 2458802.50508121 -47.1090677803003 123.0 -73.2 6578.04720502865 137
2458801.500225695 2458802.50508121 -40.8726216012276 56.0 -67.0 6584.28365120772 136
2458801.500225695 2458802.50508121 21.8022936682507 54.0 -4.3 6646.9585664772 135
2458801.500225695 2458802.50508121 -1.5559755993984001 174.0 -27.7 6623.60029720955 134
2458801.500225695 2458802.50508121 33.8796215190742 127.0 7.8 6659.03589432803 133
2458801.500225695 2458802.50508121 -3.9736917436527994 122.0 -30.099999999999998 6621.1825810653 132
2458801.500225695 2458802.50508121 62.922053246783406 88.0 36.8 6688.07832605573 131
2458801.500225695 2458802.50508121 15.123620431140202 117.0 -11.0 6640.27989324009 130
2458801.500225695 2458802.50508121 33.963392281473 426.0 7.8 6659.119665090419 129
2458801.500225695 2458802.50508121 26.0319829652609 139.0 -0.1 6651.18825577421 128
2458801.500225695 2458802.50508121 -23.345892282272 162.0 -49.5 6601.81038052668 127
2458801.500225695 2458802.50508121 13.0313775468744 234.0 -13.100000000000001 6638.18765035583 126
2458801.500225695 2458802.50508121 -48.0762992748511 49.0 -74.2 6577.0799735341 125
2458801.500225695 2458802.50508121 46.5599371405512 94.0 20.400000000000002 6671.716209949501 124
2458801.500225695 2458802.50508121 -19.1358245644402 498.0 -45.3 6606.02044824451 123
2458801.500225695 2458802.50508121 0.32734745533424797 64.0 -25.8 6625.48362026429 122
2458801.500225695 2458802.50508121 15.350626797747701 51.0 -10.8 6640.506899606699 121
2458801.500225695 2458802.50508121 -6.3191250451196 46.0 -32.4 6618.837147763829 120
2458801.500225695 2458802.50508121 59.5948874951278 140.0 33.5 6684.751160304079 119
2458801.500225695 2458802.50508121 -42.0257432331388 86.0 -68.2 6583.130529575809 118
2458801.500225695 2458802.50508121 -0.09553680740914701 243.0 -26.200000000000003 6625.06073600154 117
2458801.500225695 2458802.50508121 19.086991905127498 109.0 -7.0 6644.24326471408 116
2458801.500225695 2458802.50508121 9.79521609405598 51.0 -16.299999999999997 6634.95148890301 115
2458801.500225695 2458802.50508121 46.2516343849213 49.0 20.1 6671.4079071938695 114
2458801.500225695 2458802.50508121 28.721759827266002 113.0 2.6 6653.878032636219 113
2458801.500225695 2458802.50508121 -6.8718310671283 73.0 -33.0 6618.28444174182 112
2458801.500225695 2458802.50508121 26.3595797223504 36.0 0.2 6651.5158525313 111
2458801.500225695 2458802.50508121 -13.7964663772516 73.0 -39.9 6611.3598064317 110
2458801.500225695 2458802.50508121 21.0316556683878 170.0 -5.1000000000000005 6646.1879284773395 109
2458801.500225695 2458802.50508121 -1.6732788440015 111.0 -27.799999999999997 6623.482993964951 108
2458801.500225695 2458802.50508121 15.0913793546943 182.0 -11.0 6640.24765216365 107
2458801.500225695 2458802.50508121 -2.236728163723 34.0 -28.400000000000002 6622.9195446452295 106
2458801.500225695 2458802.50508121 -19.2085832969067 50.0 -45.3 6605.94768951204 105
2458801.500225695 2458802.50508121 -63.0731081275471 100.0 -89.2 6562.0831646814 104
2458801.500225695 2458802.50508121 -1.2683034501899 64.0 -27.400000000000002 6623.8879693587605 103
2458801.500225695 2458802.50508121 15.633879743131 57.0 -10.5 6640.79015255208 102
2458801.500225695 2458802.50508121 -17.4431537390918 71.0 -43.6 6607.71311906986 101
2458801.500225695 2458802.50508121 -15.0341744207756 99.0 -41.2 6610.122098388179 100
2458801.500225695 2458802.50508121 -32.0204070272432 94.0 -58.1 6593.13586578171 99
2458801.500225695 2458802.50508121 -8.5662516807137 86.0 -34.7 6616.59002112824 98
2458801.500225695 2458802.50508121 25.6098059135894 48.0 -0.5 6650.76607872254 97
2458801.500225695 2458802.50508121 28.6967968873562 102.0 2.6 6653.85306969631 96
2458801.500225695 2458802.50508121 -4.1256777535308 74.0 -30.3 6621.03059505542 95
2458801.500225695 2458802.50508121 20.854178773285902 99.0 -5.3 6646.0104515822395 94
2458801.500225695 2458802.50508121 37.2095582014609 64.0 11.1 6662.36583101041 93
2458801.500225695 2458802.50508121 -7.3202069473348 72.0 -33.4 6617.836065861619 92
2458801.500225695 2458802.50508121 1.23134320325491 50.0 -24.9 6626.38761601221 91
2458801.500225695 2458802.50508121 -12.4254005191018 89.0 -38.6 6612.73087228985 90
2458801.500225695 2458802.50508121 -6.3953182512355 68.0 -32.5 6618.76095455772 89
2458801.500225695 2458802.50508121 -8.7568095176564 69.0 -34.9 6616.39946329129 88
2458801.500225695 2458802.50508121 21.2032545371272 72.0 -4.8999999999999995 6646.35952734608 87
2458801.500225695 2458802.50508121 -50.2909587714244 139.0 -76.39999999999999 6574.86531403753 86
2458801.500225695 2458802.50508121 -38.3407291450588 180.0 -64.5 6586.815543663891 85
2458801.500225695 2458802.50508121 119.235855017658 237.0 93.10000000000001 6744.39212782661 84
2458801.500225695 2458802.50508121 40.6986288911746 14.0 14.6 6665.85490170013 83
2458801.500225695 2458802.50508121 19.2100072237968 119.0 -6.8999999999999995 6644.366280032749 82
2458801.500225695 2458802.50508121 25.916312283866798 152.0 -0.2 6651.072585092819 81
2458801.500225695 2458802.50508121 23.7745376648064 101.0 -2.4 6648.93081047376 80
2458801.500225695 2458802.50508121 -6.314113525394999 38.0 -32.4 6618.842159283559 79
2458801.500225695 2458802.50508121 -16.169410149475798 92.0 -42.3 6608.98686265948 78
2458801.500225695 2458802.50508121 17.4200761040781 111.0 -8.7 6642.57634891303 77
2458801.500225695 2458802.50508121 -39.0035936094524 99.0 -65.10000000000001 6586.1526791995 76
2458801.500225695 2458802.50508121 32.6433985256065 37.0 6.5 6657.79967133456 75
2458801.500225695 2458802.50508121 -26.065412149384002 103.0 -52.2 6599.090860659569 74
2458801.500225695 2458802.50508121 -32.757887917945496 193.0 -58.9 6592.39838489101 73
2458801.500225695 2458802.50508121 90.90955491358079 118.0 64.8 6716.06582772253 72
2458801.500225695 2458802.50508121 103.184679596305 225.0 77.10000000000001 6728.3409524052595 71
2458801.500225695 2458802.50508121 10.6126691503379 35.0 -15.5 6635.76894195929 70
2458801.500225695 2458802.50508121 21.0299534757752 44.0 -5.1000000000000005 6646.18622628473 69
2458801.500225695 2458802.50508121 34.346797071918 151.0 8.200000000000001 6659.50306988087 68
2458801.500225695 2458802.50508121 1.11634638271152 81.0 -25.0 6626.27261919166 67
2458801.500225695 2458802.50508121 32.2974988211273 166.0 6.2 6657.45377163008 66
2458801.500225695 2458802.50508121 -18.9233730729894 137.0 -45.0 6606.23289973596 65
2458801.506174769 2458802.51103015 -144.41249136568098 160.0 -161.39999999999998 6489.8806809488 148
2458801.506174769 2458802.51103015 -71.0998795616113 364.0 -88.1 6563.19329275287 147
2458801.506174769 2458802.51103015 102.863211101838 469.0 85.9 6737.15638341632 146
2458801.506174769 2458802.51103015 -119.403739302146 245.0 -136.4 6514.88943301233 145
2458801.506174769 2458802.51103015 -6.0321420574905 529.0 -23.0 6628.26103025699 144
2458801.506174769 2458802.51103015 11.4019673740815 316.0 -5.6 6645.695139688561 143
2458801.506174769 2458802.51103015 -11.7495804493544 328.0 -28.7 6622.543591865129 142
2458801.506174769 2458802.51103015 -9.3977160137699 86.0 -26.4 6624.89545630071 141
2458801.506174769 2458802.51103015 6.1638025440427 128.0 -10.8 6640.45697485852 140
2458801.506174769 2458802.51103015 33.4073383330677 224.0 16.400000000000002 6667.70051064755 139
2458801.506174769 2458802.51103015 -11.9593507428055 173.0 -28.9 6622.333821571669 138
2458801.506174769 2458802.51103015 -85.1640757138492 129.0 -102.2 6549.12909660063 137
2458801.506174769 2458802.51103015 22.4016767624038 99.0 5.4 6656.69484907688 136
2458801.506174769 2458802.51103015 -5.2460384085737 344.0 -22.2 6629.04713390591 135
2458801.506174769 2458802.51103015 -28.7078508593179 219.0 -45.699999999999996 6605.58532145516 134
2458801.506174769 2458802.51103015 -7.2435789803835 171.0 -24.2 6627.0495933341 133
2458801.506174769 2458802.51103015 -32.0638806613562 36.0 -49.099999999999994 6602.22929165312 132
2458801.506174769 2458802.51103015 -1.3032124014218 102.0 -18.3 6632.98995991306 131
2458801.506174769 2458802.51103015 5.3649265593218605 198.0 -11.6 6639.6580988738 130
2458801.506174769 2458802.51103015 -34.5274963618536 31.0 -51.5 6599.765675952631 129
2458801.506174769 2458802.51103015 -12.999742304118401 48.0 -30.0 6621.293430010361 128
2458801.506174769 2458802.51103015 -4.1610372322971 45.0 -21.2 6630.13213508218 127
2458801.506174769 2458802.51103015 14.0100499077027 64.0 -3.0 6648.30322222218 126
2458801.506174769 2458802.51103015 -23.6758775977259 56.0 -40.7 6610.61729471675 125
2458801.506174769 2458802.51103015 -1.2254915421721 74.0 -18.2 6633.06768077231 124
2458801.506174769 2458802.51103015 16.3744074292378 150.0 -0.6 6650.66757974372 123
2458801.506174769 2458802.51103015 -15.2811274715381 84.0 -32.300000000000004 6619.01204484294 122
2458801.506174769 2458802.51103015 5.74367882753002 59.0 -11.2 6640.036851142009 121
2458801.506174769 2458802.51103015 32.4085141276438 42.0 15.4 6666.701686442119 120
2458801.506174769 2458802.51103015 6.88161113127883 227.0 -10.1 6641.17478344576 119
2458801.506174769 2458802.51103015 -33.3115987637038 64.0 -50.3 6600.98157355078 118
2458801.506174769 2458802.51103015 4.2576086932992805 30.0 -12.7 6638.55078100778 117
2458801.506174769 2458802.51103015 -9.3766085857263 43.0 -26.4 6624.91656372875 116
2458801.506174769 2458802.51103015 -19.527895942562 28.0 -36.5 6614.765276371921 115
2458801.506174769 2458802.51103015 -3.1651753386122 270.0 -20.2 6631.12799697587 114
2458801.506174769 2458802.51103015 16.8259279490384 29.0 -0.2 6651.11910026352 113
2458801.506174769 2458802.51103015 37.5694521609882 69.0 20.6 6671.8626244754705 112
2458801.506174769 2458802.51103015 6.46499278259771 24.0 -10.5 6640.75816509708 111
2458801.506174769 2458802.51103015 -5.9724321814221 59.0 -23.0 6628.32074013306 110
2458801.506174769 2458802.51103015 -8.1073564254632 113.0 -25.1 6626.18581588902 109
2458801.506174769 2458802.51103015 -7.2068748988254 136.0 -24.2 6627.08629741565 108
2458801.506174769 2458802.51103015 24.745184804211302 28.0 7.8 6659.03835711869 107
2458801.506174769 2458802.51103015 -9.879034190436 38.0 -26.9 6624.41413812404 106
2458801.506174769 2458802.51103015 19.7034385965447 29.0 2.7 6653.99661091102 105
2458801.506174769 2458802.51103015 -14.1342087144487 45.0 -31.099999999999998 6620.15896360003 104
2458801.506174769 2458802.51103015 2.24581293235016 35.0 -14.7 6636.53898524683 103
2458801.506174769 2458802.51103015 15.9108089372157 34.0 -1.1 6650.2039812517 102
2458801.506174769 2458802.51103015 -6.3663806342253 113.0 -23.400000000000002 6627.92679168025 101
2458801.506174769 2458802.51103015 -7.306633663938 150.0 -24.299999999999997 6626.98653865054 100
2458801.506174769 2458802.51103015 -31.967588322199703 82.0 -49.0 6602.3255839922795 99
2458801.506174769 2458802.51103015 -8.7394500189584 148.0 -25.7 6625.55372229552 98
2458801.506174769 2458802.51103015 15.5759216620721 53.0 -1.4 6649.86909397655 97
2458801.506174769 2458802.51103015 -31.345220877963 78.0 -48.300000000000004 6602.94795143652 96
2458801.506174769 2458802.51103015 5.10949728387633 39.0 -11.9 6639.40266959836 95
2458801.506174769 2458802.51103015 15.4547334162842 66.0 -1.5 6649.74790573077 94
2458801.506174769 2458802.51103015 -12.3258118902738 75.0 -29.3 6621.96736042421 93
2458801.506174769 2458802.51103015 -34.2918274584223 66.0 -51.3 6600.00134485606 92
2458801.506174769 2458802.51103015 16.1238970118251 28.0 -0.9 6650.41706932631 91
2458801.506174769 2458802.51103015 -22.3547698379738 48.0 -39.300000000000004 6611.93840247651 90
2458801.506174769 2458802.51103015 -48.9737055818447 131.0 -66.0 6585.319466732641 88
2458801.506174769 2458802.51103015 6.77383992566494 29.0 -10.200000000000001 6641.06701224015 87
2458801.506174769 2458802.51103015 9.83349816338475 119.0 -7.2 6644.12667047787 86
2458801.506174769 2458802.51103015 30.8483049212631 73.0 13.899999999999999 6665.14147723574 85
2458801.506174769 2458802.51103015 68.8316922333501 141.0 51.8 6703.12486454783 84
2458801.506174769 2458802.51103015 15.752697004322702 11.0 -1.2 6650.045869318799 83
2458801.506174769 2458802.51103015 25.7357863495775 84.0 8.7 6660.02895866406 82
2458801.506174769 2458802.51103015 -22.586638147566298 144.0 -39.6 6611.7065341669095 81
2458801.506174769 2458802.51103015 13.3921256315199 75.0 -3.6 6647.685297946 80
2458801.506174769 2458802.51103015 -18.069374555289603 33.0 -35.1 6616.22379775919 79
2458801.506174769 2458802.51103015 -17.551982556329698 42.0 -34.5 6616.74118975815 78
2458801.506174769 2458802.51103015 4.8775152773235 89.0 -12.1 6639.170687591801 77
2458801.506174769 2458802.51103015 -42.739878693177 75.0 -59.7 6591.5532936213 76
2458801.506174769 2458802.51103015 16.821443642387 66.0 -0.2 6651.11461595687 75
2458801.506174769 2458802.51103015 -7.883145819191899 85.0 -24.9 6626.41002649529 74
2458801.506174769 2458802.51103015 38.8678408981891 108.0 21.9 6673.161013212671 73
2458801.506174769 2458802.51103015 -1.841455610859 124.0 -18.8 6632.451716703619 72
2458801.506174769 2458802.51103015 71.4525304609488 227.0 54.5 6705.74570277543 71
2458801.506174769 2458802.51103015 23.9225414284174 38.0 6.8999999999999995 6658.215713742899 70
2458801.506174769 2458802.51103015 16.66133242699 45.0 -0.3 6650.95450474147 69
2458801.506174769 2458802.51103015 51.8581956169371 136.0 34.9 6686.15136793142 68
2458801.506174769 2458802.51103015 -6.0245975185919995 69.0 -23.0 6628.26857479589 67
2458801.506174769 2458802.51103015 31.717398564632397 128.0 14.7 6666.01057087911 66
2458801.506174769 2458802.51103015 -52.1341205617452 48.0 -69.1 6582.15905175273 65
2458801.5119039356 2458802.5167592 -106.650390836299 247.0 -115.1 6536.22846828812 148
2458801.5119039356 2458802.5167592 -96.8594134749079 412.0 -105.30000000000001 6546.01944564952 147
2458801.5119039356 2458802.5167592 129.582272184716 720.0 121.2 6772.46113130914 146
2458801.5119039356 2458802.5167592 -72.9586431531502 126.0 -81.4 6569.92021597127 145
2458801.5119039356 2458802.5167592 15.9975924571043 1096.0 7.6 6658.87645158153 144
2458801.5119039356 2458802.5167592 -5.6458039243532 208.0 -14.0 6637.233055200069 143
2458801.5119039356 2458802.5167592 118.01681563979501 154.0 109.60000000000001 6760.8956747642205 142
2458801.5119039356 2458802.5167592 3.31443860534897 290.0 -5.1000000000000005 6646.19329772977 141
2458801.5119039356 2458802.5167592 46.8742010625949 161.0 38.5 6689.75306018702 140
2458801.5119039356 2458802.5167592 -4.0616891331702 405.0 -12.5 6638.81716999125 139
2458801.5119039356 2458802.5167592 -48.5248390462827 67.0 -56.9 6594.35402007814 138
2458801.5119039356 2458802.5167592 -91.5371956370885 111.0 -99.9 6551.341663487339 137
2458801.5119039356 2458802.5167592 32.576613341073596 102.0 24.2 6675.4554724655 136
2458801.5119039356 2458802.5167592 14.1668872640963 111.0 5.8 6657.04574638852 135
2458801.5119039356 2458802.5167592 20.1603057236257 56.0 11.799999999999999 6663.03916484805 134
2458801.5119039356 2458802.5167592 12.950635261603301 71.0 4.5 6655.82949438603 133
2458801.5119039356 2458802.5167592 -18.4587352681138 75.0 -26.9 6624.42012385631 132
2458801.5119039356 2458802.5167592 17.6492561570214 72.0 9.2 6660.52811528144 131
2458801.5119039356 2458802.5167592 21.6593867708905 150.0 13.299999999999999 6664.53824589531 130
2458801.5119039356 2458802.5167592 -15.2282394919485 196.0 -23.599999999999998 6627.65061963248 129
2458801.5119039356 2458802.5167592 -21.7789848762511 45.0 -30.200000000000003 6621.09987424817 128
2458801.5119039356 2458802.5167592 5.9220529710986 89.0 -2.5 6648.800912095519 127
2458801.5119039356 2458802.5167592 9.29582296051201 113.0 0.9 6652.17468208494 126
2458801.5119039356 2458802.5167592 -27.054792253745 41.0 -35.5 6615.824066870679 125
2458801.5119039356 2458802.5167592 15.1663906557555 41.0 6.8 6658.04524978018 124
2458801.5119039356 2458802.5167592 21.0970901306613 221.0 12.7 6663.975949255079 123
2458801.5119039356 2458802.5167592 22.365710367476602 48.0 14.0 6665.244569491901 122
2458801.5119039356 2458802.5167592 34.7998994946925 68.0 26.4 6677.678758619119 121
2458801.5119039356 2458802.5167592 21.335736789446 47.0 12.9 6664.21459591387 120
2458801.5119039356 2458802.5167592 19.9746183502842 235.0 11.6 6662.8534774747095 119
2458801.5119039356 2458802.5167592 -50.389901690135 54.0 -58.8 6592.488957434291 118
2458801.5119039356 2458802.5167592 -0.7616683311884 57.0 -9.2 6642.11719079323 117
2458801.5119039356 2458802.5167592 2.48009143216699 89.0 -5.8999999999999995 6645.35895055659 116
2458801.5119039356 2458802.5167592 7.75972330116304 55.0 -0.6 6650.63858242559 115
2458801.5119039356 2458802.5167592 32.0706699204463 124.0 23.7 6674.94952904487 114
2458801.5119039356 2458802.5167592 7.07176915270669 45.0 -1.3 6649.95062827713 113
2458801.5119039356 2458802.5167592 28.538783404996202 68.0 20.1 6671.41764252942 112
2458801.5119039356 2458802.5167592 1.49366359039682 38.0 -6.8999999999999995 6644.37252271482 111
2458801.5119039356 2458802.5167592 -2.7391592960341997 31.0 -11.1 6640.139699828391 110
2458801.5119039356 2458802.5167592 2.56803536562344 31.0 -5.8 6645.44689449005 109
2458801.5119039356 2458802.5167592 4.17471407753123 190.0 -4.2 6647.05357320196 108
2458801.5119039356 2458802.5167592 27.6611921120242 29.0 19.3 6670.5400512364495 107
2458801.5119039356 2458802.5167592 8.66352240925838 24.0 0.3 6651.54238153368 106
2458801.5119039356 2458802.5167592 24.4750758942081 30.0 16.1 6667.35393501863 105
2458801.5119039356 2458802.5167592 -4.4111728214702 65.0 -12.8 6638.46768630295 104
2458801.5119039356 2458802.5167592 -11.469172736084099 38.0 -19.900000000000002 6631.40968638834 103
2458801.5119039356 2458802.5167592 21.9200572898366 39.0 13.5 6664.79891641426 102
2458801.5119039356 2458802.5167592 -2.8039371409028 51.0 -11.2 6640.07492198352 101
2458801.5119039356 2458802.5167592 -8.3286191108023 129.0 -16.7 6634.550240013619 100
2458801.5119039356 2458802.5167592 -36.065251229564105 104.0 -44.5 6606.813607894859 99
2458801.5119039356 2458802.5167592 25.6007673355336 80.0 17.2 6668.47962645996 98
2458801.5119039356 2458802.5167592 23.1266967734651 36.0 14.7 6666.005555897889 97
2458801.5119039356 2458802.5167592 -4.077944603325 84.0 -12.5 6638.800914521101 96
2458801.5119039356 2458802.5167592 20.2378282122995 46.0 11.799999999999999 6663.116687336719 95
2458801.5119039356 2458802.5167592 18.0408871355908 50.0 9.6 6660.9197462600105 94
2458801.5119039356 2458802.5167592 -2.2681859451783 43.0 -10.7 6640.61067317924 93
2458801.5119039356 2458802.5167592 -6.9162599543677 42.0 -15.299999999999999 6635.9625991700605 92
2458801.5119039356 2458802.5167592 2.54848561256882 24.0 -5.8999999999999995 6645.42734473699 91
2458801.5119039356 2458802.5167592 9.42062061883231 56.0 1.0 6652.29947974326 90
2458801.5119039356 2458802.5167592 -33.031186856693 73.0 -41.4 6609.84767226773 88
2458801.5119039356 2458802.5167592 -2.5818807858276 89.0 -11.0 6640.2969783386 87
2458801.5119039356 2458802.5167592 -6.2450504126382995 72.0 -14.6 6636.63380871179 86
2458801.5119039356 2458802.5167592 8.63361544887376 69.0 0.2 6651.5124745733 85
2458801.5119039356 2458802.5167592 -15.2284081735043 152.0 -23.599999999999998 6627.6504509509205 84
2458801.5119039356 2458802.5167592 7.18386077626043 17.0 -1.2 6650.062719900679 83
2458801.5119039356 2458802.5167592 39.7026224773507 49.0 31.3 6682.58148160177 82
2458801.5119039356 2458802.5167592 -4.5146418485853 85.0 -12.9 6638.36421727584 81
2458801.5119039356 2458802.5167592 -28.9425620046 59.0 -37.3 6613.93629711982 80
2458801.5119039356 2458802.5167592 4.678368581299 27.0 -3.7 6647.55722770572 79
2458801.5119039356 2458802.5167592 -32.1448454908886 39.0 -40.5 6610.734013633541 78
2458801.5119039356 2458802.5167592 -6.9316907887202 68.0 -15.299999999999999 6635.9471683357 77
2458801.5119039356 2458802.5167592 -44.5017277409381 67.0 -52.900000000000006 6598.37713138349 76
2458801.5119039356 2458802.5167592 12.7038752462791 11.0 4.3 6655.582734370701 75
2458801.5119039356 2458802.5167592 -13.995671842455 104.0 -22.4 6628.883187281969 74
2458801.5119039356 2458802.5167592 79.2447527177416 108.0 70.8 6722.12361184216 73
2458801.5119039356 2458802.5167592 9.88196034898614 81.0 1.5 6652.760819473409 72
2458801.5119039356 2458802.5167592 43.3664413351087 144.0 35.0 6686.24530045953 71
2458801.5119039356 2458802.5167592 23.8894811624224 21.0 15.5 6666.76834028685 70
2458801.5119039356 2458802.5167592 13.6539694535571 49.0 5.2 6656.53282857798 69
2458801.5119039356 2458802.5167592 -6.9459951710993 122.0 -15.4 6635.93286395332 68
2458801.5119039356 2458802.5167592 -40.418450506903596 47.0 -48.800000000000004 6602.46040861752 67
2458801.5119039356 2458802.5167592 62.762783106798295 76.0 54.4 6705.64164223122 66
2458801.5119039356 2458802.5167592 8.02909203700963 144.0 -0.4 6650.90795116143 65
2458801.5176678244 2458802.52252296 -0.00012126832338311 0.0 -0.0 6651.28344788892 148
2458801.5176678244 2458802.52252296 -0.00034133984172513 0.0 -0.0 6651.2832278174 147
2458801.5176678244 2458802.52252296 -0.00061573028187212 0.0 -0.0 6651.2829534269595 146
2458801.5176678244 2458802.52252296 -0.00027437313043776997 0.0 -0.0 6651.283294784111 145
2458801.5176678244 2458802.52252296 -8.665332362767201e-05 0.0 -0.0 6651.28348250392 144
2458801.5176678244 2458802.52252296 -0.0010871599513962 0.0 -0.0 6651.28248199729 143
2458801.5176678244 2458802.52252296 -0.00027557134174572 0.0 -0.0 6651.2832935859 142
2458801.5176678244 2458802.52252296 -0.00076790314640363 0.0 -0.0 6651.2828012540895 141
2458801.5176678244 2458802.52252296 -0.0018468260618576 0.0 -0.0 6651.2817223311795 140
2458801.5176678244 2458802.52252296 -0.00043466720622831 0.0 -0.0 6651.28313449003 139
2458801.5176678244 2458802.52252296 -0.0009582856446144199 0.0 -0.0 6651.28261087159 138
2458801.5176678244 2458802.52252296 -0.00020687388069263 0.0 -0.0 6651.2833622833605 137
2458801.5176678244 2458802.52252296 -0.0005674024166069099 0.0 -0.0 6651.283001754819 136
2458801.5176678244 2458802.52252296 0.000233402289495643 0.0 0.0 6651.28380255953 135
2458801.5176678244 2458802.52252296 -0.0010631957207963 0.0 -0.0 6651.28250596152 134
2458801.5176678244 2458802.52252296 -0.00087347889543565 0.0 -0.0 6651.28269567834 133
2458801.5176678244 2458802.52252296 -0.0005475653592768 0.0 -0.0 6651.283021591879 132
2458801.5176678244 2458802.52252296 -0.0010048827601139 0.0 -0.0 6651.28256427448 131
2458801.5176678244 2458802.52252296 -0.00052187037891116 0.0 -0.0 6651.28304728686 130
2458801.5176678244 2458802.52252296 -0.00033441684177404004 0.0 -0.0 6651.2832347404 129
2458801.5176678244 2458802.52252296 -0.00038008201386219 0.0 -0.0 6651.2831890752195 128
2458801.5176678244 2458802.52252296 -0.00028529016837808 0.0 -0.0 6651.283283867069 127
2458801.5176678244 2458802.52252296 -0.001250249853868 0.0 -0.0 6651.28231890738 126
2458801.5176678244 2458802.52252296 -0.00072316991595045 0.0 -0.0 6651.28284598732 125
2458801.5176678244 2458802.52252296 -0.0009269990099980399 0.0 -0.0 6651.2826421582295 124
2458801.5176678244 2458802.52252296 -0.00010688978502316 0.0 -0.0 6651.28346226745 123
2458801.5176678244 2458802.52252296 0.00027028057747458 0.0 0.0 6651.28383943782 122
2458801.5176678244 2458802.52252296 -0.00053292055124388 0.0 -0.0 6651.28303623669 121
2458801.5176678244 2458802.52252296 -0.0005319886096089 0.0 -0.0 6651.2830371686305 120
2458801.5176678244 2458802.52252296 0.000346966115394309 0.0 0.0 6651.28391612335 119
2458801.5176678244 2458802.52252296 -0.000724234992866 0.0 -0.0 6651.28284492225 118
2458801.5176678244 2458802.52252296 -0.0014669930061828 0.0 -0.0 6651.28210216423 117
2458801.5176678244 2458802.52252296 -0.00011594293880535 0.0 -0.0 6651.2834532143 116
2458801.5176678244 2458802.52252296 -0.0014351738339967999 0.0 -0.0 6651.2821339834 115
2458801.5176678244 2458802.52252296 0.000108788290376083 0.0 0.0 6651.28367794553 114
2458801.5176678244 2458802.52252296 0.000184941289838036 0.0 0.0 6651.283754098529 113
2458801.5176678244 2458802.52252296 0.00026881609649365097 0.0 0.0 6651.28383797333 112
2458801.5176678244 2458802.52252296 -0.00043919378267532 0.0 -0.0 6651.28312996346 111
2458801.5176678244 2458802.52252296 -0.00079839097288925 0.0 -0.0 6651.28277076627 110
2458801.5176678244 2458802.52252296 -0.00039033337984051 0.0 -0.0 6651.28317882386 109
2458801.5176678244 2458802.52252296 -0.0011820849312727001 0.0 -0.0 6651.2823870723105 108
2458801.5176678244 2458802.52252296 -0.00010076559320282 0.0 -0.0 6651.28346839165 107
2458801.5176678244 2458802.52252296 -0.00049471091756459 0.0 -0.0 6651.28307444632 106
2458801.5176678244 2458802.52252296 -0.0012057828930878002 0.0 -0.0 6651.28236337435 105
2458801.5176678244 2458802.52252296 -0.00061932491668415 0.0 -0.0 6651.28294983232 104
2458801.5176678244 2458802.52252296 -0.00015961109234296998 0.0 -0.0 6651.28340954615 103
2458801.5176678244 2458802.52252296 -0.0012799388731111 0.0 -0.0 6651.28228921837 102
2458801.5176678244 2458802.52252296 -0.00033135474541979003 0.0 -0.0 6651.28323780249 101
2458801.5176678244 2458802.52252296 -0.0015623173901247 0.0 -0.0 6651.28200683985 100
2458801.5176678244 2458802.52252296 -0.0007109215314216 0.0 -0.0 6651.282858235711 99
2458801.5176678244 2458802.52252296 -0.0008047814343825599 0.0 -0.0 6651.2827643758 98
2458801.5176678244 2458802.52252296 0.0009737638801965429 0.0 0.0 6651.28454292112 97
2458801.5176678244 2458802.52252296 -0.0009034341834635001 0.0 -0.0 6651.28266572306 96
2458801.5176678244 2458802.52252296 -0.00032083711065667 0.0 -0.0 6651.28324832013 95
2458801.5176678244 2458802.52252296 -0.00058151468618206 0.0 -0.0 6651.28298764255 94
2458801.5176678244 2458802.52252296 -0.00078001839565189 0.0 -0.0 6651.28278913884 93
2458801.5176678244 2458802.52252296 -0.0006337034550441001 0.0 -0.0 6651.282935453781 92
2458801.5176678244 2458802.52252296 -0.0010139359138961 0.0 -0.0 6651.28255522132 91
2458801.5176678244 2458802.52252296 -0.00047048041729169996 0.0 -0.0 6651.2830986768195 90
2458801.5176678244 2458802.52252296 0.000216094789173837 0.0 0.0 6651.28378525203 88
2458801.5176678244 2458802.52252296 0.00241880698492736 0.0 0.0 6651.28598796422 87
2458801.5176678244 2458802.52252296 -0.00056966570483041 0.0 -0.0 6651.28299949153 86
2458801.5176678244 2458802.52252296 -0.00072064035805397 0.0 -0.0 6651.28284851688 85
2458801.5176678244 2458802.52252296 -0.00033614759153977 0.0 -0.0 6651.28323300965 84
2458801.5176678244 2458802.52252296 -0.0010892901052272999 0.0 -0.0 6651.28247986713 83
2458801.5176678244 2458802.52252296 -0.00075166072299737 0.0 -0.0 6651.282817496521 82
2458801.5176678244 2458802.52252296 -0.0009238037792513899 0.0 -0.0 6651.28264535346 81
2458801.5176678244 2458802.52252296 8.2560770664486e-05 0.0 0.0 6651.283651718009 80
2458801.5176678244 2458802.52252296 -0.0005907009743566499 0.0 -0.0 6651.28297845626 79
2458801.5176678244 2458802.52252296 -0.00021792405391352 0.0 -0.0 6651.28335123318 78
2458801.5176678244 2458802.52252296 -0.0018754500032969 0.0 -0.0 6651.28169370724 77
2458801.5176678244 2458802.52252296 -0.001627153947581 0.0 -0.0 6651.281942003289 76
2458801.5176678244 2458802.52252296 -0.00071198660833716 0.0 -0.0 6651.2828571706295 75
2458801.5176678244 2458802.52252296 -0.00086482514571884 0.0 -0.0 6651.282704332089 74
2458801.5176678244 2458802.52252296 -0.00037875066816184 0.0 -0.0 6651.28319040657 73
2458801.5176678244 2458802.52252296 -0.00089850820295112 0.0 -0.0 6651.2826706490405 72
2458801.5176678244 2458802.52252296 -0.00021100105396243 0.0 -0.0 6651.28335815618 71
2458801.5176678244 2458802.52252296 -0.00075445654967865 0.0 -0.0 6651.28281470069 70
2458801.5176678244 2458802.52252296 -0.0009755931449362299 0.0 -0.0 6651.282593564089 69
2458801.5176678244 2458802.52252296 -0.00021113418835483 0.0 -0.0 6651.28335802305 68
2458801.5176678244 2458802.52252296 0.0030052649622192 0.0 0.0 6651.2865744222 67
2458801.5176678244 2458802.52252296 -0.0024591121530192998 0.0 -0.0 6651.281110045091 66
2458801.5176678244 2458802.52252296 -0.0030844454377287997 0.0 -0.0 6651.2804847118 65
2458801.523420139 2458802.52827515 -83.3567440442469 228.0 -75.2 6576.09165225184 148
2458801.523420139 2458802.52827515 -35.9454037813007 359.0 -27.799999999999997 6623.50299251479 147
2458801.523420139 2458802.52827515 161.522616042858 289.0 169.7 6820.9710123389505 146
2458801.523420139 2458802.52827515 20.7913261201718 719.0 29.0 6680.2397224162605 145
2458801.523420139 2458802.52827515 50.071382565366 680.0 58.2 6709.51977886146 144
2458801.523420139 2458802.52827515 62.3469407343942 307.0 70.5 6721.79533703048 143
2458801.523420139 2458802.52827515 -23.5846425876911 202.0 -15.4 6635.8637537084005 142
2458801.523420139 2458802.52827515 2.8810272566852597 187.0 11.0 6662.32942355278 141
2458801.523420139 2458802.52827515 21.1356860562679 222.0 29.3 6680.58408235236 140
2458801.523420139 2458802.52827515 -38.969277964215 96.0 -30.8 6620.47911833187 139
2458801.523420139 2458802.52827515 -44.9129462816149 117.0 -36.7 6614.53545001448 138
2458801.523420139 2458802.52827515 -79.72951064510531 114.0 -71.6 6579.718885650989 137
2458801.523420139 2458802.52827515 5.62059892748312 58.0 13.799999999999999 6665.06899522357 136
2458801.523420139 2458802.52827515 12.5405044307261 361.0 20.7 6671.98890072682 135
2458801.523420139 2458802.52827515 15.2562619802019 151.0 23.400000000000002 6674.70465827629 134
2458801.523420139 2458802.52827515 6.02692417315076 136.0 14.200000000000001 6665.475320469241 133
2458801.523420139 2458802.52827515 -23.4092365349499 59.0 -15.2 6636.03915976114 132
2458801.523420139 2458802.52827515 52.6027729709035 96.0 60.8 6712.051169266991 131
2458801.523420139 2458802.52827515 -3.4420126711501 48.0 4.7 6656.00638362494 130
2458801.523420139 2458802.52827515 8.9041682851585 102.0 17.1 6668.35256458125 129
2458801.523420139 2458802.52827515 -28.1984792334589 139.0 -20.0 6631.24991706263 128
2458801.523420139 2458802.52827515 -6.9281731047592 52.0 1.2 6652.52022319133 127
2458801.523420139 2458802.52827515 20.2249662780769 119.0 28.400000000000002 6679.67336257417 126
2458801.523420139 2458802.52827515 -29.6733446254036 56.0 -21.5 6629.77505167069 125
2458801.523420139 2458802.52827515 13.4052948305197 60.0 21.6 6672.85369112661 124
2458801.523420139 2458802.52827515 35.8552029993753 226.0 44.0 6695.30359929547 123
2458801.523420139 2458802.52827515 51.9690536706312 55.0 60.1 6711.41744996672 122
2458801.523420139 2458802.52827515 9.21327277743611 106.0 17.4 6668.66166907353 121
2458801.523420139 2458802.52827515 18.947467892929602 128.0 27.099999999999998 6678.39586418902 120
2458801.523420139 2458802.52827515 16.6885187704384 166.0 24.9 6676.13691506653 119
2458801.523420139 2458802.52827515 -19.7202321362067 330.0 -11.6 6639.72816415988 118
2458801.523420139 2458802.52827515 19.5821263247726 202.0 27.7 6679.03052262086 117
2458801.523420139 2458802.52827515 -9.4685325895707 45.0 -1.3 6649.97986370652 116
2458801.523420139 2458802.52827515 0.635265650292816 35.0 8.8 6660.08366194638 115
2458801.523420139 2458802.52827515 33.8323482785423 150.0 42.0 6693.28074457463 114
2458801.523420139 2458802.52827515 16.8584601797956 38.0 25.0 6676.30685647589 113
2458801.523420139 2458802.52827515 22.4673649041085 57.0 30.599999999999998 6681.9157612002 112
2458801.523420139 2458802.52827515 6.0794358600198 34.0 14.200000000000001 6665.52783215611 111
2458801.523420139 2458802.52827515 -3.9751101611722 65.0 4.2 6655.47328613492 110
2458801.523420139 2458802.52827515 -7.523982656406 54.0 0.6 6651.92441363968 109
2458801.523420139 2458802.52827515 -5.5710480383580006 154.0 2.6 6653.87734825773 108
2458801.523420139 2458802.52827515 17.190160145701398 34.0 25.4 6676.63855644179 107
2458801.523420139 2458802.52827515 1.50628288913879 23.0 9.700000000000001 6660.95467918523 106
2458801.523420139 2458802.52827515 -6.7441279468871995 40.0 1.4 6652.7042683492 105
2458801.523420139 2458802.52827515 7.57918777260613 46.0 15.7 6667.0275840687 104
2458801.523420139 2458802.52827515 -6.0055350493169 36.0 2.2 6653.44286124677 103
2458801.523420139 2458802.52827515 23.3824523630277 40.0 31.5 6682.8308486591195 102
2458801.523420139 2458802.52827515 -13.3458447837054 80.0 -5.2 6646.10255151238 101
2458801.523420139 2458802.52827515 -2.7182246755428 93.0 5.4 6656.73017162055 100
2458801.523420139 2458802.52827515 -6.7128054992809005 45.0 1.5 6652.73559079681 99
2458801.523420139 2458802.52827515 8.09266747778636 77.0 16.299999999999997 6667.5410637738805 98
2458801.523420139 2458802.52827515 16.006096564913403 97.0 24.2 6675.454492861 97
2458801.523420139 2458802.52827515 -40.4394635413281 136.0 -32.300000000000004 6619.008932754759 96
2458801.523420139 2458802.52827515 31.511735396380303 78.0 39.699999999999996 6690.96013169247 95
2458801.523420139 2458802.52827515 33.6124846505665 90.0 41.8 6693.060880946659 94
2458801.523420139 2458802.52827515 -1.9897984031028 56.0 6.2 6657.45859789299 93
2458801.523420139 2458802.52827515 -17.978845491548203 45.0 -9.799999999999999 6641.46955080454 92
2458801.523420139 2458802.52827515 -14.0698624365223 41.0 -5.8999999999999995 6645.37853385957 91
2458801.523420139 2458802.52827515 -42.288700074156104 43.0 -34.1 6617.15969622193 90
2458801.523420139 2458802.52827515 2.77386287864445 37.0 10.9 6662.22225917473 88
2458801.523420139 2458802.52827515 -8.6787405792954 33.0 -0.5 6650.76965571679 87
2458801.523420139 2458802.52827515 -5.8123736318549 66.0 2.4 6653.63602266423 86
2458801.523420139 2458802.52827515 -22.9530166295291 63.0 -14.8 6636.4953796665595 85
2458801.523420139 2458802.52827515 6.76629910344584 171.0 14.9 6666.21469539954 84
2458801.523420139 2458802.52827515 -5.2033857503977 14.0 3.0 6654.24501054569 83
2458801.523420139 2458802.52827515 2.95360792160526 54.0 11.1 6662.4020042177 82
2458801.523420139 2458802.52827515 -2.7972036568977003 107.0 5.4 6656.65119263919 81
2458801.523420139 2458802.52827515 34.209117839505 75.0 42.4 6693.65751413559 80
2458801.523420139 2458802.52827515 -16.7658457014168 19.0 -8.6 6642.68255059467 79
2458801.523420139 2458802.52827515 -27.3876168731295 65.0 -19.2 6632.06077942296 78
2458801.523420139 2458802.52827515 -4.5404263610243 52.0 3.6 6654.90796993507 77
2458801.523420139 2458802.52827515 33.3779496546471 69.0 41.5 6692.82634595074 76
2458801.523420139 2458802.52827515 -5.2185668907807 153.0 2.9 6654.22982940531 75
2458801.523420139 2458802.52827515 -29.845305953131202 63.0 -21.7 6629.60309034296 74
2458801.523420139 2458802.52827515 52.0767745513604 100.0 60.199999999999996 6711.52517084745 73
2458801.523420139 2458802.52827515 11.8052531454111 202.0 20.0 6671.2536494415 72
2458801.523420139 2458802.52827515 16.8887891103404 134.0 25.1 6676.33718540643 71
2458801.523420139 2458802.52827515 7.14018823045848 33.0 15.299999999999999 6666.58858452655 70
2458801.523420139 2458802.52827515 7.2370527156202495 29.0 15.4 6666.685449011709 69
2458801.523420139 2458802.52827515 50.5961678623024 132.0 58.8 6710.04456415839 68
2458801.523420139 2458802.52827515 -15.0774365150763 182.0 -6.8999999999999995 6644.370959781009 67
2458801.523420139 2458802.52827515 52.3460043612367 79.0 60.5 6711.79440065733 66
2458801.523420139 2458802.52827515 -18.6845265804854 240.0 -10.5 6640.763869715611 65
2458801.529172454 2458802.53402734 -148.047696288969 411.0 -131.89999999999998 6519.33201387726 148
2458801.529172454 2458802.53402734 -56.7482320864627 560.0 -40.7 6610.63147807977 147
2458801.529172454 2458802.53402734 18.514979087950902 569.0 34.6 6685.89468925418 146
2458801.529172454 2458802.53402734 -19.5308799112137 669.0 -3.4 6647.84883025502 145
2458801.529172454 2458802.53402734 49.9723538990304 640.0 66.10000000000001 6717.35206406526 144
2458801.529172454 2458802.53402734 27.6267758054098 263.0 43.7 6695.00648597164 143
2458801.529172454 2458802.53402734 27.0475771933381 204.0 43.1 6694.42728735957 142
2458801.529172454 2458802.53402734 54.4700075614069 57.0 70.6 6721.8497177276395 141
2458801.529172454 2458802.53402734 41.9321051716262 568.0 58.0 6709.31181533786 140
2458801.529172454 2458802.53402734 -10.2346358362118 66.0 5.8999999999999995 6657.14507433002 139
2458801.529172454 2458802.53402734 -103.679261202966 152.0 -87.6 6563.70044896327 138
2458801.529172454 2458802.53402734 -104.98911629196999 127.0 -88.9 6562.39059387426 137
2458801.529172454 2458802.53402734 11.4166721362761 133.0 27.5 6678.79638230251 136
2458801.529172454 2458802.53402734 8.8124407210799 327.0 24.9 6676.19215088731 135
2458801.529172454 2458802.53402734 10.3195240240472 108.0 26.4 6677.699234190281 134
2458801.529172454 2458802.53402734 13.8633379364705 80.0 30.0 6681.2430481026995 133
2458801.529172454 2458802.53402734 29.457868619846998 42.0 45.6 6696.83757878608 132
2458801.529172454 2458802.53402734 33.645355575425 62.0 49.7 6701.02506574166 131
2458801.529172454 2458802.53402734 16.6656054264696 115.0 32.800000000000004 6684.0453155927 130
2458801.529172454 2458802.53402734 25.3219648703382 345.0 41.4 6692.70167503657 129
2458801.529172454 2458802.53402734 -19.9321626833591 48.0 -3.8 6647.4475474828705 128
2458801.529172454 2458802.53402734 22.1358911224643 52.0 38.199999999999996 6689.5156012887 127
2458801.529172454 2458802.53402734 24.5736707862498 100.0 40.7 6691.95338095248 126
2458801.529172454 2458802.53402734 -21.6307700477332 81.0 -5.5 6645.748940118499 125
2458801.529172454 2458802.53402734 -10.7940004528269 114.0 5.3 6656.585709713399 124
2458801.529172454 2458802.53402734 35.2169601062924 114.0 51.3 6702.59667027252 123
2458801.529172454 2458802.53402734 18.8288579206368 97.0 34.9 6686.2085680868695 122
2458801.529172454 2458802.53402734 -30.4672531028389 77.0 -14.4 6636.91245706339 121
2458801.529172454 2458802.53402734 3.71232616828632 66.0 19.8 6671.09203633452 120
2458801.529172454 2458802.53402734 14.7736228970095 197.0 30.900000000000002 6682.15333306324 119
2458801.529172454 2458802.53402734 -49.1803071608743 49.0 -33.099999999999994 6618.19940300536 118
2458801.529172454 2458802.53402734 12.035925428747001 345.0 28.1 6679.41563559498 117
2458801.529172454 2458802.53402734 -17.7196109074336 25.0 -1.6 6649.6600992588 116
2458801.529172454 2458802.53402734 -10.7484208190627 40.0 5.3 6656.63128934717 115
2458801.529172454 2458802.53402734 27.5500200389809 214.0 43.6 6694.92973020521 114
2458801.529172454 2458802.53402734 32.9209291993413 60.0 49.0 6700.30063936557 113
2458801.529172454 2458802.53402734 34.0365106643148 84.0 50.1 6701.416220830551 112
2458801.529172454 2458802.53402734 -15.2096119060721 51.0 0.9 6652.17009826016 111
2458801.529172454 2458802.53402734 -2.1794558620956 56.0 13.899999999999999 6665.20025430414 110
2458801.529172454 2458802.53402734 -23.8801398684458 26.0 -7.8 6643.499570297789 109
2458801.529172454 2458802.53402734 -2.4945364343791 160.0 13.6 6664.88517373185 108
2458801.529172454 2458802.53402734 12.9241035196932 30.0 29.0 6680.3038136859195 107
2458801.529172454 2458802.53402734 1.45196375529544 66.0 17.5 6668.83167392153 106
2458801.529172454 2458802.53402734 -6.936810956560199 57.0 9.2 6660.44289920967 105
2458801.529172454 2458802.53402734 -18.2691437990412 85.0 -2.2 6649.11056636719 104
2458801.529172454 2458802.53402734 -3.6998694014683 43.0 12.4 6663.67984076476 103
2458801.529172454 2458802.53402734 14.1358833973522 25.0 30.200000000000003 6681.515593563579 102
2458801.529172454 2458802.53402734 0.898449140206203 34.0 17.0 6668.27815930644 101
2458801.529172454 2458802.53402734 9.51377389977814 117.0 25.6 6676.89348406601 100
2458801.529172454 2458802.53402734 -44.7708368745579 52.0 -28.7 6622.60887329167 99
2458801.529172454 2458802.53402734 10.9564257741432 82.0 27.099999999999998 6678.33613594038 98
2458801.529172454 2458802.53402734 4.27775706360922 62.0 20.400000000000002 6671.65746722984 97
2458801.529172454 2458802.53402734 9.16590899525538 68.0 25.3 6676.54561916149 96
2458801.529172454 2458802.53402734 -12.972102249351599 49.0 3.1 6654.407607916881 95
2458801.529172454 2458802.53402734 2.94069198867142 56.0 19.0 6670.3204021549 94
2458801.529172454 2458802.53402734 -7.362359908611 29.0 8.7 6660.01735025762 93
2458801.529172454 2458802.53402734 -11.3914677301254 53.0 4.7 6655.98824243611 92
2458801.529172454 2458802.53402734 -10.618680005642899 38.0 5.5 6656.76103016059 91
2458801.529172454 2458802.53402734 -6.1920967956874 49.0 9.9 6661.18761337054 90
2458801.529172454 2458802.53402734 -43.5506703815634 122.0 -27.5 6623.82903978467 88
2458801.529172454 2458802.53402734 -35.4399464465986 30.0 -19.3 6631.93976371963 87
2458801.529172454 2458802.53402734 -24.9454740000727 76.0 -8.8 6642.43423616616 86
2458801.529172454 2458802.53402734 76.0473143892062 84.0 92.1 6743.42702455544 85
2458801.529172454 2458802.53402734 -105.589522848719 153.0 -89.5 6561.790187317511 84
2458801.529172454 2458802.53402734 -17.7986633790965 16.0 -1.7 6649.58104678713 83
2458801.529172454 2458802.53402734 -7.1744203635643995 75.0 8.9 6660.20528980267 82
2458801.529172454 2458802.53402734 3.87432050623815 94.0 20.0 6671.25403067247 81
2458801.529172454 2458802.53402734 7.47473633372309 85.0 23.599999999999998 6674.8544464999495 80
2458801.529172454 2458802.53402734 -19.179826432674602 20.0 -3.1 6648.1998837335605 79
2458801.529172454 2458802.53402734 -34.7990031955794 66.0 -18.700000000000003 6632.58070697065 78
2458801.529172454 2458802.53402734 -8.133072996396399 68.0 8.0 6659.24663716983 77
2458801.529172454 2458802.53402734 -16.2048635772516 75.0 -0.1 6651.1748465889805 76
2458801.529172454 2458802.53402734 -19.7048420524943 129.0 -3.6 6647.674868113741 75
2458801.529172454 2458802.53402734 -37.9316696600327 61.0 -21.8 6629.4480405062 74
2458801.529172454 2458802.53402734 34.9216951568883 122.0 51.0 6702.30140532312 73
2458801.529172454 2458802.53402734 6.79793480535107 82.0 22.9 6674.177644971581 72
2458801.529172454 2458802.53402734 5.91478973537019 161.0 22.0 6673.294499901601 71
2458801.529172454 2458802.53402734 -10.0532758038101 24.0 6.0 6657.3264343624205 70
2458801.529172454 2458802.53402734 1.42828669605866 42.0 17.5 6668.80799686229 69
2458801.529172454 2458802.53402734 -59.1803761620193 133.0 -43.1 6608.19933400421 68
2458801.529172454 2458802.53402734 28.0773534658705 144.0 44.2 6695.4570636321 67
2458801.529172454 2458802.53402734 24.673030480356 95.0 40.800000000000004 6692.05274064659 66
2458801.529172454 2458802.53402734 -0.8038386640167899 98.0 15.299999999999999 6666.57587150221 65
2458801.5349247684 2458802.53977953 -86.9498090016396 991.0 -63.2 6588.12492512651 148
2458801.5349247684 2458802.53977953 -61.270842644185 1018.0 -37.5 6613.80389148396 147
2458801.5349247684 2458802.53977953 193.885378300042 696.0 217.70000000000002 6868.96011242819 146
2458801.5349247684 2458802.53977953 12.2666315932287 947.0 36.1 6687.3413657213805 145
2458801.5349247684 2458802.53977953 6.48252244854763 454.0 30.3 6681.557256576691 144
2458801.5349247684 2458802.53977953 6.15185061470136 137.0 29.9 6681.22658474285 143
2458801.5349247684 2458802.53977953 6.89858828857926 170.0 30.700000000000003 6681.97332241672 142
2458801.5349247684 2458802.53977953 42.6333064674278 58.0 66.4 6717.708040595569 141
2458801.5349247684 2458802.53977953 -7.1217750891703 70.0 16.7 6667.95295903898 140
2458801.5349247684 2458802.53977953 -40.4478149004994 58.0 -16.7 6634.62691922765 139
2458801.5349247684 2458802.53977953 -42.0800007400537 81.0 -18.3 6632.99473338809 138
2458801.5349247684 2458802.53977953 -77.6176408807858 111.0 -53.8 6597.457093247361 137
2458801.5349247684 2458802.53977953 24.5629545683705 216.0 48.4 6699.63768869652 136
2458801.5349247684 2458802.53977953 29.4616869740958 223.0 53.3 6704.536421102241 135
2458801.5349247684 2458802.53977953 31.755253759035497 54.0 55.5 6706.82998788718 134
2458801.5349247684 2458802.53977953 13.188046540968799 80.0 37.0 6688.26278066911 133
2458801.5349247684 2458802.53977953 -18.865926777482198 126.0 4.8999999999999995 6656.208807350659 132
2458801.5349247684 2458802.53977953 34.1185475350017 109.0 57.9 6709.19328166315 131
2458801.5349247684 2458802.53977953 15.345776478194601 106.0 39.1 6690.42051060634 130
2458801.5349247684 2458802.53977953 21.1883424359538 83.0 45.0 6696.2630765641 129
2458801.5349247684 2458802.53977953 7.7927820670789005 35.0 31.6 6682.86751619523 128
2458801.5349247684 2458802.53977953 -10.0606392926945 98.0 13.700000000000001 6665.01409483545 127
2458801.5349247684 2458802.53977953 10.7168265906985 147.0 34.5 6685.791560718841 126
2458801.5349247684 2458802.53977953 -8.073077959045 121.0 15.7 6667.0016561691 125
2458801.5349247684 2458802.53977953 12.9932652746527 48.0 36.8 6688.0679994028 124
2458801.5349247684 2458802.53977953 42.1296675404097 311.0 65.9 6717.20440166856 123
2458801.5349247684 2458802.53977953 -1.7990113328636002 55.0 22.0 6673.27572279528 122
2458801.5349247684 2458802.53977953 12.4760180595862 162.0 36.3 6687.55075218773 121
2458801.5349247684 2458802.53977953 5.04874978759062 74.0 28.8 6680.1234839157405 120
2458801.5349247684 2458802.53977953 -6.637635324052501 227.0 17.2 6668.43709880409 119
2458801.5349247684 2458802.53977953 -34.6424974117365 61.0 -10.9 6640.4322367164095 118
2458801.5349247684 2458802.53977953 35.5366348747896 188.0 59.3 6710.611369002941 117
2458801.5349247684 2458802.53977953 6.76099499589711 33.0 30.599999999999998 6681.83572912404 116
2458801.5349247684 2458802.53977953 -4.657858837280299 55.0 19.099999999999998 6670.41687529087 115
2458801.5349247684 2458802.53977953 30.4556746652462 136.0 54.199999999999996 6705.53040879339 114
2458801.5349247684 2458802.53977953 29.905363268980498 46.0 53.699999999999996 6704.9800973971305 113
2458801.5349247684 2458802.53977953 40.4243517225158 31.0 64.19999999999999 6715.49908585066 112
2458801.5349247684 2458802.53977953 0.024216154821843403 28.0 23.8 6675.09895028297 111
2458801.5349247684 2458802.53977953 2.8546815561600902 21.0 26.599999999999998 6677.92941568431 110
2458801.5349247684 2458802.53977953 2.17281678526593 60.0 26.0 6677.24755091341 109
2458801.5349247684 2458802.53977953 0.564834019810334 140.0 24.400000000000002 6675.63956814796 108
2458801.5349247684 2458802.53977953 1.61988017410586 27.0 25.4 6676.694614302251 107
2458801.5349247684 2458802.53977953 21.8522010165136 29.0 45.6 6696.92693514466 106
2458801.5349247684 2458802.53977953 28.752142718051502 32.0 52.5 6703.8268768462 105
2458801.5349247684 2458802.53977953 5.0570400134653 40.0 28.8 6680.13177414161 104
2458801.5349247684 2458802.53977953 -4.3920433977256 60.0 19.400000000000002 6670.682690730419 103
2458801.5349247684 2458802.53977953 8.53471497928826 48.0 32.300000000000004 6683.60944910743 102
2458801.5349247684 2458802.53977953 22.848588725358 130.0 46.6 6697.9233228534995 101
2458801.5349247684 2458802.53977953 3.37991405226656 36.0 27.2 6678.45464818041 100
2458801.5349247684 2458802.53977953 -22.4135993304362 89.0 1.4 6652.6611347977105 99
2458801.5349247684 2458802.53977953 -27.4146751101112 80.0 -3.6 6647.660059018041 98
2458801.5349247684 2458802.53977953 -0.39592273903644 67.0 23.400000000000002 6674.67881138911 97
2458801.5349247684 2458802.53977953 34.1695388245737 96.0 58.0 6709.24427295272 96
2458801.5349247684 2458802.53977953 9.93887757005041 63.0 33.7 6685.0136116982 95
2458801.5349247684 2458802.53977953 3.54054955177574 52.0 27.3 6678.61528367992 94
2458801.5349247684 2458802.53977953 1.3475793480779399 39.0 25.1 6676.42231347622 93
2458801.5349247684 2458802.53977953 8.0097659933438 43.0 31.8 6683.08450012149 92
2458801.5349247684 2458802.53977953 -45.6781478205741 29.0 -21.9 6629.39658630757 91
2458801.5349247684 2458802.53977953 7.68587630302608 45.0 31.5 6682.76061043117 90
2458801.5349247684 2458802.53977953 -29.8120411625771 69.0 -6.0 6645.26269296557 88
2458801.5349247684 2458802.53977953 -19.0145607240382 38.0 4.8 6656.06017340411 87
2458801.5349247684 2458802.53977953 -34.3700030745468 84.0 -10.6 6640.7047310536 86
2458801.5349247684 2458802.53977953 29.5304689756293 87.0 53.3 6704.60520310378 85
2458801.5349247684 2458802.53977953 -28.2209786749723 165.0 -4.4 6646.85375545317 84
2458801.5349247684 2458802.53977953 -19.719019703782 7.0 4.1000000000000005 6655.35571442436 83
2458801.5349247684 2458802.53977953 44.0884093572054 78.0 67.9 6719.16314348535 82
2458801.5349247684 2458802.53977953 35.4295164947578 74.0 59.2 6710.504250622899 81
2458801.5349247684 2458802.53977953 -13.4809872257788 99.0 10.3 6661.59374690237 80
2458801.5349247684 2458802.53977953 -31.3076239647119 16.0 -7.5 6643.76711016343 79
2458801.5349247684 2458802.53977953 -33.8203812490168 59.0 -10.0 6641.25435287913 78
2458801.5349247684 2458802.53977953 -3.6212740605661002 51.0 20.2 6671.45346006758 77
2458801.5349247684 2458802.53977953 -21.2775739137703 87.0 2.5 6653.797160214381 76
2458801.5349247684 2458802.53977953 -22.8626599885322 186.0 0.9 6652.212074139609 75
2458801.5349247684 2458802.53977953 -31.306284497356202 41.0 -7.5 6643.76844963079 74
2458801.5349247684 2458802.53977953 51.3971355004417 196.0 75.2 6726.47186962859 73
2458801.5349247684 2458802.53977953 22.432775441689802 58.0 46.199999999999996 6697.50750956984 72
2458801.5349247684 2458802.53977953 -42.5042525615558 202.0 -18.700000000000003 6632.5704815665895 71
2458801.5349247684 2458802.53977953 4.6501821627726905 27.0 28.400000000000002 6679.72491629092 70
2458801.5349247684 2458802.53977953 -31.2267525413796 51.0 -7.4 6643.84798158677 69
2458801.5349247684 2458802.53977953 16.0363879269889 158.0 39.800000000000004 6691.111122055139 68
2458801.5349247684 2458802.53977953 -42.1086648888123 101.0 -18.3 6632.96606923933 67
2458801.5349247684 2458802.53977953 86.61609038263671 83.0 110.39999999999999 6761.690824510781 66
2458801.5349247684 2458802.53977953 185.319889288156 786.0 209.1 6860.3946234163 65
2458801.541545139 2458802.54639976 -14.967046279752001 233.0 17.4 6668.63971317859 148
2458801.541545139 2458802.54639976 374.484452416865 286.0 406.8 7058.0912118752 147
2458801.541545139 2458802.54639976 207.52621859025 685.0 239.8 6891.13297804859 146
2458801.541545139 2458802.54639976 -18.840253600885998 622.0 13.5 6664.76650585745 145
2458801.541545139 2458802.54639976 107.82223723997001 215.0 140.1 6791.428996698311 144
2458801.541545139 2458802.54639976 -8.0877423739043 160.0 24.2 6675.519017084431 143
2458801.541545139 2458802.54639976 13.834167227527098 361.0 46.199999999999996 6697.44092668586 142
2458801.541545139 2458802.54639976 -0.64060049890546 195.0 31.7 6682.96615895943 141
2458801.541545139 2458802.54639976 32.4151757122655 142.0 64.69999999999999 6716.0219351706 140
2458801.541545139 2458802.54639976 -31.903469499186897 83.0 0.4 6651.70328995915 139
2458801.541545139 2458802.54639976 -57.8397445268708 106.0 -25.5 6625.76701493147 138
2458801.541545139 2458802.54639976 -46.0073012906248 103.0 -13.700000000000001 6637.59945816771 137
2458801.541545139 2458802.54639976 46.1826972192334 184.0 78.5 6729.789456677569 136
2458801.541545139 2458802.54639976 31.228029133211 483.0 63.5 6714.83478859155 135
2458801.541545139 2458802.54639976 -12.426205180473099 171.0 19.900000000000002 6671.180554277859 134
2458801.541545139 2458802.54639976 42.1565539061799 123.0 74.5 6725.7633133645195 133
2458801.541545139 2458802.54639976 -6.3067286106611 32.0 26.0 6677.300030847679 132
2458801.541545139 2458802.54639976 29.5982188145816 89.0 61.9 6713.20497827292 131
2458801.541545139 2458802.54639976 7.70968898995239 43.0 40.0 6691.3164484482895 130
2458801.541545139 2458802.54639976 -0.24119432571812 327.0 32.099999999999994 6683.36556513262 129
2458801.541545139 2458802.54639976 2.40491824365385 42.0 34.7 6686.01167770199 128
2458801.541545139 2458802.54639976 6.97163102726339 61.0 39.300000000000004 6690.5783904856 127
2458801.541545139 2458802.54639976 19.951057657453802 34.0 52.3 6703.55781711579 126
2458801.541545139 2458802.54639976 -21.4469239756516 76.0 10.9 6662.15983548269 125
2458801.541545139 2458802.54639976 11.8030483086375 33.0 44.1 6695.4098077669805 124
2458801.541545139 2458802.54639976 18.1228617856588 96.0 50.4 6701.729621244 123
2458801.541545139 2458802.54639976 39.9097540494964 81.0 72.2 6723.5165135078305 122
2458801.541545139 2458802.54639976 27.3016705465192 48.0 59.6 6710.90843000486 121
2458801.541545139 2458802.54639976 35.2918274418066 103.0 67.6 6718.89858690014 120
2458801.541545139 2458802.54639976 -7.604543471107 167.0 24.7 6676.002215987231 119
2458801.541545139 2458802.54639976 -4.1386245580082 46.0 28.2 6679.46813490033 118
2458801.541545139 2458802.54639976 4.16394222919703 113.0 36.5 6687.77070168753 117
2458801.541545139 2458802.54639976 12.7840215586872 40.0 45.1 6696.39078101702 116
2458801.541545139 2458802.54639976 4.65500439516031 37.0 37.0 6688.2617638535 115
2458801.541545139 2458802.54639976 40.1024926314229 153.0 72.4 6723.70925208976 114
2458801.541545139 2458802.54639976 42.4123047017186 36.0 74.7 6726.01906416006 113
2458801.541545139 2458802.54639976 13.4764992885064 41.0 45.8 6697.08325874684 112
2458801.541545139 2458802.54639976 17.3973652735446 29.0 49.7 6701.00412473188 111
2458801.541545139 2458802.54639976 10.0507035535662 87.0 42.4 6693.6574630119 110
2458801.541545139 2458802.54639976 7.54483858168431 125.0 39.9 6691.15159804002 109
2458801.541545139 2458802.54639976 11.0827624856302 251.0 43.4 6694.68952194397 108
2458801.541545139 2458802.54639976 15.2809529316711 29.0 47.6 6698.88771239001 107
2458801.541545139 2458802.54639976 15.645040688367502 45.0 48.0 6699.251800146701 106
2458801.541545139 2458802.54639976 5.81657561507765 46.0 38.1 6689.42333507342 105
2458801.541545139 2458802.54639976 14.0848009941603 81.0 46.4 6697.6915604525 104
2458801.541545139 2458802.54639976 14.2878676935041 40.0 46.6 6697.89462715184 103
2458801.541545139 2458802.54639976 24.562175095287998 40.0 56.9 6708.16893455362 102
2458801.541545139 2458802.54639976 -13.3708741522121 63.0 19.0 6670.23588530612 101
2458801.541545139 2458802.54639976 5.35930554381814 80.0 37.699999999999996 6688.96606500215 100
2458801.541545139 2458802.54639976 -25.0841513908959 91.0 7.2 6658.522608067439 99
2458801.541545139 2458802.54639976 -6.3423643535057 129.0 26.0 6677.264395104829 98
2458801.541545139 2458802.54639976 -7.8608279367485006 40.0 24.5 6675.745931521589 97
2458801.541545139 2458802.54639976 20.0887529978173 114.0 52.400000000000006 6703.69551245615 96
2458801.541545139 2458802.54639976 47.8784009176669 69.0 80.19999999999999 6731.485160376 95
2458801.541545139 2458802.54639976 -13.485722128256 86.0 18.8 6670.12103733008 94
2458801.541545139 2458802.54639976 10.635005614813199 37.0 43.0 6694.2417650731495 93
2458801.541545139 2458802.54639976 10.3043080859857 58.0 42.6 6693.911067544321 92
2458801.541545139 2458802.54639976 -8.8337384879802 33.0 23.5 6674.7730209703595 91
2458801.541545139 2458802.54639976 3.7507520302702 72.0 36.1 6687.35751148861 90
2458801.541545139 2458802.54639976 3.95862202680153 40.0 36.3 6687.565381485139 88
2458801.541545139 2458802.54639976 -13.9825573439385 77.0 18.3 6669.6242021144 87
2458801.541545139 2458802.54639976 -3.6499327207204 78.0 28.7 6679.956826737621 86
2458801.541545139 2458802.54639976 47.8836957478501 127.0 80.19999999999999 6731.49045520619 85
2458801.541545139 2458802.54639976 0.362013649587212 142.0 32.7 6683.96877310792 84
2458801.541545139 2458802.54639976 -22.171288377572598 17.0 10.200000000000001 6661.43547108076 83
2458801.541545139 2458802.54639976 69.0196769055174 84.0 101.3 6752.62643636385 82
2458801.541545139 2458802.54639976 -30.7895000946914 92.0 1.5 6652.81725936365 81
2458801.541545139 2458802.54639976 8.09026713283068 58.0 40.4 6691.69702659117 80
2458801.541545139 2458802.54639976 7.17077784415476 28.0 39.5 6690.777537302491 79
2458801.541545139 2458802.54639976 -39.5013332043321 60.0 -7.2 6644.105426254 78
2458801.541545139 2458802.54639976 22.4393591781613 65.0 54.800000000000004 6706.0461186365 77
2458801.541545139 2458802.54639976 46.3464413454231 63.0 78.7 6729.95320080376 76
2458801.541545139 2458802.54639976 -31.0329303467407 305.0 1.3 6652.5738291116 75
2458801.541545139 2458802.54639976 -35.5501007447874 50.0 -3.2 6648.05665871355 74
2458801.541545139 2458802.54639976 50.7625963207312 91.0 83.1 6734.36935577907 73
2458801.541545139 2458802.54639976 21.9805129262012 140.0 54.300000000000004 6705.5872723845405 72
2458801.541545139 2458802.54639976 -7.3502779253261 185.0 25.0 6676.256481533011 71
2458801.541545139 2458802.54639976 -15.470650192367199 35.0 16.9 6668.13610926597 70
2458801.541545139 2458802.54639976 -22.123664794639502 62.0 10.200000000000001 6661.483094663699 69
2458801.541545139 2458802.54639976 88.84048338095769 125.0 121.2 6772.4472428393 68
2458801.541545139 2458802.54639976 29.9911897930452 136.0 62.300000000000004 6713.59794925138 67
2458801.541545139 2458802.54639976 71.685829096757 60.0 104.0 6755.292588555089 66
2458801.541545139 2458802.54639976 150.614396900293 668.0 182.9 6834.221156358631 65
2458801.547332176 2458802.55218667 -30.9481656779624 448.0 8.6 6659.8432108476 148
2458801.547332176 2458802.55218667 -91.94683187738039 563.0 -52.400000000000006 6598.844544648179 147
2458801.547332176 2458802.55218667 136.31355449333498 765.0 175.8 6827.104931018899 146
2458801.547332176 2458802.55218667 -10.377207690860999 157.0 29.1 6680.4141688347 145
2458801.547332176 2458802.55218667 -37.0698727185372 178.0 2.4 6653.72150380703 144
2458801.547332176 2458802.55218667 12.1568967386203 310.0 51.7 6702.94827326418 143
2458801.547332176 2458802.55218667 71.5758748727859 299.0 111.10000000000001 6762.36725139835 142
2458801.547332176 2458802.55218667 -30.3167806268849 398.0 9.2 6660.4745958986805 141
2458801.547332176 2458802.55218667 -8.607165284924 245.0 30.900000000000002 6682.18421124064 140
2458801.547332176 2458802.55218667 30.4229400787861 78.0 69.9 6721.21431660435 139
2458801.547332176 2458802.55218667 -63.488632448380294 138.0 -24.0 6627.302744077179 138
2458801.547332176 2458802.55218667 -41.3445787561626 111.0 -1.8 6649.4467977694 137
2458801.547332176 2458802.55218667 35.4256058851616 57.0 74.89999999999999 6726.2169824107195 136
2458801.547332176 2458802.55218667 -6.778075480760901 89.0 32.7 6684.0133010448 135
2458801.547332176 2458802.55218667 -7.4039999490596 145.0 32.099999999999994 6683.3873765765 134
2458801.547332176 2458802.55218667 5.96554891168211 59.0 45.5 6696.75692543725 133
2458801.547332176 2458802.55218667 -37.2412153031441 49.0 2.3 6653.550161222421 132
2458801.547332176 2458802.55218667 -2.0067079015584 170.0 37.5 6688.784668624 131
2458801.547332176 2458802.55218667 -0.26560829512955997 151.0 39.199999999999996 6690.52576823043 130
2458801.547332176 2458802.55218667 18.0237258141887 163.0 57.5 6708.81510233975 129
2458801.547332176 2458802.55218667 1.396609717915 31.0 40.9 6692.187986243481 128
2458801.547332176 2458802.55218667 25.8486673126628 72.0 65.4 6716.64004383823 127
2458801.547332176 2458802.55218667 19.2892064039594 28.0 58.8 6710.0805829295205 126
2458801.547332176 2458802.55218667 -3.7812066558773 88.0 35.7 6687.01016986969 125
2458801.547332176 2458802.55218667 24.6319737692202 37.0 64.10000000000001 6715.42335029478 124
2458801.547332176 2458802.55218667 -69.872006919895 225.0 -30.4 6620.91936960567 123
2458801.547332176 2458802.55218667 -33.671482810548 50.0 5.8 6657.11989371501 122
2458801.547332176 2458802.55218667 20.9398473637679 96.0 60.400000000000006 6711.73122388933 121
2458801.547332176 2458802.55218667 0.224610396483804 100.0 39.699999999999996 6691.01598692205 120
2458801.547332176 2458802.55218667 -3.3603323264089 244.0 36.1 6687.43104419915 119
2458801.547332176 2458802.55218667 -25.6806114483528 162.0 13.799999999999999 6665.11076507721 118
2458801.547332176 2458802.55218667 11.611820727933 114.0 51.1 6702.4031972535 117
2458801.547332176 2458802.55218667 6.25760857867608 34.0 45.8 6697.048985104239 116
2458801.547332176 2458802.55218667 13.801415170347799 35.0 53.3 6704.59279169591 115
2458801.547332176 2458802.55218667 36.1759133640236 209.0 75.7 6726.96728988959 114
2458801.547332176 2458802.55218667 8.91101086729407 46.0 48.4 6699.70238739286 113
2458801.547332176 2458802.55218667 22.620652899440202 82.0 62.1 6713.412029425001 112
2458801.547332176 2458802.55218667 4.70964129979556 32.0 44.2 6695.50101782536 111
2458801.547332176 2458802.55218667 4.79124895754612 27.0 44.3 6695.58262548311 110
2458801.547332176 2458802.55218667 -3.2469269970461 119.0 36.3 6687.54444952852 109
2458801.547332176 2458802.55218667 14.7650530288184 43.0 54.300000000000004 6705.55642955438 108
2458801.547332176 2458802.55218667 0.318654691107589 52.0 39.800000000000004 6691.11003121667 107
2458801.547332176 2458802.55218667 17.3041620467629 32.0 56.800000000000004 6708.09553857233 106
2458801.547332176 2458802.55218667 6.0316252184460195 36.0 45.5 6696.823001744009 105
2458801.547332176 2458802.55218667 -38.8591572034338 41.0 0.6 6651.93221932213 104
2458801.547332176 2458802.55218667 -5.6732677347594995 38.0 33.8 6685.1181087908 103
2458801.547332176 2458802.55218667 18.7785283836055 34.0 58.3 6709.56990490917 102
2458801.547332176 2458802.55218667 -9.8659243739831 42.0 29.6 6680.92545215158 101
2458801.547332176 2458802.55218667 -8.996482983000899 90.0 30.5 6681.79489354256 100
2458801.547332176 2458802.55218667 -16.6852991976194 90.0 22.8 6674.10607732794 99
2458801.547332176 2458802.55218667 7.16078315229485 90.0 46.699999999999996 6697.95215967786 98
2458801.547332176 2458802.55218667 14.2259823211841 66.0 53.699999999999996 6705.0173588467505 97
2458801.547332176 2458802.55218667 -5.8973605168973 100.0 33.6 6684.8940160086695 96
2458801.547332176 2458802.55218667 13.5305410814155 78.0 53.0 6704.32191760698 95
2458801.547332176 2458802.55218667 41.9470557963644 98.0 81.5 6732.738432321929 94
2458801.547332176 2458802.55218667 21.359213744026402 44.0 60.900000000000006 6712.15059026959 93
2458801.547332176 2458802.55218667 1.39101267215658 58.0 40.9 6692.18238919772 92
2458801.547332176 2458802.55218667 -46.266945484912696 31.0 -6.8 6644.52443104065 91
2458801.547332176 2458802.55218667 -31.300169404811797 69.0 8.200000000000001 6659.49120712075 90
2458801.547332176 2458802.55218667 -22.2458455024954 75.0 17.3 6668.54553102307 88
2458801.547332176 2458802.55218667 -9.6158290702979 22.0 29.9 6681.17554745527 87
2458801.547332176 2458802.55218667 -58.7100937063054 107.0 -19.2 6632.08128281926 86
2458801.547332176 2458802.55218667 2.72020816003415 91.0 42.2 6693.511584685601 85
2458801.547332176 2458802.55218667 41.4887814907079 139.0 81.0 6732.2801580162695 84
2458801.547332176 2458802.55218667 -38.6206983975903 17.0 0.9 6652.17067812797 83
2458801.547332176 2458802.55218667 6.5837167576408 80.0 46.1 6697.3750932832 82
2458801.547332176 2458802.55218667 -24.2329617671286 99.0 15.299999999999999 6666.55841475844 81
2458801.547332176 2458802.55218667 7.55758947273133 76.0 47.1 6698.348965998291 80
2458801.547332176 2458802.55218667 -10.3558796587615 27.0 29.2 6680.4354968668 79
2458801.547332176 2458802.55218667 -10.2593399554918 90.0 29.2 6680.53203657007 78
2458801.547332176 2458802.55218667 10.6431174302193 104.0 50.2 6701.43449395578 77
2458801.547332176 2458802.55218667 10.5263547121508 89.0 50.0 6701.31773123771 76
2458801.547332176 2458802.55218667 -38.6946947494327 289.0 0.8 6652.09668177613 75
2458801.547332176 2458802.55218667 -36.2558329675009 74.0 3.3 6654.5355435580595 74
2458801.547332176 2458802.55218667 38.0233380013175 117.0 77.5 6728.81471452688 73
2458801.547332176 2458802.55218667 44.7198416910721 157.0 84.2 6735.51121821664 72
2458801.547332176 2458802.55218667 -25.836273637772 126.0 13.700000000000001 6664.9551028877895 71
2458801.547332176 2458802.55218667 -14.2104902044116 42.0 25.3 6676.5808863211505 70
2458801.547332176 2458802.55218667 -24.505109754619202 38.0 15.0 6666.28626677094 69
2458801.547332176 2458802.55218667 -33.8829102305445 176.0 5.6 6656.90846629502 68
2458801.547332176 2458802.55218667 11.6775211291129 70.0 51.2 6702.46889765468 67
2458801.547332176 2458802.55218667 10.2886403950704 84.0 49.8 6701.08001692063 66
2458801.547332176 2458802.55218667 295.702685818698 1612.0 335.2 6986.49406234426 65
2458801.553130787 2458802.55798516 -107.095175188472 459.0 -60.699999999999996 6590.62276747309 148
2458801.553130787 2458802.55798516 -94.4669992091853 593.0 -48.0 6603.25094345238 147
2458801.553130787 2458802.55798516 155.01927672045701 288.0 201.4 6852.73721938202 146
2458801.553130787 2458802.55798516 19.6281005238967 567.0 66.10000000000001 6717.34604318546 145
2458801.553130787 2458802.55798516 -127.478650481956 418.0 -81.0 6570.23929217961 144
2458801.553130787 2458802.55798516 55.7973416600515 88.0 102.2 6753.51528432161 143
2458801.553130787 2458802.55798516 11.258080818014301 158.0 57.7 6708.976023479579 142
2458801.553130787 2458802.55798516 -43.713978858916 281.0 2.7 6654.003963802649 141
2458801.553130787 2458802.55798516 38.5665962839843 431.0 85.0 6736.28453894555 140
2458801.553130787 2458802.55798516 21.9170431442732 210.0 68.4 6719.63498580583 139
2458801.553130787 2458802.55798516 -38.4222937807364 161.0 8.0 6659.29564888083 138
2458801.553130787 2458802.55798516 -78.27972659538051 106.0 -31.8 6619.43821606618 137
2458801.553130787 2458802.55798516 -9.757359793764099 48.0 36.7 6687.9605828677995 136
2458801.553130787 2458802.55798516 26.2318117838065 354.0 72.7 6723.949754445371 135
2458801.553130787 2458802.55798516 -0.53337839165568 156.0 45.900000000000006 6697.18456426991 134
2458801.553130787 2458802.55798516 25.5637878871324 41.0 72.0 6723.28173054869 133
2458801.553130787 2458802.55798516 -12.1579155518896 113.0 34.3 6685.56002710967 132
2458801.553130787 2458802.55798516 43.492850543477104 158.0 89.89999999999999 6741.21079320504 131
2458801.553130787 2458802.55798516 36.3625980076332 124.0 82.8 6734.08054066919 130
2458801.553130787 2458802.55798516 22.6361493280285 306.0 69.1 6720.3540919895895 129
2458801.553130787 2458802.55798516 -3.1670380151629 28.0 43.3 6694.5509046464 128
2458801.553130787 2458802.55798516 22.2491626839165 49.0 68.7 6719.96710534548 127
2458801.553130787 2458802.55798516 23.7873321871165 34.0 70.2 6721.5052748486805 126
2458801.553130787 2458802.55798516 2.11187865468343 101.0 48.5 6699.82982131624 125
2458801.553130787 2458802.55798516 5.300359676089 76.0 51.7 6703.01830233765 124
2458801.553130787 2458802.55798516 12.193230132282899 360.0 58.6 6709.911172793851 123
2458801.553130787 2458802.55798516 31.476378325213396 57.0 77.89999999999999 6729.19432098677 122
2458801.553130787 2458802.55798516 -37.5573488782228 68.0 8.9 6660.16059378334 121
2458801.553130787 2458802.55798516 20.3576832701655 63.0 66.8 6718.07562593173 120
2458801.553130787 2458802.55798516 11.8779294219138 238.0 58.3 6709.595872083481 119
2458801.553130787 2458802.55798516 -37.025343890847196 50.0 9.4 6660.69259877072 118
2458801.553130787 2458802.55798516 35.4528571682629 263.0 81.9 6733.17079982982 117
2458801.553130787 2458802.55798516 3.4783158882598597 34.0 49.9 6701.19625854982 116
2458801.553130787 2458802.55798516 29.8514302158388 33.0 76.30000000000001 6727.5693728774 115
2458801.553130787 2458802.55798516 26.156706686895102 95.0 72.6 6723.87464934846 114
2458801.553130787 2458802.55798516 41.1895186008371 33.0 87.6 6738.9074612624 113
2458801.553130787 2458802.55798516 43.4539759682995 51.0 89.89999999999999 6741.17191862986 112
2458801.553130787 2458802.55798516 10.4878000848894 43.0 56.9 6708.20574274645 111
2458801.553130787 2458802.55798516 21.18906686683 31.0 67.6 6718.9070095283905 110
2458801.553130787 2458802.55798516 2.59540440295947 37.0 49.0 6700.31334706452 109
2458801.553130787 2458802.55798516 22.1573856717763 179.0 68.6 6719.87532833334 108
2458801.553130787 2458802.55798516 25.450947115103002 63.0 71.9 6723.16888977666 107
2458801.553130787 2458802.55798516 4.40384509499037 33.0 50.8 6702.12178775655 106
2458801.553130787 2458802.55798516 8.66688394724502 32.0 55.1 6706.38482660881 105
2458801.553130787 2458802.55798516 10.4084175059507 72.0 56.800000000000004 6708.12636016751 104
2458801.553130787 2458802.55798516 10.2818446306818 67.0 56.7 6707.99978729224 103
2458801.553130787 2458802.55798516 17.9831876808745 36.0 64.4 6715.70113034244 102
2458801.553130787 2458802.55798516 -1.5959780714363 41.0 44.8 6696.12196459013 101
2458801.553130787 2458802.55798516 9.84220837223937 69.0 56.300000000000004 6707.560151033799 100
2458801.553130787 2458802.55798516 -16.654521511418 54.0 29.8 6681.063421150139 99
2458801.553130787 2458802.55798516 5.40388455317498 89.0 51.8 6703.12182721474 98
2458801.553130787 2458802.55798516 -5.3977605358062 58.0 41.0 6692.32018212576 97
2458801.553130787 2458802.55798516 -33.1007534649697 112.0 13.299999999999999 6664.61718919659 96
2458801.553130787 2458802.55798516 14.2548403393805 50.0 60.699999999999996 6711.97278300094 95
2458801.553130787 2458802.55798516 19.0372743340044 69.0 65.5 6716.75521699557 94
2458801.553130787 2458802.55798516 21.8342270236276 35.0 68.3 6719.552169685189 93
2458801.553130787 2458802.55798516 17.8176730640152 58.0 64.3 6715.53561572558 92
2458801.553130787 2458802.55798516 -70.5592865829567 36.0 -24.1 6627.1586560786 91
2458801.553130787 2458802.55798516 17.6597405965833 62.0 64.10000000000001 6715.37768325815 90
2458801.553130787 2458802.55798516 28.8420222079706 69.0 75.30000000000001 6726.55996486953 88
2458801.553130787 2458802.55798516 -32.761410507117 37.0 13.700000000000001 6664.9565321544505 87
2458801.553130787 2458802.55798516 1.60484825649654 102.0 48.0 6699.3227909180605 86
2458801.553130787 2458802.55798516 41.1537997819931 105.0 87.6 6738.87174244355 85
2458801.553130787 2458802.55798516 -55.9048499665629 159.0 -9.5 6641.813092695 84
2458801.553130787 2458802.55798516 -39.3177251786119 17.0 7.1000000000000005 6658.40021748295 83
2458801.553130787 2458802.55798516 48.4155219507931 82.0 94.8 6746.13346461235 82
2458801.553130787 2458802.55798516 -37.1238583132856 94.0 9.299999999999999 6660.59408434828 81
2458801.553130787 2458802.55798516 6.5614122751504995 99.0 53.0 6704.27935493671 80
2458801.553130787 2458802.55798516 12.4584218361683 40.0 58.9 6710.17636449773 79
2458801.553130787 2458802.55798516 16.4929969637591 132.0 62.9 6714.21093962532 78
2458801.553130787 2458802.55798516 -17.210632517757702 130.0 29.2 6680.5073101438 77
2458801.553130787 2458802.55798516 -28.0714523482244 99.0 18.4 6669.64649031334 76
2458801.553130787 2458802.55798516 -42.4553800639336 391.0 4.0 6655.262562597631 75
2458801.553130787 2458802.55798516 -54.9107841253935 63.0 -8.5 6642.80715853617 74
2458801.553130787 2458802.55798516 -33.2672800380331 130.0 13.2 6664.45066262353 73
2458801.553130787 2458802.55798516 26.6508043886349 152.0 73.1 6724.3687470502 72
2458801.553130787 2458802.55798516 -66.51150017473829 160.0 -20.1 6631.20644248682 71
2458801.553130787 2458802.55798516 -29.9909726410377 48.0 16.400000000000002 6667.72697002052 70
2458801.553130787 2458802.55798516 -45.6367260019466 50.0 0.8 6652.08121665961 69
2458801.553130787 2458802.55798516 44.5996255531087 124.0 91.0 6742.31756821467 68
2458801.553130787 2458802.55798516 38.1356812747304 93.0 84.6 6735.85362393629 67
2458801.553130787 2458802.55798516 38.229029275321096 50.0 84.7 6735.94697193688 66
2458801.553130787 2458802.55798516 542.12395791502 1905.0 588.5 7239.84190057658 65
