2458718.440040509 -61.753655471405835 89.30006298989942 foces
2458718.455480324 -71.20150427727049 90.12765079319443 foces
2458718.4774247687 -84.20415014341052 96.64259380573351 foces
2458718.499346065 -75.9873362166885 94.32212094731543 foces
2458718.5222164355 -62.28199140003571 126.32674276454689 foces
2458718.5292418986 -89.55334491748897 101.97012276887777 foces
2458718.5352835646 -71.73313106167006 100.93687848105866 foces
2458718.5492766206 -91.23612018123438 102.79284994589848 foces
2458718.568755787 -86.43582032204435 104.14900833661356 foces
2458718.588501158 -71.31392838263119 99.3164764779742 foces
2458718.6079918984 -84.80657863932393 98.88847727364399 foces
2458726.2978414353 -118.83680488403766 95.70855989669889 foces
2458726.3119039354 -89.00108268014739 102.96291808219112 foces
2458726.3275057874 -106.14517042179097 100.00697944393681 foces
2458726.3416030095 -117.71994156337158 97.31735938413043 foces
2458726.3605034724 -125.41402029399305 97.3117220585475 foces
2458726.382251158 -121.92780920281655 98.33571801486988 foces
2458726.401221065 -124.75517751186052 96.39586836322397 foces
2458726.4199826387 -122.472307212723 95.84477685299288 foces
2458726.444068287 -116.2038055005109 96.91065956591154 foces
2458726.4634664357 -113.204754644432 98.55217526772304 foces
2458726.4842881947 -123.2764130910808 100.41193125072338 foces
2458726.504994213 -111.64267106817294 101.1495103176481 foces
2458726.52447338 -117.6090097176963 103.78601784440909 foces
2458726.5408043982 -128.2750885914943 102.0292972630901 foces
2458726.5571585647 -113.1229908205907 99.63822057825 foces
2458726.577644676 -121.47744946637286 101.43285340559045 foces
2458726.597158565 -113.79038359149894 97.99362702492445 foces
2458726.6163483798 -120.40040619122345 98.9576803487228 foces
2458726.6353761577 -140.88138559922393 110.12882229462005 foces
2458727.4750057873 243.11172556793915 110.39138751505936 foces
2458727.492042824 -50.67934879577362 97.55132463221604 foces
2458727.507459491 -111.19332708137117 100.77078569704615 foces
2458727.525978009 -107.65283790048093 96.93846469539324 foces
2458727.5474363426 -124.32260631381655 127.07141077952981 foces
2458730.5883159726 -119.25675057639685 95.09465514685881 foces
2458730.597552084 -116.06338534706808 101.12534919593604 foces
2458730.615746528 -132.2992345327176 101.05424904475814 foces
2458730.6349016204 -129.1859596383826 102.47575932873102 foces
2458730.6501099537 -140.22569531553376 103.19219174675959 foces
2458731.378767361 -124.70289035164018 95.68061944563277 foces
2458731.401070602 -129.07740814953826 95.15401331525645 foces
2458731.4230034724 -130.1172313836888 101.82738304356054 foces
2458731.44572338 -132.31141838270176 98.14950967783794 foces
2458731.467644676 -137.41971838845691 100.70010395972787 foces
2458731.4895775467 -138.75389851579553 99.70262502813053 foces
2458736.4862094913 -186.52179104608595 105.854203978869 foces
2458737.4435706018 -161.69693640477917 100.00721848946705 foces
2458737.452575232 -165.96838266978781 105.16549309302934 foces
2458737.4629340284 -157.60457962904812 98.58586834582327 foces
2458737.4732812503 -172.81703924632598 104.77276602247362 foces
2458737.483640047 -159.232770922016 106.42280065850551 foces
2458737.498130787 -187.64604362514007 115.28445797244311 foces
2458737.5458506946 -173.00495647750012 100.50708308373096 foces
2458737.5634548613 -182.28643306370867 100.30966273246064 foces
2458737.580758102 -174.29203672941142 106.69618520593883 foces
2458739.4591030097 -173.53635136379327 107.7849638748374 foces
2458739.4740798613 -187.28954868130833 106.86073150367258 foces
2458739.4890567134 -180.83181810454184 108.3662813678683 foces
2458739.504913195 -174.51632415977713 105.64968646427685 foces
2458739.51990162 -176.21534803883642 109.15376052843989 foces
2458739.5348900463 -177.40727680126844 109.6196421153618 foces
2458740.3116377313 -175.27513725905828 102.81623625429984 foces
2458740.3341145837 -183.4104604904035 105.43513408726714 foces
2458740.35634838 -190.52054542191078 106.68179759218535 foces
2458740.3867650465 -191.6769056076891 111.070028585573 foces
2458740.3993229168 -203.67163958348854 105.92091831880991 foces
2458740.411383102 -201.647709054605 104.7331967429621 foces
2458740.4233275466 -199.43738293353007 107.34031599310671 foces
2458740.435491898 -202.40814396302326 112.47173394902384 foces
2458741.2920775465 -173.64927717561645 112.48235833898579 foces
2458741.3044386576 -177.67122401458536 107.3766894512026 foces
2458741.316209491 -178.86737191090901 108.25673622227858 foces
2458741.3280729167 -181.6469034865767 109.47707950753893 foces
2458741.3459085654 -189.71908086197269 112.8861857691188 foces
2458741.3634432876 -183.02873000276705 110.59824252672371 foces
2458741.38578125 -188.4255785887159 111.75164847777415 foces
2458741.4081655093 -190.354581714597 111.79515866082932 foces
2458742.326869213 -176.26175719344715 109.97309187933199 foces
2458742.349311343 -188.55897555802073 106.28877380749108 foces
2458742.3712326395 -189.6152090398368 107.67991340078241 foces
2458742.389959491 -702.3297865013593 113.84273554996821 foces
2458742.4020775463 -200.53571230968248 110.07388995579288 foces
2458742.414346065 -201.42445805635424 111.60119286996893 foces
2458742.4262210648 -194.90223807400955 112.38471871210962 foces
2458742.437899306 -199.46198791020515 107.80190165298573 foces
2458742.449681713 -197.55644753990188 111.62839020607618 foces
2458745.4851099537 -210.4727392527562 113.0943466756849 foces
2458745.4959317134 -198.15529761145396 116.03252238058087 foces
2458745.510908565 -201.65702601385902 121.29819016580588 foces
2458745.5258854167 -209.0946267943436 116.55798449698759 foces
2458745.5460358798 -192.0591823602853 117.34859394129954 foces
2458745.56796875 -204.8947656489565 117.79119634972726 foces
2458745.589901621 -204.5912481300686 117.35371212705631 foces
2458747.4266724535 -208.53087322125805 116.76142743860235 foces
2458747.448894676 -204.59580299956087 114.40545223021498 foces
2458747.470815973 -202.7599778463615 114.89193291959188 foces
2458747.488987269 -201.2968944730107 113.52923081744188 foces
2458747.501209491 -217.53474137731305 117.52817747246827 foces
2458747.5127141206 -219.5391246730873 118.19921742549738 foces
2458747.530086806 -214.80270935099819 121.61589637049919 foces
2458747.543003472 -221.40851618120115 118.78567885060893 foces
2458749.3150868057 -228.38772249438068 109.10457139826912 foces
2458749.3275057874 -221.453577600861 109.61886812953325 foces
2458749.344924769 -218.76258620058175 106.89624642614915 foces
2458749.3620659728 -245.6774072418615 112.61890383057369 foces
2458749.3738136576 -235.00614158963776 113.13574258385368 foces
2458749.390746528 -239.79565346783585 112.82815473098903 foces
2458749.4105497687 -236.1887183002149 111.040307996691 foces
2458749.4266493055 -239.27198955808103 113.03882629433127 foces
2458749.4455150464 -232.99306136824333 109.96166803709374 foces
2458757.62833912 -248.34154810860522 123.60898404849058 foces
2458757.6505150464 -244.79842567368567 123.96615843648623 foces
2458757.6712326393 -250.85444370083619 122.07040360996601 foces
2458757.683755787 -250.77905424343544 120.85281854388008 foces
2458768.5892534726 -300.0347427585119 148.61495024895714 foces
2458768.600607639 -308.42653509260595 139.98418995550892 foces
2458768.6155844913 -317.8837616268703 143.22049761643757 foces
2458768.630584491 -311.45090676248265 145.5742679871687 foces
2458768.6440219907 -318.49806794419374 139.29909367975085 foces
2458768.654369213 -319.7871222277954 142.1221525660233 foces
2458768.6647280096 -305.85617284495316 131.79076693759697 foces
2458768.67634838 -323.56200476671916 132.86825241569187 foces
2458769.5674594906 -299.23067136442097 122.7432941141796 foces
2458769.590700232 -301.5276286795844 124.41903366245859 foces
2458769.6129456023 -290.5751166544746 124.35804658324284 foces
2458769.635144676 -300.40876724116913 124.35034177677198 foces
2458769.657482639 -298.458802088646 121.79096205178774 foces
2458771.55333912 -321.4370197693321 135.35897065765533 foces
2458771.562355324 -323.91591046734254 131.1624994043648 foces
2458771.575017361 -319.3633294699614 129.68982708755536 foces
2458771.5876793987 -318.46275594582926 132.80682399635947 foces
2458771.618200232 -321.7456046861388 127.32747518701534 foces
2458771.630873843 -316.49710175463224 127.45378941993057 foces
2458771.64353588 -321.99513190747336 127.5375728952061 foces
2458771.656209491 -319.26566458825675 129.35936378940644 foces
2458801.5748900464 -262.97692480036847 76.5929255871585 foces
2458801.5868807873 -234.15951515711475 80.02222347573205 foces
2458801.6020543985 -217.31486453429366 94.65923092863157 foces
2458801.6231770837 -267.00177409562497 73.87899523883634 foces
2458801.6453414354 -228.20234367945224 81.40063728251762 foces
2458801.6674710647 24620.15112477474 162.82561991283805 foces
2458806.4089756943 -265.0854129264868 272.4859491790357 foces
2458807.56197338 -220.49970425194604 87.79036642764399 foces
2458807.576765046 -278.4393823050901 76.74302085531947 foces
2458807.5967418985 -268.67917573336405 76.11055076334686 foces
2458807.6165682874 -275.59360686637547 76.26495550054429 foces
2458807.6364293983 -249.3400053877917 79.55352757734883 foces
2458871.5097511574 -105.79618115672498 15.859332820140954 foces
2458871.522783565 -104.49004338487228 15.625819978484328 foces
2458871.5416608797 -111.34879871749189 7.195028665682995 foces
2458871.560318287 -112.61561136253658 106.87848896491087 foces
2458871.5791030093 -106.85482872275173 11.17620239616302 foces
2458871.59791088 -99.75214294893897 11.200502220882777 foces
2458913.265144676 -43.38591100795688 43.25720676950836 foces
2458913.280306713 -34.449739436656984 35.66514404849644 foces
2458913.3262094907 -63.49121064209527 42.050784029551714 foces
2458913.3408159725 -47.65308950319741 36.98315072435014 foces
