2458801.500225695 -3.6117895347621545 8.074709747105464
2458801.506174769 -3.336645790524005 2.302715787933891
2458801.5119039356 -2.471866545500127 4.2662923012845715
2458801.5176678244 -2.2496690251427935 4.32524845208718
2458801.523420139 -8.851394975106508 4.384204602889788
2458801.529172454 -8.27086000194188 5.866110295587699
2458801.5349247684 -4.7225279596038865 9.420323773629017
2458801.541545139 -3.3410149399979527 3.919343057197213
2458801.547332176 -8.930200004682385 7.293318860436585
2458801.553130787 -1.4676716111736177 4.119883190091681
