202008270001 2458801.194982639 -5675.175895125459 14.0 86
202008270001 2458801.194982639 -5671.575963280666 11.0 89
202008270001 2458801.194982639 -5673.07593488821 13.0 90
202008270001 2458801.194982639 -5680.275798544512 11.0 92
202008270001 2458801.194982639 -5656.176254896363 20.0 94
202008270001 2458801.194982639 -5683.1757436324615 24.0 95
202008270001 2458801.194982639 -5669.37600494956 20.0 98
202008270001 2458801.194982639 -5689.575622438064 18.0 99
202008270001 2458801.194982639 -5674.975898871179 14.0 100
202008270001 2458801.194982639 -5684.3757208918705 25.0 101
202008270001 2458801.194982639 -5677.475851583703 8.0 102
202008270001 2458801.194982639 -5673.175932982066 26.0 103
202008270001 2458801.194982639 -5674.7759026834665 9.0 104
202008270001 2458801.194982639 -5680.375796638369 11.0 105
202008270001 2458801.194982639 -5674.175914020479 13.0 106
202008270002 2458801.194982639 -5670.175989800261 14.0 86
202008270002 2458801.194982639 -5667.976031435872 13.0 90
202008270002 2458801.194982639 -5675.275893219315 11.0 92
202008270002 2458801.194982639 -5651.276347665022 20.0 94
202008270002 2458801.194982639 -5678.175838307264 24.0 95
202008270002 2458801.194982639 -5664.276101530507 20.0 98
202008270002 2458801.194982639 -5684.575717112866 19.0 99
202008270002 2458801.194982639 -5669.975993612548 14.0 100
202008270002 2458801.194982639 -5679.375815599956 25.0 101
202008270002 2458801.194982639 -5672.475946225222 7.0 102
202008270002 2458801.194982639 -5668.176027656868 26.0 103
202008270002 2458801.194982639 -5669.775997324985 9.0 104
202008270002 2458801.194982639 -5675.3758913131705 11.0 105
202008270002 2458801.194982639 -5669.176008761848 13.0 106
202008270003 2458801.194982639 -5676.875862920715 0.0 86
202008270003 2458801.194982639 -5676.875862920715 0.0 90
202008270003 2458801.194982639 -5676.875862920715 0.0 92
202008270003 2458801.194982639 -5676.875862920715 0.0 94
202008270003 2458801.194982639 -5676.875862920715 0.0 95
202008270003 2458801.194982639 -5676.875862920715 0.0 98
202008270003 2458801.194982639 -5676.875862920715 0.0 99
202008270003 2458801.194982639 -5676.875862920715 0.0 100
202008270003 2458801.194982639 -5676.875862920715 0.0 101
202008270003 2458801.194982639 -5676.875862920715 0.0 102
202008270003 2458801.194982639 -5676.875862920715 0.0 103
202008270003 2458801.194982639 -5676.875862920715 0.0 104
202008270003 2458801.194982639 -5676.875862920715 0.0 105
202008270003 2458801.194982639 -5676.875862920715 0.0 106
202008270004 2458801.194982639 -5661.676150790693 20.0 86
202008270004 2458801.194982639 -5676.375872351584 16.0 90
202008270004 2458801.194982639 -5668.276025750724 14.0 92
202008270004 2458801.194982639 -5648.676396925209 19.0 94
202008270004 2458801.194982639 -5682.375758781762 41.0 95
202008270004 2458801.194982639 -5664.376099624363 26.0 98
202008270004 2458801.194982639 -5684.175724704158 17.0 99
202008270004 2458801.194982639 -5677.375853456563 19.0 100
202008270004 2458801.194982639 -5681.9757663397695 15.0 101
202008270004 2458801.194982639 -5666.576057955467 20.0 102
202008270004 2458801.194982639 -5670.075991706404 24.0 103
202008270004 2458801.194982639 -5672.475946225222 11.0 104
202008270004 2458801.194982639 -5678.975823157964 11.0 105
202008270004 2458801.194982639 -5672.675942446218 11.0 106
