2458737.6209085654 2458738.62419209 19585.4971752673 91.0 -89.6 190.48801888700402 103
2458737.6209085654 2458738.62419209 19617.230603569802 147.0 -57.9 222.221447189489 102
2458737.6209085654 2458738.62419209 19628.2084961223 122.0 -46.9 233.199339741975 101
2458737.6209085654 2458738.62419209 19624.8384067059 126.0 -50.3 229.829250325545 100
2458737.6209085654 2458738.62419209 19592.379873773003 249.0 -82.69999999999999 197.370717392683 99
2458737.6209085654 2458738.62419209 19582.3047401479 239.0 -92.8 187.29558376755 98
2458737.6209085654 2458738.62419209 19612.3639267175 168.0 -62.7 217.354770337124 97
2458737.6209085654 2458738.62419209 19555.702774474197 203.0 -119.4 160.693618093877 96
2458737.6209085654 2458738.62419209 19686.9196304623 300.0 11.799999999999999 291.910474081959 95
2458737.6209085654 2458738.62419209 19663.1921940861 143.0 -11.9 268.183037705803 94
2458737.6209085654 2458738.62419209 19599.014578904298 77.0 -76.1 204.00542252397 93
2458737.6209085654 2458738.62419209 19607.5382297645 100.0 -67.6 212.529073384161 92
2458737.6209085654 2458738.62419209 19613.2919204456 177.0 -61.800000000000004 218.282764065269 91
2458737.6209085654 2458738.62419209 19674.0695265363 198.0 -1.0 279.060370155932 90
2458737.6209085654 2458738.62419209 19617.666013802802 64.0 -57.4 222.65685742243198 89
2458737.6209085654 2458738.62419209 19630.8500825808 107.0 -44.3 235.840926200426 88
2458737.6209085654 2458738.62419209 19717.0469428795 361.0 41.9 322.037786499119 87
2458737.6209085654 2458738.62419209 19623.598420862203 318.0 -51.5 228.589264481902 86
2458737.6289525465 2458738.6322366 19573.999630468697 53.0 -87.9 192.223562386569 103
2458737.6289525465 2458738.6322366 19604.938310491998 43.0 -56.9 223.162242409919 102
2458737.6289525465 2458738.6322366 19612.362075459798 32.0 -49.5 230.58600737766898 101
2458737.6289525465 2458738.6322366 19611.222118711103 101.0 -50.6 229.446050628974 100
2458737.6289525465 2458738.6322366 19609.7846467717 80.0 -52.1 228.00857868961998 99
2458737.6289525465 2458738.6322366 19581.9154934563 93.0 -80.0 200.13942537415 98
2458737.6289525465 2458738.6322366 19588.73568333 107.0 -73.1 206.95961524789598 97
2458737.6289525465 2458738.6322366 19603.981777961402 54.0 -57.9 222.20570987925402 96
2458737.6289525465 2458738.6322366 19665.587773784002 43.0 3.7 283.811705701939 95
2458737.6289525465 2458738.6322366 19645.506863477098 50.0 -16.400000000000002 263.730795395039 94
2458737.6289525465 2458738.6322366 19679.3450539108 34.0 17.5 297.56898582869104 93
2458737.6289525465 2458738.6322366 19630.783422524397 86.0 -31.099999999999998 249.007354442305 92
2458737.6289525465 2458738.6322366 19625.885901710197 71.0 -36.0 244.109833628138 91
2458737.6289525465 2458738.6322366 19654.131849616002 54.0 -7.7 272.355781533879 90
2458737.6289525465 2458738.6322366 19672.5350405141 65.0 10.7 290.758972432037 89
2458737.6289525465 2458738.6322366 19658.837129372303 31.0 -3.0 277.061061290173 88
2458737.6289525465 2458738.6322366 19665.8523661825 137.0 4.0 284.07629810035803 87
2458737.6289525465 2458738.6322366 19655.9932514573 161.0 -5.8999999999999995 274.21718337523697 86
2458737.636996528 2458738.64028109 19591.8624284027 35.0 -57.0 223.053273591881 103
2458737.636996528 2458738.64028109 19584.3150696463 32.0 -64.60000000000001 215.50591483556101 102
2458737.636996528 2458738.64028109 19614.2746901631 27.0 -34.6 245.465535352377 101
2458737.636996528 2458738.64028109 19618.3770803356 61.0 -30.5 249.567925524796 100
2458737.636996528 2458738.64028109 19623.5183703625 57.0 -25.4 254.70921555174098 99
2458737.636996528 2458738.64028109 19575.848493661902 76.0 -73.1 207.03933885115 98
2458737.636996528 2458738.64028109 19586.5843828326 47.0 -62.300000000000004 217.77522802181602 97
2458737.636996528 2458738.64028109 19586.432537679102 39.0 -62.5 217.62338286836 96
2458737.636996528 2458738.64028109 19683.089717867697 36.0 34.2 314.280563056907 95
2458737.636996528 2458738.64028109 19686.2943979102 94.0 37.400000000000006 317.48524309939 94
2458737.636996528 2458738.64028109 19617.0605902168 38.0 -31.8 248.25143540601098 93
2458737.636996528 2458738.64028109 19549.1632911622 80.0 -99.7 180.354136351449 92
2458737.636996528 2458738.64028109 19634.710312288098 33.0 -14.200000000000001 265.90115747732 91
2458737.636996528 2458738.64028109 19676.027900318 124.0 27.099999999999998 307.218745507224 90
2458737.636996528 2458738.64028109 19604.2027908438 39.0 -44.699999999999996 235.393636033 89
2458737.636996528 2458738.64028109 19607.4782361941 39.0 -41.4 238.669081383368 88
2458737.636996528 2458738.64028109 19606.299586599 89.0 -42.6 237.490431788243 87
2458737.636996528 2458738.64028109 19628.2476084915 170.0 -20.7 259.438453680711 86
2458737.647297454 2458738.65058269 19632.7018906744 0.0 0.0 280.091836306125 103
2458737.647297454 2458738.65058269 19632.7018944687 0.0 0.0 280.091840100461 102
2458737.647297454 2458738.65058269 19632.7019487876 0.0 0.0 280.091894419384 101
2458737.647297454 2458738.65058269 19632.7014616481 0.0 -0.0 280.09140727983 100
2458737.647297454 2458738.65058269 19632.7015548423 0.0 -0.0 280.09150047406 99
2458737.647297454 2458738.65058269 19632.7016427111 0.0 -0.0 280.091588342906 98
2458737.647297454 2458738.65058269 19632.7015032526 0.0 -0.0 280.09144888439704 97
2458737.647297454 2458738.65058269 19632.701481684802 0.0 -0.0 280.091427316589 96
2458737.647297454 2458738.65058269 19632.7013678547 0.0 -0.0 280.091313486494 95
2458737.647297454 2458738.65058269 19632.701617482096 0.0 -0.0 280.091563113896 94
2458737.647297454 2458738.65058269 19632.701446271 0.0 -0.0 280.091391902782 93
2458737.647297454 2458738.65058269 19632.701513504 0.0 -0.0 280.091459135762 92
2458737.647297454 2458738.65058269 19632.7013078776 0.0 -0.0 280.09125350935 91
2458737.647297454 2458738.65058269 19632.7014772248 0.0 -0.0 280.09142285658 90
2458737.647297454 2458738.65058269 19632.7018480047 0.0 -0.0 280.091793636481 89
2458737.647297454 2458738.65058269 19632.7014631126 0.0 -0.0 280.09140874431097 88
2458737.647297454 2458738.65058269 19632.7006801479 0.0 -0.0 280.090625779643 87
2458737.647297454 2458738.65058269 19632.702683890402 0.0 0.0 280.092629522158 86
2458737.6567650465 2458738.6600509 19684.2419507878 66.0 66.0 346.073961713333 103
2458737.6567650465 2458738.6600509 19547.4968844297 51.0 -70.8 209.328895355233 102
2458737.6567650465 2458738.6600509 19633.9664168669 56.0 15.7 295.798427792393 101
2458737.6567650465 2458738.6600509 19560.4852647621 46.0 -57.8 222.317275687648 100
2458737.6567650465 2458738.6600509 19598.560184584698 113.0 -19.7 260.392195510156 99
2458737.6567650465 2458738.6600509 19599.8193081297 87.0 -18.4 261.651319055221 98
2458737.6567650465 2458738.6600509 19563.9162308464 51.0 -54.300000000000004 225.748241771908 97
2458737.6567650465 2458738.6600509 19579.1413814725 51.0 -39.1 240.97339239796202 96
2458737.6567650465 2458738.6600509 19693.4015442298 44.0 75.1 355.23355515529096 95
2458737.6567650465 2458738.6600509 19693.338797353503 125.0 75.1 355.170808278965 94
2458737.6567650465 2458738.6600509 19624.2275161085 64.0 6.0 286.059527033952 93
2458737.6567650465 2458738.6600509 19625.1539102242 87.0 6.8999999999999995 286.985921149704 92
2458737.6567650465 2458738.6600509 19673.7026964502 64.0 55.4 335.534707375653 91
2458737.6567650465 2458738.6600509 19647.7143810321 74.0 29.5 309.546391957634 90
2458737.6567650465 2458738.6600509 19663.365520487 65.0 45.1 325.197531412506 89
2458737.6567650465 2458738.6600509 19594.5866780384 36.0 -23.7 256.418688963941 88
2458737.6567650465 2458738.6600509 19667.564011551 244.0 49.3 329.39602247650504 87
2458737.6567650465 2458738.6600509 19644.0004617551 145.0 25.7 305.832472680576 86
2458739.5693807867 2458740.57278904 19524.744651653302 124.0 349.7 629.782558583857 103
2458739.5693807867 2458740.57278904 19460.952424568302 77.0 285.9 565.9903314988201 102
2458739.5693807867 2458740.57278904 19555.1092850414 96.0 380.09999999999997 660.147191971878 101
2458739.5693807867 2458740.57278904 19442.354119301002 120.0 267.29999999999995 547.3920262315411 100
2458739.5693807867 2458740.57278904 19494.400420412698 99.0 319.29999999999995 599.438327343259 99
2458739.5693807867 2458740.57278904 19563.123255791703 126.0 388.1 668.161162722218 98
2458739.5693807867 2458740.57278904 19468.3258739047 192.0 293.3 573.3637808351671 97
2458739.5693807867 2458740.57278904 19307.2680526264 86.0 132.20000000000002 412.305959556882 96
2458739.5693807867 2458740.57278904 19520.6579035333 117.0 345.6 625.695810463856 95
2458739.5693807867 2458740.57278904 19509.4679971029 99.0 334.4 614.505904033397 94
2458739.5693807867 2458740.57278904 19504.78450902 95.0 329.7 609.822415950497 93
2458739.5693807867 2458740.57278904 19499.3193874825 130.0 324.29999999999995 604.3572944130619 92
2458739.5693807867 2458740.57278904 19301.8264397994 207.0 126.8 406.86434672996404 91
2458739.5693807867 2458740.57278904 19551.4230562996 146.0 376.40000000000003 656.460963230144 90
2458739.5693807867 2458740.57278904 19481.701023272697 104.0 306.59999999999997 586.738930203167 89
2458739.5693807867 2458740.57278904 19334.3062922438 102.0 159.3 439.34419917431 88
2458739.5693807867 2458740.57278904 19461.696206454002 129.0 286.6 566.734113384556 87
2458739.5693807867 2458740.57278904 19481.199630526302 276.0 306.09999999999997 586.237537456796 86
2458739.57322338 2458740.57663188 19537.946955920903 134.0 369.7 649.780531417911 103
2458739.57322338 2458740.57663188 19484.1848752096 84.0 315.90000000000003 596.01845070671 102
2458739.57322338 2458740.57663188 19561.125258143602 186.0 392.90000000000003 672.958833640629 101
2458739.57322338 2458740.57663188 19463.7037118603 147.0 295.4 575.537287357339 100
2458739.57322338 2458740.57663188 19521.6172747351 147.0 353.4 633.450850232122 99
2458739.57322338 2458740.57663188 19643.3361035662 258.0 475.1 755.1696790632429 98
2458739.57322338 2458740.57663188 19560.0060916297 132.0 391.7 671.839667126757 97
2458739.57322338 2458740.57663188 19330.5377876165 108.0 162.3 442.37136311354703 96
2458739.57322338 2458740.57663188 19480.8275388911 162.0 312.59999999999997 592.661114388132 95
2458739.57322338 2458740.57663188 19584.7191586376 112.0 416.5 696.552734134613 94
2458739.57322338 2458740.57663188 19537.9256037248 116.0 369.7 649.759179221879 93
2458739.57322338 2458740.57663188 19497.9949398827 158.0 329.7 609.8285153797231 92
2458739.57322338 2458740.57663188 19190.2396320571 251.0 22.0 302.073207554137 91
2458739.57322338 2458740.57663188 19626.8227249701 211.0 458.6 738.656300467195 90
2458739.57322338 2458740.57663188 19545.0623613511 117.0 376.8 656.8959368481189 89
2458739.57322338 2458740.57663188 19337.8155142301 112.0 169.6 449.64908972718496 88
2458739.57322338 2458740.57663188 19397.9269792138 214.0 229.7 509.760554710891 87
2458739.57322338 2458740.57663188 19503.1416824377 251.0 334.9 614.975257934802 86
2458739.5770891206 2458740.58049787 19475.981008585903 120.0 314.5 594.6375272954369 103
2458739.5770891206 2458740.58049787 19490.1308730016 89.0 328.7 608.787391711166 102
2458739.5770891206 2458740.58049787 19603.529588768703 115.0 442.09999999999997 722.186107478274 101
2458739.5770891206 2458740.58049787 19472.2246560454 243.0 310.8 590.881174754958 100
2458739.5770891206 2458740.58049787 19529.8417260036 127.0 368.4 648.4982447132201 99
2458739.5770891206 2458740.58049787 19564.024989242702 192.0 402.6 682.681507952262 98
2458739.5770891206 2458740.58049787 19463.875710617 101.0 302.4 582.5322293266 97
2458739.5770891206 2458740.58049787 19315.6462363395 204.0 154.20000000000002 434.302755049083 96
2458739.5770891206 2458740.58049787 19478.9133015977 117.0 317.5 597.5698203072291 95
2458739.5770891206 2458740.58049787 19551.986017674 137.0 390.6 670.642536383562 94
2458739.5770891206 2458740.58049787 19554.0472682179 138.0 392.6 672.703786927498 93
2458739.5770891206 2458740.58049787 19530.1687855626 151.0 368.70000000000005 648.82530427214 92
2458739.5770891206 2458740.58049787 19282.0239656206 171.0 120.6 400.680484330155 91
2458739.5770891206 2458740.58049787 19576.5161354881 243.0 415.1 695.172654197691 90
2458739.5770891206 2458740.58049787 19548.5010988538 113.0 387.1 667.157617563367 89
2458739.5770891206 2458740.58049787 19296.714060546103 171.0 135.3 415.37057925571105 88
2458739.5770891206 2458740.58049787 19426.3945350289 239.0 265.0 545.0510537384649 87
2458739.5770891206 2458740.58049787 19556.219403719802 265.0 394.8 674.8759224294109 86
2458739.5809664354 2458740.58437543 19516.506420460002 124.0 361.9 641.982668301803 103
2458739.5809664354 2458740.58437543 19486.0769887244 92.0 331.5 611.553236566182 102
2458739.5809664354 2458740.58437543 19628.2257030431 138.0 473.6 753.701950884844 101
2458739.5809664354 2458740.58437543 19507.1140700349 267.0 352.5 632.590317876702 100
2458739.5809664354 2458740.58437543 19558.0129204502 139.0 403.4 683.489168291979 99
2458739.5809664354 2458740.58437543 19579.320198261 229.0 424.70000000000005 704.796446102811 98
2458739.5809664354 2458740.58437543 19486.8371381796 86.0 332.2 612.313386021417 97
2458739.5809664354 2458740.58437543 19329.7510585485 234.0 175.1 455.22730639033097 96
2458739.5809664354 2458740.58437543 19526.6641959326 225.0 372.0 652.140443774372 95
2458739.5809664354 2458740.58437543 19532.6739483451 104.0 378.09999999999997 658.150196186911 94
2458739.5809664354 2458740.58437543 19409.8852715864 192.0 255.30000000000004 535.361519428194 93
2458739.5809664354 2458740.58437543 19501.3716477344 150.0 346.8 626.847895576226 92
2458739.5809664354 2458740.58437543 19147.9891667025 270.0 -6.6 273.465414544279 91
2458739.5809664354 2458740.58437543 19581.5583922962 191.0 426.9 707.034640138016 90
2458739.5809664354 2458740.58437543 19543.704981778697 138.0 389.1 669.181229620454 89
2458739.5809664354 2458740.58437543 19310.24441395 212.0 155.6 435.720661791767 88
2458739.5809664354 2458740.58437543 19399.0808772676 451.0 244.5 524.557125109425 87
2458739.5809664354 2458740.58437543 19422.2077370741 352.0 267.6 547.68398491593 86
2458739.58484375 2458740.58825299 19517.401922688598 100.0 369.59999999999997 649.676579511549 103
2458739.58484375 2458740.58825299 19473.0835916165 98.0 325.29999999999995 605.35824843948 102
2458739.58484375 2458740.58825299 19548.5353890374 109.0 400.7 680.810045860331 101
2458739.58484375 2458740.58825299 19462.376376845998 172.0 314.59999999999997 594.651033668938 100
2458739.58484375 2458740.58825299 19495.3196995072 103.0 347.5 627.5943563301059 99
2458739.58484375 2458740.58825299 19564.0770913066 154.0 416.3 696.351748129591 98
2458739.58484375 2458740.58825299 19479.5457084892 152.0 331.7 611.820365312141 97
2458739.58484375 2458740.58825299 19315.677036266 222.0 167.9 447.951693088995 96
2458739.58484375 2458740.58825299 19526.847453735398 179.0 379.0 659.12211055839 95
2458739.58484375 2458740.58825299 19606.596886169802 131.0 458.8 738.871542992703 94
2458739.58484375 2458740.58825299 19544.5282498917 198.0 396.7 676.8029067146811 93
2458739.58484375 2458740.58825299 19507.791672238 139.0 360.0 640.066329060901 92
2458739.58484375 2458740.58825299 19283.9277439092 192.0 136.1 416.202400732122 91
2458739.58484375 2458740.58825299 19498.3825248842 166.0 350.6 630.657181707168 90
2458739.58484375 2458740.58825299 19537.2712311026 137.0 389.5 669.545887925541 89
2458739.58484375 2458740.58825299 19313.0916160396 105.0 165.3 445.366272862579 88
2458739.58484375 2458740.58825299 19359.968796198602 405.0 212.2 492.24345302157803 87
2458739.58484375 2458740.58825299 19516.4605677037 319.0 368.59999999999997 648.735224526633 86
2458739.5887094913 2458740.59211898 19511.9906611212 121.0 370.90000000000003 651.015906809855 103
2458739.5887094913 2458740.59211898 19474.8654430917 93.0 333.8 613.89068878035 102
2458739.5887094913 2458740.59211898 19552.2151598473 104.0 411.1 691.240405535954 101
2458739.5887094913 2458740.59211898 19461.3937478297 148.0 320.29999999999995 600.41899351832 100
2458739.5887094913 2458740.59211898 19549.0165886201 113.0 407.9 688.0418343086881 99
2458739.5887094913 2458740.59211898 19465.0868384626 156.0 324.0 604.112084151218 98
2458739.5887094913 2458740.59211898 19474.2558801353 125.0 333.2 613.281125823926 97
2458739.5887094913 2458740.59211898 19328.9708167822 162.0 187.9 467.996062470807 96
2458739.5887094913 2458740.59211898 19539.7138706747 143.0 398.6 678.7391163633571 95
2458739.5887094913 2458740.59211898 19434.0428259269 129.0 293.0 573.068071615554 94
2458739.5887094913 2458740.59211898 19463.6845219164 195.0 322.6 602.70976760502 93
2458739.5887094913 2458740.59211898 19462.2501407637 142.0 321.2 601.275386452308 92
2458739.5887094913 2458740.59211898 19218.2911149707 161.0 77.2 357.316360659277 91
2458739.5887094913 2458740.59211898 19594.2001328609 162.0 453.1 733.2253785495179 90
2458739.5887094913 2458740.59211898 19544.9140999946 122.0 403.8 683.9393456832211 89
2458739.5887094913 2458740.59211898 19328.2565520387 90.0 187.20000000000002 467.281797727306 88
2458739.5887094913 2458740.59211898 19368.5725081873 310.0 227.5 507.597753875903 87
2458739.5887094913 2458740.59211898 19485.6187806853 345.0 344.6 624.6440263738831 86
2458739.592586806 2458740.59599653 19484.425842923803 161.0 350.1 630.192107750781 103
2458739.592586806 2458740.59599653 19457.2379514126 96.0 322.90000000000003 603.004216239536 102
2458739.592586806 2458740.59599653 19555.1482568327 100.0 420.8 700.914521659661 101
2458739.592586806 2458740.59599653 19449.1720741388 136.0 314.8 594.9383389657161 100
2458739.592586806 2458740.59599653 19530.1064786645 126.0 395.8 675.872743491426 99
2458739.592586806 2458740.59599653 19466.824006510902 154.0 332.5 612.590271337893 98
2458739.592586806 2458740.59599653 19457.9794413194 96.0 323.7 603.7457061463159 97
2458739.592586806 2458740.59599653 19324.1447442301 166.0 189.79999999999998 469.911009057076 96
2458739.592586806 2458740.59599653 19524.1397754627 156.0 389.79999999999995 669.906040289602 95
2458739.592586806 2458740.59599653 19543.1955050376 111.0 408.9 688.961769864592 94
2458739.592586806 2458740.59599653 19394.6991107692 102.0 260.40000000000003 540.465375596191 93
2458739.592586806 2458740.59599653 19526.505681073497 158.0 392.2 672.271945900434 92
2458739.592586806 2458740.59599653 19196.4847535404 214.0 62.199999999999996 342.251018367373 91
2458739.592586806 2458740.59599653 19511.676175035198 160.0 377.40000000000003 657.442439862171 90
2458739.592586806 2458740.59599653 19519.4316998129 125.0 385.1 665.1979646398371 89
2458739.592586806 2458740.59599653 19294.8010979668 102.0 160.5 440.56736279374496 88
2458739.592586806 2458740.59599653 19402.3578695148 94.0 268.0 548.124134341743 87
2458739.592586806 2458740.59599653 19494.6611893461 237.0 360.3 640.427454173022 86
2458739.596452547 2458740.59986251 19496.1412265794 125.0 368.5 648.5973196989529 103
2458739.596452547 2458740.59986251 19493.422958776802 104.0 365.8 645.879051896322 102
2458739.596452547 2458740.59986251 19554.0643961817 108.0 426.4 706.520489301245 101
2458739.596452547 2458740.59986251 19456.0178298801 150.0 328.40000000000003 608.473922999659 100
2458739.596452547 2458740.59986251 19506.836812707 117.0 379.2 659.292905826597 99
2458739.596452547 2458740.59986251 19504.8331503394 155.0 377.2 657.289243458946 98
2458739.596452547 2458740.59986251 19425.6266446571 92.0 298.0 578.0827377766719 97
2458739.596452547 2458740.59986251 19317.8403530944 85.0 190.20000000000002 470.296446213977 96
2458739.596452547 2458740.59986251 19467.3219518972 113.0 339.7 619.778045016744 95
2458739.596452547 2458740.59986251 19509.5682451932 133.0 381.90000000000003 662.024338312741 94
2458739.596452547 2458740.59986251 19536.4997211012 177.0 408.9 688.9558142207491 93
2458739.596452547 2458740.59986251 19545.0000343289 169.0 417.4 697.456127448403 92
2458739.596452547 2458740.59986251 19267.4516219335 200.0 139.8 419.907715053077 91
2458739.596452547 2458740.59986251 19418.123853911202 163.0 290.5 570.5799470307489 90
2458739.596452547 2458740.59986251 19531.8433312377 151.0 404.2 684.299424357273 89
2458739.596452547 2458740.59986251 19310.056256763102 97.0 182.4 462.512349882677 88
2458739.596452547 2458740.59986251 19403.805166483402 152.0 276.2 556.261259602992 87
2458739.596452547 2458740.59986251 19502.5400189046 250.0 374.90000000000003 654.9961120241951 86
2458739.6003298615 2458740.60374008 19511.0051781141 145.0 390.0 670.129507538754 103
2458739.6003298615 2458740.60374008 19501.271241412902 92.0 380.3 660.395570837546 102
2458739.6003298615 2458740.60374008 19535.4237904298 96.0 414.5 694.5481198544679 101
2458739.6003298615 2458740.60374008 19430.2972779044 120.0 309.3 589.42160732902 100
2458739.6003298615 2458740.60374008 19534.926200274298 139.0 414.0 694.050529698955 99
2458739.6003298615 2458740.60374008 19507.909232373 145.0 386.90000000000003 667.033561797685 98
2458739.6003298615 2458740.60374008 19447.8206084298 141.0 326.90000000000003 606.944937854405 97
2458739.6003298615 2458740.60374008 19297.6293797654 140.0 176.7 456.753709190036 96
2458739.6003298615 2458740.60374008 19528.803350073398 128.0 407.8 687.927679498013 95
2458739.6003298615 2458740.60374008 19515.5821513827 111.0 394.6 674.706480807397 94
2458739.6003298615 2458740.60374008 19524.3631427323 171.0 403.4 683.487472156991 93
2458739.6003298615 2458740.60374008 19531.7868188327 158.0 410.8 690.911148257386 92
2458739.6003298615 2458740.60374008 19163.0707375817 211.0 42.1 322.195067006344 91
2458739.6003298615 2458740.60374008 19519.2420588121 162.0 398.3 678.36638823675 90
2458739.6003298615 2458740.60374008 19513.3155217243 136.0 392.29999999999995 672.439851148998 89
2458739.6003298615 2458740.60374008 19296.692418488998 91.0 175.7 455.816747913666 88
2458739.6003298615 2458740.60374008 19364.8556667834 236.0 243.9 523.97999620807 87
2458739.6003298615 2458740.60374008 19526.586360388203 221.0 405.6 685.71068981285 86
2458739.6042071762 2458740.60761764 19502.2831739342 107.0 387.90000000000003 668.039141719417 103
2458739.6042071762 2458740.60761764 19495.1629090906 94.0 380.8 660.918876875782 102
2458739.6042071762 2458740.60761764 19584.5905141937 90.0 470.3 750.346481978936 101
2458739.6042071762 2458740.60761764 19467.7801444501 117.0 353.4 633.536112235337 100
2458739.6042071762 2458740.60761764 19518.508016004598 117.0 404.2 684.263983789774 99
2458739.6042071762 2458740.60761764 19489.4733077487 128.0 375.09999999999997 655.229275533885 98
2458739.6042071762 2458740.60761764 19444.125982104 101.0 329.79999999999995 609.881949889173 97
2458739.6042071762 2458740.60761764 19252.178262723 83.0 137.8 417.934230508184 96
2458739.6042071762 2458740.60761764 19521.773462878802 105.0 407.4 687.5294306640291 95
2458739.6042071762 2458740.60761764 19357.0774045589 101.0 242.7 522.8333723441519 94
2458739.6042071762 2458740.60761764 19534.4834531408 190.0 420.09999999999997 700.239420925988 93
2458739.6042071762 2458740.60761764 19498.2062068815 139.0 383.90000000000003 663.962174666703 92
2458739.6042071762 2458740.60761764 19259.1223107241 178.0 144.8 424.878278509276 91
2458739.6042071762 2458740.60761764 19561.0546748368 172.0 446.7 726.810642621956 90
2458739.6042071762 2458740.60761764 19544.0964261943 151.0 429.8 709.8523939795019 89
2458739.6042071762 2458740.60761764 19303.5723260421 94.0 189.20000000000002 469.32829382729904 88
2458739.6042071762 2458740.60761764 19409.1512953565 157.0 294.8 574.907263141723 87
2458739.6042071762 2458740.60761764 19515.0766830679 263.0 400.7 680.832650853084 86
2458742.6323668985 2458743.63596359 19496.386483298502 216.0 1351.8 1631.90472787979 103
2458742.6323668985 2458743.63596359 19507.101411822 170.0 1362.5 1642.61965640332 102
2458742.6323668985 2458743.63596359 19540.983699368902 130.0 1396.4 1676.50194395024 101
2458742.6323668985 2458743.63596359 19445.186680755898 239.0 1300.6 1580.7049253372202 100
2458742.6323668985 2458743.63596359 19499.3209204432 168.0 1354.7 1634.8391650245499 99
2458742.6323668985 2458743.63596359 19506.117526452002 318.0 1361.5 1641.63577103329 98
2458742.6323668985 2458743.63596359 19309.6147570793 174.0 1165.0 1445.13300166061 97
2458742.6323668985 2458743.63596359 18885.878941245 248.0 741.3 1021.39718582631 96
2458742.6323668985 2458743.63596359 19565.078361817497 179.0 1420.5 1700.59660639879 95
2458742.6323668985 2458743.63596359 19539.973012935898 186.0 1395.3999999999999 1675.49125751724 94
2458742.6323668985 2458743.63596359 19514.198071366 163.0 1369.6 1649.71631594728 93
2458742.6323668985 2458743.63596359 19586.6035784626 195.0 1442.0 1722.12182304391 92
2458742.6323668985 2458743.63596359 18843.369298095902 177.0 698.8 978.887542677256 91
2458742.6323668985 2458743.63596359 19538.4645978874 297.0 1393.8999999999999 1673.98284246872 90
2458742.6323668985 2458743.63596359 19564.1883447381 169.0 1419.6 1699.7065893194201 89
2458742.6323668985 2458743.63596359 18990.719262411003 181.0 846.0999999999999 1126.2375069923 88
2458742.6323668985 2458743.63596359 19172.3448067715 124.0 1027.8 1307.86305135283 87
2458742.6323668985 2458743.63596359 19551.534118508498 228.0 1407.0 1687.05236308983 86
2458742.636846065 2458743.64044303 19467.5945326908 227.0 1330.1000000000001 1610.14748103339 103
2458742.636846065 2458743.64044303 19490.5639543587 172.0 1353.0 1633.11690270128 102
2458742.636846065 2458743.64044303 19539.9949627655 154.0 1402.5 1682.54791110806 101
2458742.636846065 2458743.64044303 19492.8522254481 239.0 1355.3 1635.40517379066 100
2458742.636846065 2458743.64044303 19514.7563127181 162.0 1377.2 1657.30926106066 99
2458742.636846065 2458743.64044303 19536.8485166022 310.0 1399.3 1679.40146494475 98
2458742.636846065 2458743.64044303 19273.0982937382 173.0 1135.6 1415.6512420808 97
2458742.636846065 2458743.64044303 18901.9158702564 239.0 764.4 1044.4688185989198 96
2458742.636846065 2458743.64044303 19561.0129142295 197.0 1423.5 1703.5658625721 95
2458742.636846065 2458743.64044303 19551.9913543564 177.0 1414.5 1694.544302699 94
2458742.636846065 2458743.64044303 19489.2054632646 167.0 1351.6999999999998 1631.75841160717 93
2458742.636846065 2458743.64044303 19574.4942321952 183.0 1437.0 1717.0471805378 92
2458742.636846065 2458743.64044303 18845.799852203603 166.0 708.3000000000001 988.3528005461881 91
2458742.636846065 2458743.64044303 19527.168161391 235.0 1389.6 1669.7211097336 90
2458742.636846065 2458743.64044303 19579.825278855 165.0 1442.3 1722.3782271975701 89
2458742.636846065 2458743.64044303 18990.150641136603 172.0 852.6 1132.70358947916 88
2458742.636846065 2458743.64044303 19175.454657616498 81.0 1037.9 1318.00760595908 87
2458742.636846065 2458743.64044303 19531.9807716108 227.0 1394.4 1674.53371995337 86
2458742.640711806 2458743.64430899 19482.38418174 224.0 1350.8 1630.92566171652 103
2458742.640711806 2458743.64430899 19506.4046904051 165.0 1374.9 1654.94617038155 102
2458742.640711806 2458743.64430899 19545.139407270402 132.0 1413.6 1693.68088724693 101
2458742.640711806 2458743.64430899 19472.4871218525 234.0 1340.9 1621.0286018289698 100
2458742.640711806 2458743.64430899 19533.2030512694 161.0 1401.7 1681.7445312459001 99
2458742.640711806 2458743.64430899 19475.5939892251 258.0 1344.0 1624.13546920157 98
2458742.640711806 2458743.64430899 19277.3900813993 167.0 1145.8 1425.9315613758 97
2458742.640711806 2458743.64430899 18884.451999367 250.0 752.9 1032.99347934347 96
2458742.640711806 2458743.64430899 19582.8065686532 177.0 1451.3 1731.34804862965 95
2458742.640711806 2458743.64430899 19602.2985388217 173.0 1470.6999999999998 1750.8400187981701 94
2458742.640711806 2458743.64430899 19549.1051327641 154.0 1417.6 1697.64661274061 93
2458742.640711806 2458743.64430899 19569.950894042002 181.0 1438.3999999999999 1718.49237401852 92
2458742.640711806 2458743.64430899 18857.4434174819 168.0 725.9 1005.98489745843 91
2458742.640711806 2458743.64430899 19556.969261637503 300.0 1425.4 1705.51074161404 90
2458742.640711806 2458743.64430899 19579.4474890699 160.0 1447.8999999999999 1727.9889690464302 89
2458742.640711806 2458743.64430899 19011.021692452603 182.0 879.5 1159.5631724291 88
2458742.640711806 2458743.64430899 19141.8077700941 246.0 1010.3 1290.34925007061 87
2458742.640711806 2458743.64430899 19596.8060162501 235.0 1465.3 1745.34749622663 86
2458742.6449247687 2458743.64852222 19493.2784969114 214.0 1368.2 1648.26747424529 103
2458742.6449247687 2458743.64852222 19496.3797547902 166.0 1371.3 1651.36873212404 102
2458742.6449247687 2458743.64852222 19544.5159634361 132.0 1419.4 1699.50494076999 101
2458742.6449247687 2458743.64852222 19464.647548729998 246.0 1339.5 1619.6365260638802 100
2458742.6449247687 2458743.64852222 19511.9641301649 164.0 1386.9 1666.95310749873 99
2458742.6449247687 2458743.64852222 19494.9588000636 289.0 1369.8999999999999 1649.94777739749 98
2458742.6449247687 2458743.64852222 19293.578126796303 165.0 1168.5 1448.56710413012 97
2458742.6449247687 2458743.64852222 18894.242848057 241.0 769.1 1049.2318253909 96
2458742.6449247687 2458743.64852222 19532.5281445827 193.0 1407.4 1687.5171219165802 95
2458742.6449247687 2458743.64852222 19547.793822650197 178.0 1422.7 1702.78279998405 94
2458742.6449247687 2458743.64852222 19506.3134864076 158.0 1381.2 1661.30246374144 93
2458742.6449247687 2458743.64852222 19591.6597244256 183.0 1466.6 1746.6487017594402 92
2458742.6449247687 2458743.64852222 18852.344528370002 152.0 727.1999999999999 1007.3335057038399 91
2458742.6449247687 2458743.64852222 19556.7391655526 266.0 1431.6 1711.72814288651 90
2458742.6449247687 2458743.64852222 19560.1740682278 181.0 1435.1000000000001 1715.16304556162 89
2458742.6449247687 2458743.64852222 18970.7477894714 185.0 845.6 1125.73676680525 88
2458742.6449247687 2458743.64852222 19194.2071472687 77.0 1069.1 1349.19612460258 87
2458742.6449247687 2458743.64852222 19561.815350423298 254.0 1436.7 1716.80432775714 86
2458742.6487673614 2458743.65236504 19511.743795564398 203.0 1392.4 1672.51820108293 103
2458742.6487673614 2458743.65236504 19505.780514255002 163.0 1386.5 1666.5549197735302 102
2458742.6487673614 2458743.65236504 19515.7807026779 134.0 1396.5 1676.55510819642 101
2458742.6487673614 2458743.65236504 19482.7287433695 221.0 1363.3999999999999 1643.50314888808 100
2458742.6487673614 2458743.65236504 19564.7587250856 159.0 1445.4 1725.5331306041398 99
2458742.6487673614 2458743.65236504 19539.2979796081 277.0 1420.0 1700.07238512665 98
2458742.6487673614 2458743.65236504 19289.9528013405 158.0 1170.6000000000001 1450.72720685901 97
2458742.6487673614 2458743.65236504 18863.4391461543 242.0 744.1 1024.2135516728802 96
2458742.6487673614 2458743.65236504 19562.6150071006 179.0 1443.3 1723.38941261911 95
2458742.6487673614 2458743.65236504 19509.6533635771 179.0 1390.3000000000002 1670.4277690956899 94
2458742.6487673614 2458743.65236504 19530.2204648542 157.0 1410.9 1690.99487037271 93
2458742.6487673614 2458743.65236504 19583.5443487584 160.0 1464.2 1744.3187542769201 92
2458742.6487673614 2458743.65236504 18852.1436264972 165.0 732.8 1012.91803201577 91
2458742.6487673614 2458743.65236504 19519.2015883417 279.0 1399.8999999999999 1679.97599386022 90
2458742.6487673614 2458743.65236504 19600.6059815546 161.0 1481.3 1761.38038707317 89
2458742.6487673614 2458743.65236504 19016.1159741061 181.0 896.8000000000001 1176.89037962468 88
2458742.6487673614 2458743.65236504 19223.7576971622 75.0 1104.4 1384.53210268071 87
2458742.6487673614 2458743.65236504 19585.7713070309 248.0 1466.5 1746.5457125494802 86
2458742.6528298617 2458743.65642779 19482.512343726397 203.0 1369.2 1649.31738566377 103
2458742.6528298617 2458743.65642779 19495.5930718191 163.0 1382.3000000000002 1662.3981137564201 102
2458742.6528298617 2458743.65642779 19546.2650478707 128.0 1433.0 1713.07008980806 101
2458742.6528298617 2458743.65642779 19488.3478016937 212.0 1375.1 1655.15284363103 100
2458742.6528298617 2458743.65642779 19514.9062364091 192.0 1401.6 1681.71127834639 99
2458742.6528298617 2458743.65642779 19546.854087127802 327.0 1433.6 1713.65912906516 98
2458742.6528298617 2458743.65642779 19295.8773741155 205.0 1182.6000000000001 1462.6824160528001 97
2458742.6528298617 2458743.65642779 18887.9624145473 298.0 774.7 1054.7674564846302 96
2458742.6528298617 2458743.65642779 19552.0263586446 174.0 1438.7 1718.83140058196 95
2458742.6528298617 2458743.65642779 19549.7133301086 173.0 1436.3999999999999 1716.51837204595 94
2458742.6528298617 2458743.65642779 19532.6343920092 153.0 1419.3 1699.43943394654 93
2458742.6528298617 2458743.65642779 19567.3833865618 189.0 1454.1 1734.18842849916 92
2458742.6528298617 2458743.65642779 18834.7269108587 155.0 721.4000000000001 1001.53195279601 91
2458742.6528298617 2458743.65642779 19539.682972783 230.0 1426.3999999999999 1706.48801472031 90
2458742.6528298617 2458743.65642779 19559.3308769352 161.0 1446.0 1726.13591887257 89
2458742.6528298617 2458743.65642779 18976.4340241182 208.0 863.1 1143.23906605559 88
2458742.6528298617 2458743.65642779 19186.3961238756 129.0 1073.1 1353.20116581297 87
2458742.6528298617 2458743.65642779 19583.4209775262 277.0 1470.1 1750.2260194635599 86
2458742.656707176 2458743.66030533 19485.3467510658 223.0 1377.6999999999998 1657.82432193909 103
2458742.656707176 2458743.66030533 19499.339082750703 161.0 1391.7 1671.8166536240699 102
2458742.656707176 2458743.66030533 19534.7693407718 130.0 1427.2 1707.2469116451 101
2458742.656707176 2458743.66030533 19474.9306936424 241.0 1367.3 1647.40826451569 100
2458742.656707176 2458743.66030533 19542.1063466376 164.0 1434.5 1714.58391751089 99
2458742.656707176 2458743.66030533 19517.5374748016 330.0 1409.8999999999999 1690.01504567498 98
2458742.656707176 2458743.66030533 19312.471732661303 157.0 1204.9 1484.94930353464 97
2458742.656707176 2458743.66030533 18902.784566317798 270.0 795.2 1075.26213719111 96
2458742.656707176 2458743.66030533 19570.321005579 189.0 1462.6999999999998 1742.7985764523798 95
2458742.656707176 2458743.66030533 19535.026242982 175.0 1427.4 1707.50381385535 94
2458742.656707176 2458743.66030533 19523.0395909204 155.0 1415.4 1695.5171617936999 93
2458742.656707176 2458743.66030533 19583.4687182228 168.0 1475.9 1755.94628909613 92
2458742.656707176 2458743.66030533 18839.8955563429 157.0 732.3 1012.3731272162 91
2458742.656707176 2458743.66030533 19550.1975265443 246.0 1442.6000000000001 1722.67509741759 90
2458742.656707176 2458743.66030533 19584.1282517923 152.0 1476.5 1756.60582266561 89
2458742.656707176 2458743.66030533 18981.3632475677 185.0 873.7 1153.840818441 88
2458742.656707176 2458743.66030533 19199.9553407899 180.0 1092.3 1372.43291166321 87
2458742.656707176 2458743.66030533 19568.6076918323 250.0 1461.0 1741.0852627056602 86
