2458801.194982639 2458802.19984462 -0.0079682615767851 1.0 -0.0 6115.44602067508 86
2458801.194982639 2458802.19984462 -0.015951279327630997 1.0 -0.0 6115.43803765733 89
2458801.194982639 2458802.19984462 0.0059834472097009 1.0 0.0 6115.45997238387 90
2458801.194982639 2458802.19984462 0.0279408066310438 1.0 0.0 6115.4819297432905 92
2458801.194982639 2458802.19984462 0.023956353889964498 1.0 0.0 6115.47794529055 93
2458801.194982639 2458802.19984462 0.00798792196476938 1.0 0.0 6115.46197685862 94
2458801.194982639 2458802.19984462 0.00799058465705826 1.0 0.0 6115.46197952132 95
2458801.194982639 2458802.19984462 -0.011997114711448 1.0 -0.0 6115.441991821949 98
2458801.194982639 2458802.19984462 -0.0060005319753030995 1.0 -0.0 6115.4479884046805 99
2458801.194982639 2458802.19984462 0.00800316587756811 1.0 0.0 6115.4619921025405 100
2458801.194982639 2458802.19984462 0.00800589513794137 1.0 0.0 6115.4619948317995 101
2458801.194982639 2458802.19984462 -0.024025228020363 1.0 -0.0 6115.42996370864 102
2458801.194982639 2458802.19984462 0.0240339048032112 1.0 0.0 6115.47802284146 103
2458801.194982639 2458802.19984462 -0.016027632029569 1.0 -0.0 6115.437961304629 104
2458801.194982639 2458802.19984462 0.0160334464176515 1.0 0.0 6115.47002238308 105
2458801.194982639 2458802.19984462 0.0120292231855501 1.0 0.0 6115.46601815985 106
