202008270001 2458801.194982639 -5676.875862920715 0.0 86
202008270001 2458801.194982639 -5676.875862920715 0.0 89
202008270001 2458801.194982639 -5676.875862920715 0.0 90
202008270001 2458801.194982639 -5676.875862920715 0.0 92
202008270001 2458801.194982639 -5676.875862920715 0.0 94
202008270001 2458801.194982639 -5676.875862920715 0.0 95
202008270001 2458801.194982639 -5676.875862920715 0.0 98
202008270001 2458801.194982639 -5676.875862920715 0.0 99
202008270001 2458801.194982639 -5676.875862920715 0.0 100
202008270001 2458801.194982639 -5676.875862920715 0.0 101
202008270001 2458801.194982639 -5676.875862920715 0.0 102
202008270001 2458801.194982639 -5676.875862920715 0.0 103
202008270001 2458801.194982639 -5676.875862920715 0.0 104
202008270001 2458801.194982639 -5676.875862920715 0.0 105
202008270001 2458801.194982639 -5676.875862920715 0.0 106
202008270002 2458801.194982639 -5671.875957595517 1.0 86
202008270002 2458801.194982639 -5671.775959501661 1.0 90
202008270002 2458801.194982639 -5671.875957595517 1.0 92
202008270002 2458801.194982639 -5671.875957595517 1.0 94
202008270002 2458801.194982639 -5671.875957595517 1.0 95
202008270002 2458801.194982639 -5671.875957595517 1.0 98
202008270002 2458801.194982639 -5671.875957595517 2.0 99
202008270002 2458801.194982639 -5671.875957595517 1.0 100
202008270002 2458801.194982639 -5671.875957595517 1.0 101
202008270002 2458801.194982639 -5671.875957595517 1.0 102
202008270002 2458801.194982639 -5671.875957595517 1.0 103
202008270002 2458801.194982639 -5671.875957595517 1.0 104
202008270002 2458801.194982639 -5671.875957595517 1.0 105
202008270002 2458801.194982639 -5671.875957595517 1.0 106
202008270003 2458801.194982639 -5678.575830749256 14.0 86
202008270003 2458801.194982639 -5680.675790953221 13.0 90
202008270003 2458801.194982639 -5673.475927263635 11.0 92
202008270003 2458801.194982639 -5697.5754709450675 20.0 94
202008270003 2458801.194982639 -5670.575982242252 24.0 95
202008270003 2458801.194982639 -5684.475718985726 20.0 98
202008270003 2458801.194982639 -5664.176103403367 18.0 99
202008270003 2458801.194982639 -5678.775826936968 14.0 100
202008270003 2458801.194982639 -5669.37600494956 25.0 101
202008270003 2458801.194982639 -5676.275874257727 8.0 102
202008270003 2458801.194982639 -5680.575792859365 26.0 103
202008270003 2458801.194982639 -5678.975823157964 9.0 104
202008270003 2458801.194982639 -5673.375929169778 11.0 105
202008270003 2458801.194982639 -5679.5758117876685 13.0 106
202008270004 2458801.194982639 -5663.476116679806 14.0 86
202008270004 2458801.194982639 -5680.275798544512 11.0 90
202008270004 2458801.194982639 -5664.776092066355 10.0 92
202008270004 2458801.194982639 -5669.476003043416 22.0 94
202008270004 2458801.194982639 -5675.875881882303 21.0 95
202008270004 2458801.194982639 -5672.475946225222 19.0 98
202008270004 2458801.194982639 -5671.675961374522 21.0 99
202008270004 2458801.194982639 -5679.275817472816 12.0 100
202008270004 2458801.194982639 -5674.675904589611 15.0 101
202008270004 2458801.194982639 -5665.876071198623 21.0 102
202008270004 2458801.194982639 -5673.87591973891 11.0 103
202008270004 2458801.194982639 -5674.575906495755 12.0 104
202008270004 2458801.194982639 -5675.275893219315 13.0 105
202008270004 2458801.194982639 -5675.275893219315 17.0 106
