2458801.500225695 -6148.216377975322 118.0 143
2458801.500225695 -6171.515897231796 310.0 142
2458801.500225695 -6180.8157053821815 123.0 141
2458801.500225695 -6192.815457773093 220.0 140
2458801.500225695 -6223.914816101965 239.0 139
2458801.500225695 -6241.614450922661 120.0 138
2458801.500225695 -6258.61410015144 123.0 137
2458801.500225695 -6252.414228084466 56.0 136
2458801.500225695 -6189.715521722965 54.0 135
2458801.500225695 -6213.11503894016 174.0 134
2458801.500225695 -6177.615771338048 127.0 133
2458801.500225695 -6215.514989398372 122.0 132
2458801.500225695 -6148.616369685074 88.0 131
2458801.500225695 -6196.415383493695 117.0 130
2458801.500225695 -6177.615771338048 426.0 129
2458801.500225695 -6185.515608371167 139.0 128
2458801.500225695 -6234.914589118646 162.0 127
2458801.500225695 -6198.5153401363095 234.0 126
2458801.500225695 -6259.61407952567 49.0 125
2458801.500225695 -6165.016031315941 94.0 124
2458801.500225695 -6230.714675800134 498.0 123
2458801.500225695 -6211.215078152421 64.0 122
2458801.500225695 -6196.215387605535 51.0 121
2458801.500225695 -6217.814941929146 46.0 120
2458801.500225695 -6151.9163016233615 140.0 119
2458801.500225695 -6253.614203313572 86.0 118
2458801.500225695 -6211.615069895456 243.0 117
2458801.500225695 -6192.415466030057 109.0 116
2458801.500225695 -6201.715274147159 51.0 115
2458801.500225695 -6165.316025164822 49.0 114
2458801.500225695 -6182.815664064075 113.0 113
2458801.500225695 -6218.414929593625 73.0 112
2458801.500225695 -6185.215614588854 36.0 111
2458801.500225695 -6225.31478721923 73.0 110
2458801.500225695 -6190.515505242319 170.0 109
2458801.500225695 -6213.2150368675975 111.0 108
2458801.500225695 -6196.415383493695 182.0 107
2458801.500225695 -6213.815024498793 34.0 106
2458801.500225695 -6230.714675800134 50.0 105
2458801.500225695 -6274.613770039272 100.0 104
2458801.500225695 -6212.815045124562 64.0 103
2458801.500225695 -6195.915393789937 57.0 102
2458801.500225695 -6229.014710900554 71.0 101
2458801.500225695 -6226.6147603757745 99.0 100
2458801.500225695 -6243.514411710399 94.0 99
2458801.500225695 -6220.114894526488 86.0 98
2458801.500225695 -6185.915600114203 48.0 97
2458801.500225695 -6215.714985286531 74.0 95
2458801.500225695 -6190.715501097195 99.0 94
2458801.500225695 -6174.315839466327 64.0 93
2458801.500225695 -6218.81492133666 72.0 92
2458801.500225695 -6224.014814029403 89.0 90
2458801.500225695 -6217.914939889868 68.0 89
2458801.500225695 -6261.814034129005 139.0 86
2458801.500225695 -6249.914279665532 180.0 85
2458801.500225695 -6092.317531278705 237.0 84
2458801.500225695 -6194.115430929637 111.0 77
2458801.500225695 -6250.514267296727 99.0 76
2458801.500225695 -6244.31439519647 193.0 73
2458801.506174769 -6200.2579059431055 316.0 143
2458801.506174769 -6223.357428612463 328.0 142
2458801.506174769 -6221.057476148256 86.0 141
2458801.506174769 -6205.457798502714 128.0 140
2458801.506174769 -6178.258360542131 224.0 139
2458801.506174769 -6223.557424500622 173.0 138
2458801.506174769 -6296.855909905766 129.0 137
2458801.506174769 -6189.25813325926 99.0 136
2458801.506174769 -6216.857562962878 344.0 135
2458801.506174769 -6240.357077375271 219.0 134
2458801.506174769 -6218.857521611487 171.0 133
2458801.506174769 -6243.757007107862 36.0 132
2458801.506174769 -6212.957643526529 102.0 131
2458801.506174769 -6206.257781955501 198.0 130
2458801.506174769 -6246.15695753279 31.0 129
2458801.506174769 -6224.657401769006 48.0 128
2458801.506174769 -6215.857583621931 45.0 127
2458801.506174769 -6197.657959696584 64.0 126
2458801.506174769 -6235.3571807038215 56.0 125
2458801.506174769 -6212.8576455990915 74.0 124
2458801.506174769 -6195.258009304939 150.0 123
2458801.506174769 -6226.9573542664975 84.0 122
2458801.506174769 -6205.857790245749 59.0 121
2458801.506174769 -6179.258339883078 42.0 120
2458801.506174769 -6204.757812977365 227.0 119
2458801.506174769 -6244.956982336968 64.0 118
2458801.506174769 -6207.357759257169 30.0 117
2458801.506174769 -6221.057476148256 43.0 116
2458801.506174769 -6231.157267451876 28.0 115
2458801.506174769 -6214.857604247701 270.0 114
2458801.506174769 -6194.8580175619045 29.0 113
2458801.506174769 -6174.058447323469 69.0 112
2458801.506174769 -6205.157804687116 24.0 111
2458801.506174769 -6217.657546415665 59.0 110
2458801.506174769 -6219.7575030249955 113.0 109
2458801.506174769 -6218.857521611487 136.0 108
2458801.506174769 -6186.858182801048 28.0 107
2458801.506174769 -6221.557465852013 38.0 106
2458801.506174769 -6191.958077433219 29.0 105
2458801.506174769 -6225.757379037391 45.0 104
2458801.506174769 -6209.357717939062 35.0 103
2458801.506174769 -6195.757998942129 34.0 102
2458801.506174769 -6218.0575381587 113.0 101
2458801.506174769 -6218.957519572208 150.0 100
2458801.506174769 -6243.657009180424 82.0 99
2458801.506174769 -6220.357490622907 148.0 98
2458801.506174769 -6196.057992757726 53.0 97
2458801.506174769 -6206.557775771098 39.0 95
2458801.506174769 -6196.157990685165 66.0 94
2458801.506174769 -6223.9574162436575 75.0 93
2458801.506174769 -6245.956961644631 66.0 92
2458801.506174769 -6233.95720961984 48.0 90
2458801.506174769 -6201.857872881963 119.0 86
2458801.506174769 -6180.758308861215 73.0 85
2458801.506174769 -6142.859091999102 141.0 84
2458801.506174769 -6206.757771659258 89.0 77
2458801.506174769 -6254.356788081955 75.0 76
2458801.506174769 -6172.758474166926 108.0 73
2458801.5119039356 -6217.347640762694 208.0 143
2458801.5119039356 -6093.750198288962 154.0 142
2458801.5119039356 -6208.447824921166 290.0 141
2458801.5119039356 -6164.848727093749 161.0 140
2458801.5119039356 -6215.847671817842 405.0 139
2458801.5119039356 -6260.246753064761 67.0 138
2458801.5119039356 -6303.245863294266 111.0 137
2458801.5119039356 -6179.148431183344 102.0 136
2458801.5119039356 -6197.548050464312 111.0 135
2458801.5119039356 -6191.548174618334 56.0 134
2458801.5119039356 -6198.848023587572 71.0 133
2458801.5119039356 -6230.247373868157 75.0 132
2458801.5119039356 -6194.148120864855 72.0 131
2458801.5119039356 -6190.048205640198 150.0 130
2458801.5119039356 -6226.947442129572 196.0 129
2458801.5119039356 -6233.547305540176 45.0 128
2458801.5119039356 -6205.847878741212 89.0 127
2458801.5119039356 -6202.447949108472 113.0 126
2458801.5119039356 -6238.847195894088 41.0 125
2458801.5119039356 -6196.548071156649 41.0 124
2458801.5119039356 -6190.648193238109 221.0 123
2458801.5119039356 -6189.348220148133 48.0 122
2458801.5119039356 -6176.948476713143 68.0 121
2458801.5119039356 -6190.448197416517 47.0 120
2458801.5119039356 -6191.74817047321 235.0 119
2458801.5119039356 -6262.146713785933 54.0 118
2458801.5119039356 -6212.547740079255 57.0 117
2458801.5119039356 -6209.2478083739525 89.0 116
2458801.5119039356 -6203.947918053324 55.0 115
2458801.5119039356 -6179.648420853818 124.0 114
2458801.5119039356 -6204.647903578673 45.0 113
2458801.5119039356 -6183.248346374718 68.0 112
2458801.5119039356 -6210.247787681616 38.0 111
2458801.5119039356 -6214.447700767143 31.0 110
2458801.5119039356 -6209.147810446515 31.0 109
2458801.5119039356 -6207.54784354094 190.0 108
2458801.5119039356 -6184.048329827504 29.0 107
2458801.5119039356 -6203.047936706384 24.0 106
2458801.5119039356 -6187.248263572085 30.0 105
2458801.5119039356 -6216.147665600155 65.0 104
2458801.5119039356 -6223.2475186812335 38.0 103
2458801.5119039356 -6189.848209818606 39.0 102
2458801.5119039356 -6214.547698694581 51.0 101
2458801.5119039356 -6220.047584903369 129.0 100
2458801.5119039356 -6247.847009663054 104.0 99
2458801.5119039356 -6186.148286370268 80.0 98
2458801.5119039356 -6188.648234622783 36.0 97
2458801.5119039356 -6191.548174618334 46.0 95
2458801.5119039356 -6193.748129088536 50.0 94
2458801.5119039356 -6214.047709057391 43.0 93
2458801.5119039356 -6218.6476138526705 42.0 92
2458801.5119039356 -6202.347951181034 56.0 90
2458801.5119039356 -6217.947628327322 72.0 86
2458801.5119039356 -6203.147934600537 69.0 85
2458801.5119039356 -6226.947442129572 152.0 84
2458801.5119039356 -6218.6476138526705 68.0 77
2458801.5119039356 -6256.246835867393 67.0 76
2458801.5119039356 -6132.549395499506 108.0 73
2458801.5176678244 -6211.87353833167 0.0 143
2458801.5176678244 -6211.87353833167 0.0 142
2458801.5176678244 -6211.87353833167 0.0 141
2458801.5176678244 -6211.87353833167 0.0 140
2458801.5176678244 -6211.87353833167 0.0 139
2458801.5176678244 -6211.87353833167 0.0 138
2458801.5176678244 -6211.87353833167 0.0 137
2458801.5176678244 -6211.87353833167 0.0 136
2458801.5176678244 -6211.87353833167 0.0 135
2458801.5176678244 -6211.87353833167 0.0 134
2458801.5176678244 -6211.87353833167 0.0 133
2458801.5176678244 -6211.87353833167 0.0 132
2458801.5176678244 -6211.87353833167 0.0 131
2458801.5176678244 -6211.87353833167 0.0 130
2458801.5176678244 -6211.87353833167 0.0 129
2458801.5176678244 -6211.87353833167 0.0 128
2458801.5176678244 -6211.87353833167 0.0 127
2458801.5176678244 -6211.87353833167 0.0 126
2458801.5176678244 -6211.87353833167 0.0 125
2458801.5176678244 -6211.87353833167 0.0 124
2458801.5176678244 -6211.87353833167 0.0 123
2458801.5176678244 -6211.87353833167 0.0 122
2458801.5176678244 -6211.87353833167 0.0 121
2458801.5176678244 -6211.87353833167 0.0 120
2458801.5176678244 -6211.87353833167 0.0 119
2458801.5176678244 -6211.87353833167 0.0 118
2458801.5176678244 -6211.87353833167 0.0 117
2458801.5176678244 -6211.87353833167 0.0 116
2458801.5176678244 -6211.87353833167 0.0 115
2458801.5176678244 -6211.87353833167 0.0 114
2458801.5176678244 -6211.87353833167 0.0 113
2458801.5176678244 -6211.87353833167 0.0 112
2458801.5176678244 -6211.87353833167 0.0 111
2458801.5176678244 -6211.87353833167 0.0 110
2458801.5176678244 -6211.87353833167 0.0 109
2458801.5176678244 -6211.87353833167 0.0 108
2458801.5176678244 -6211.87353833167 0.0 107
2458801.5176678244 -6211.87353833167 0.0 106
2458801.5176678244 -6211.87353833167 0.0 105
2458801.5176678244 -6211.87353833167 0.0 104
2458801.5176678244 -6211.87353833167 0.0 103
2458801.5176678244 -6211.87353833167 0.0 102
2458801.5176678244 -6211.87353833167 0.0 101
2458801.5176678244 -6211.87353833167 0.0 100
2458801.5176678244 -6211.87353833167 0.0 99
2458801.5176678244 -6211.87353833167 0.0 98
2458801.5176678244 -6211.87353833167 0.0 97
2458801.5176678244 -6211.87353833167 0.0 95
2458801.5176678244 -6211.87353833167 0.0 94
2458801.5176678244 -6211.87353833167 0.0 93
2458801.5176678244 -6211.87353833167 0.0 92
2458801.5176678244 -6211.87353833167 0.0 90
2458801.5176678244 -6211.87353833167 0.0 86
2458801.5176678244 -6211.87353833167 0.0 85
2458801.5176678244 -6211.87353833167 0.0 84
2458801.5176678244 -6211.87353833167 0.0 77
2458801.5176678244 -6211.87353833167 0.0 76
2458801.5176678244 -6211.87353833167 0.0 73
2458801.523420139 -6149.658706163792 307.0 143
2458801.523420139 -6235.556923902518 202.0 142
2458801.523420139 -6209.157471624728 187.0 141
2458801.523420139 -6190.857851302992 222.0 140
2458801.523420139 -6250.956604361839 96.0 139
2458801.523420139 -6256.856481947541 117.0 138
2458801.523420139 -6291.75575782457 114.0 137
2458801.523420139 -6206.357529723033 58.0 136
2458801.523420139 -6199.457672896235 361.0 135
2458801.523420139 -6196.757728888694 151.0 134
2458801.523420139 -6205.957538046565 136.0 133
2458801.523420139 -6235.356928047642 59.0 132
2458801.523420139 -6159.358504892285 96.0 131
2458801.523420139 -6215.457340953466 48.0 130
2458801.523420139 -6203.057598217432 102.0 129
2458801.523420139 -6240.156828431528 139.0 128
2458801.523420139 -6218.957268280659 52.0 127
2458801.523420139 -6191.757832683216 119.0 126
2458801.523420139 -6241.656797309814 56.0 125
2458801.523420139 -6198.557691582577 60.0 124
2458801.523420139 -6176.15815636902 226.0 123
2458801.523420139 -6160.05849038435 55.0 122
2458801.523420139 -6202.757604468402 106.0 121
2458801.523420139 -6193.057805640058 128.0 120
2458801.523420139 -6195.257760010409 166.0 119
2458801.523420139 -6231.757002726445 330.0 118
2458801.523420139 -6192.457818175281 202.0 117
2458801.523420139 -6221.457216466607 45.0 116
2458801.523420139 -6211.357425995078 35.0 115
2458801.523420139 -6178.1581148179275 150.0 114
2458801.523420139 -6195.157762082971 38.0 113
2458801.523420139 -6189.557878312866 57.0 112
2458801.523420139 -6205.957538046565 34.0 111
2458801.523420139 -6215.957330524088 65.0 110
2458801.523420139 -6219.557255845287 54.0 109
2458801.523420139 -6217.557297329811 154.0 108
2458801.523420139 -6194.757770439786 34.0 107
2458801.523420139 -6210.45744468142 23.0 106
2458801.523420139 -6218.757272459066 40.0 105
2458801.523420139 -6204.457569168279 46.0 104
2458801.523420139 -6217.957289039563 36.0 103
2458801.523420139 -6188.657896999208 40.0 102
2458801.523420139 -6225.357135503552 80.0 101
2458801.523420139 -6214.757355461401 93.0 100
2458801.523420139 -6218.657274531629 45.0 99
2458801.523420139 -6203.857581603652 77.0 98
2458801.523420139 -6195.957745502475 97.0 97
2458801.523420139 -6180.4580670824325 78.0 95
2458801.523420139 -6178.358110706087 90.0 94
2458801.523420139 -6213.9573720751805 56.0 93
2458801.523420139 -6229.957040065845 45.0 92
2458801.523420139 -6254.256535900723 43.0 90
2458801.523420139 -6217.757293217971 66.0 86
2458801.523420139 -6234.9569363378905 63.0 85
2458801.523420139 -6205.2575525545 171.0 84
2458801.523420139 -6216.557318088716 52.0 77
2458801.523420139 -6178.658104455117 69.0 76
2458801.523420139 -6159.958492456913 100.0 73
2458801.529172454 -6184.509775468165 263.0 143
2458801.529172454 -6185.109762999508 204.0 142
2458801.529172454 -6157.610334318708 57.0 141
2458801.529172454 -6170.210072576781 568.0 140
2458801.529172454 -6222.308990175816 66.0 139
2458801.529172454 -6315.807047703849 152.0 138
2458801.529172454 -6317.107020693975 127.0 137
2458801.529172454 -6200.7094389143 133.0 136
2458801.529172454 -6203.309384861269 327.0 135
2458801.529172454 -6201.809416016267 108.0 134
2458801.529172454 -6198.209490861487 80.0 133
2458801.529172454 -6182.609814979978 42.0 132
2458801.529172454 -6178.509900121441 62.0 131
2458801.529172454 -6195.40954902636 115.0 130
2458801.529172454 -6186.809727666102 345.0 129
2458801.529172454 -6232.00878863804 48.0 128
2458801.529172454 -6190.009661177697 52.0 127
2458801.529172454 -6187.509713124884 100.0 126
2458801.529172454 -6233.708753337917 81.0 125
2458801.529172454 -6222.9089777071595 114.0 124
2458801.529172454 -6176.909933382286 114.0 123
2458801.529172454 -6193.309592650015 97.0 122
2458801.529172454 -6242.6085684472055 77.0 121
2458801.529172454 -6208.409278927617 66.0 120
2458801.529172454 -6197.309509514545 197.0 119
2458801.529172454 -6261.308179946155 49.0 118
2458801.529172454 -6200.109451382957 345.0 117
2458801.529172454 -6229.808834334256 25.0 116
2458801.529172454 -6222.9089777071595 40.0 115
2458801.529172454 -6184.609773362318 214.0 114
2458801.529172454 -6179.209885580223 60.0 113
2458801.529172454 -6178.1099084116895 84.0 112
2458801.529172454 -6227.308886314727 51.0 111
2458801.529172454 -6214.309156346902 56.0 110
2458801.529172454 -6236.008705535855 26.0 109
2458801.529172454 -6214.6091501625 160.0 108
2458801.529172454 -6199.209470069299 30.0 107
2458801.529172454 -6210.709231125555 66.0 106
2458801.529172454 -6219.009058736782 57.0 105
2458801.529172454 -6230.408821898884 85.0 104
2458801.529172454 -6215.809125191903 43.0 103
2458801.529172454 -6198.0094949733275 25.0 102
2458801.529172454 -6211.209220762745 34.0 101
2458801.529172454 -6202.609399402487 117.0 100
2458801.529172454 -6256.908271338589 52.0 99
2458801.529172454 -6201.109430557485 82.0 98
2458801.529172454 -6207.80929136299 62.0 97
2458801.529172454 -6225.108932010943 49.0 95
2458801.529172454 -6209.209262280553 56.0 94
2458801.529172454 -6219.509048307405 29.0 93
2458801.529172454 -6223.508965271787 53.0 92
2458801.529172454 -6218.309073278001 49.0 90
2458801.529172454 -6237.008684776951 76.0 86
2458801.529172454 -6136.110780984631 84.0 85
2458801.529172454 -6317.7070082253185 153.0 84
2458801.529172454 -6220.209033766187 68.0 77
2458801.529172454 -6228.308865522538 75.0 76
2458801.529172454 -6177.2099270980325 122.0 73
2458801.5349247684 -6206.121818549101 137.0 143
2458801.5349247684 -6205.321835196165 170.0 142
2458801.5349247684 -6169.622577763517 58.0 141
2458801.5349247684 -6219.321543939114 70.0 140
2458801.5349247684 -6252.720849207108 58.0 139
2458801.5349247684 -6254.32081591298 81.0 138
2458801.5349247684 -6289.820077490751 111.0 137
2458801.5349247684 -6187.622203370997 216.0 136
2458801.5349247684 -6182.722305292659 223.0 135
2458801.5349247684 -6180.522351055443 54.0 134
2458801.5349247684 -6199.021966233547 80.0 133
2458801.5349247684 -6231.1212984781305 126.0 132
2458801.5349247684 -6178.1224009633515 109.0 131
2458801.5349247684 -6196.922009890484 106.0 130
2458801.5349247684 -6191.022132604335 83.0 129
2458801.5349247684 -6204.421853882507 35.0 128
2458801.5349247684 -6222.321481595834 98.0 127
2458801.5349247684 -6201.521914186509 147.0 126
2458801.5349247684 -6220.32152318021 121.0 125
2458801.5349247684 -6199.221962055139 48.0 124
2458801.5349247684 -6170.1225673674235 311.0 123
2458801.5349247684 -6214.021654184307 55.0 122
2458801.5349247684 -6199.721951659045 162.0 121
2458801.5349247684 -6207.221795651067 74.0 120
2458801.5349247684 -6218.821554368492 227.0 119
2458801.5349247684 -6246.920969848395 61.0 118
2458801.5349247684 -6176.722430079071 188.0 117
2458801.5349247684 -6205.4218331236025 33.0 116
2458801.5349247684 -6216.921593880305 55.0 115
2458801.5349247684 -6181.822324012285 136.0 114
2458801.5349247684 -6182.322313649475 46.0 113
2458801.5349247684 -6171.822532000733 31.0 112
2458801.5349247684 -6212.221691656843 28.0 111
2458801.5349247684 -6209.421749888283 21.0 110
2458801.5349247684 -6210.021737419627 60.0 109
2458801.5349247684 -6211.6217041254995 140.0 108
2458801.5349247684 -6210.621724950971 27.0 107
2458801.5349247684 -6190.422145139558 29.0 106
2458801.5349247684 -6183.522288645596 32.0 105
2458801.5349247684 -6207.221795651067 40.0 104
2458801.5349247684 -6216.621600131275 60.0 103
2458801.5349247684 -6203.721868423725 48.0 102
2458801.5349247684 -6189.4221658984625 130.0 101
2458801.5349247684 -6208.821762356939 36.0 100
2458801.5349247684 -6234.621225705472 89.0 99
2458801.5349247684 -6239.621121711249 80.0 98
2458801.5349247684 -6212.621683300027 67.0 97
2458801.5349247684 -6202.3218976060125 63.0 95
2458801.5349247684 -6208.721764462784 52.0 94
2458801.5349247684 -6210.921718700001 39.0 93
2458801.5349247684 -6204.221858060915 43.0 92
2458801.5349247684 -6204.521851843228 45.0 90
2458801.5349247684 -6246.620976099365 84.0 86
2458801.5349247684 -6182.722305292659 87.0 85
2458801.5349247684 -6240.421105064184 165.0 84
2458801.5349247684 -6215.821616778339 51.0 77
2458801.5349247684 -6233.521248603506 87.0 76
2458801.5349247684 -6160.8227608479365 196.0 73
2458801.541545139 -6220.507814525915 160.0 143
2458801.541545139 -6198.5082728527095 361.0 142
2458801.541545139 -6213.007970766877 195.0 141
2458801.541545139 -6180.008658207145 142.0 140
2458801.541545139 -6244.3073187598675 83.0 139
2458801.541545139 -6270.206779303598 106.0 138
2458801.541545139 -6258.407025097418 103.0 137
2458801.541545139 -6166.208945618625 184.0 136
2458801.541545139 -6181.208633169982 483.0 135
2458801.541545139 -6224.807724973058 171.0 134
2458801.541545139 -6170.208862350022 123.0 133
2458801.541545139 -6218.7078520650175 32.0 132
2458801.541545139 -6182.808599875854 89.0 131
2458801.541545139 -6204.708143654905 43.0 130
2458801.541545139 -6212.607979123693 327.0 129
2458801.541545139 -6210.0080332765765 42.0 128
2458801.541545139 -6205.408129080403 61.0 127
2458801.541545139 -6192.408399844819 34.0 126
2458801.541545139 -6233.807537510529 76.0 125
2458801.541545139 -6200.608229095921 33.0 124
2458801.541545139 -6194.308360299721 96.0 123
2458801.541545139 -6172.508814414825 81.0 122
2458801.541545139 -6185.108551973941 48.0 121
2458801.541545139 -6177.108718610998 103.0 120
2458801.541545139 -6220.0078249885755 167.0 119
2458801.541545139 -6216.507897894368 46.0 118
2458801.541545139 -6208.208070782395 113.0 117
2458801.541545139 -6199.608249888109 40.0 116
2458801.541545139 -6207.70808117849 37.0 115
2458801.541545139 -6172.308818559949 153.0 114
2458801.541545139 -6170.008866461862 36.0 113
2458801.541545139 -6198.9082644626105 41.0 112
2458801.541545139 -6195.008345725219 29.0 111
2458801.541545139 -6202.308193662664 87.0 110
2458801.541545139 -6204.808141582343 125.0 109
2458801.541545139 -6201.308214454852 251.0 108
2458801.541545139 -6197.108302001714 29.0 107
2458801.541545139 -6196.708310291962 45.0 106
2458801.541545139 -6206.608104109807 46.0 105
2458801.541545139 -6198.308276964551 81.0 104
2458801.541545139 -6198.108281142958 40.0 103
2458801.541545139 -6187.808495681928 40.0 102
2458801.541545139 -6225.707706220148 63.0 101
2458801.541545139 -6207.008095752992 80.0 100
2458801.541545139 -6237.507460426328 91.0 99
2458801.541545139 -6218.7078520650175 129.0 98
2458801.541545139 -6220.207820810168 40.0 97
2458801.541545139 -6164.508981051882 69.0 95
2458801.541545139 -6225.907702108308 86.0 94
2458801.541545139 -6201.708206164603 37.0 93
2458801.541545139 -6202.108197874355 58.0 92
2458801.541545139 -6208.60806242558 72.0 90
2458801.541545139 -6216.007908257179 78.0 86
2458801.541545139 -6164.508981051882 127.0 85
2458801.541545139 -6212.007991625633 142.0 84
2458801.541545139 -6189.908451958423 65.0 77
2458801.541545139 -6166.008949797033 63.0 76
2458801.541545139 -6161.609041455735 91.0 73
2458801.547332176 -6200.3261868496675 310.0 143
2458801.547332176 -6140.927425606778 299.0 142
2458801.547332176 -6242.825300552267 398.0 141
2458801.547332176 -6221.12575306078 245.0 140
2458801.547332176 -6182.126566419104 78.0 139
2458801.547332176 -6276.024608168068 138.0 138
2458801.547332176 -6253.825071139242 111.0 137
2458801.547332176 -6177.126670679597 57.0 136
2458801.547332176 -6219.325790633166 89.0 135
2458801.547332176 -6219.925778131227 145.0 134
2458801.547332176 -6206.526057585294 59.0 133
2458801.547332176 -6249.725156646826 49.0 132
2458801.547332176 -6214.525890681968 170.0 131
2458801.547332176 -6212.825926181793 151.0 130
2458801.547332176 -6194.526307790507 163.0 129
2458801.547332176 -6211.125961648334 31.0 128
2458801.547332176 -6186.626472587988 72.0 127
2458801.547332176 -6193.226334933516 28.0 126
2458801.547332176 -6216.325853209432 88.0 125
2458801.547332176 -6187.926445478263 37.0 124
2458801.547332176 -6282.424474692004 225.0 123
2458801.547332176 -6246.2252296191855 50.0 122
2458801.547332176 -6191.626368327496 96.0 121
2458801.547332176 -6212.325936577887 100.0 120
2458801.547332176 -6215.925861499681 244.0 119
2458801.547332176 -6238.225396455945 162.0 118
2458801.547332176 -6200.926174347727 114.0 117
2458801.547332176 -6206.226063802981 34.0 116
2458801.547332176 -6198.726220210362 35.0 115
2458801.547332176 -6176.326687359944 209.0 114
2458801.547332176 -6203.626118055715 46.0 113
2458801.547332176 -6189.926403727469 82.0 112
2458801.547332176 -6207.826030409002 32.0 111
2458801.547332176 -6207.726032514848 27.0 110
2458801.547332176 -6215.725865678089 119.0 109
2458801.547332176 -6197.726241102401 43.0 108
2458801.547332176 -6212.225938650449 52.0 107
2458801.547332176 -6195.226293182723 32.0 106
2458801.547332176 -6206.526057585294 36.0 105
2458801.547332176 -6251.425121180285 41.0 104
2458801.547332176 -6218.2258135312 38.0 103
2458801.547332176 -6193.726324470856 34.0 102
2458801.547332176 -6222.425725951055 42.0 101
2458801.547332176 -6221.525744737248 90.0 100
2458801.547332176 -6229.225584151459 90.0 99
2458801.547332176 -6205.326082589174 90.0 98
2458801.547332176 -6198.326228600462 66.0 97
2458801.547332176 -6199.026213992676 78.0 95
2458801.547332176 -6170.526808300785 98.0 94
2458801.547332176 -6191.126378723589 44.0 93
2458801.547332176 -6211.125961648334 58.0 92
2458801.547332176 -6243.825279693512 69.0 90
2458801.547332176 -6271.2247082834365 107.0 86
2458801.547332176 -6209.825988724775 91.0 85
2458801.547332176 -6171.026797904691 139.0 84
2458801.547332176 -6201.8261555615345 104.0 77
2458801.547332176 -6202.02615141641 89.0 76
2458801.547332176 -6174.526724932331 117.0 73
2458801.553130787 -6156.895770521836 88.0 143
2458801.553130787 -6201.394841441849 158.0 142
2458801.553130787 -6256.393693145228 281.0 141
2458801.553130787 -6174.095411411751 431.0 140
2458801.553130787 -6190.695064870173 210.0 139
2458801.553130787 -6251.093803789826 161.0 138
2458801.553130787 -6290.89297288578 106.0 137
2458801.553130787 -6222.394403041866 48.0 136
2458801.553130787 -6186.395154622732 354.0 135
2458801.553130787 -6213.194595082207 156.0 134
2458801.553130787 -6187.095140014946 41.0 133
2458801.553130787 -6224.7943529342565 113.0 132
2458801.553130787 -6169.195513732817 158.0 131
2458801.553130787 -6176.295365482549 124.0 130
2458801.553130787 -6189.995079477959 306.0 129
2458801.553130787 -6215.794540829473 28.0 128
2458801.553130787 -6190.395071087859 49.0 127
2458801.553130787 -6188.895102409276 34.0 126
2458801.553130787 -6210.594649401508 101.0 125
2458801.553130787 -6207.394716156182 76.0 124
2458801.553130787 -6200.494860228042 360.0 123
2458801.553130787 -6181.195263194767 57.0 122
2458801.553130787 -6250.1938226093025 68.0 121
2458801.553130787 -6192.295031442911 63.0 120
2458801.553130787 -6200.794853943788 238.0 119
2458801.553130787 -6249.693833005397 50.0 118
2458801.553130787 -6177.19534672964 263.0 117
2458801.553130787 -6209.194678617079 34.0 116
2458801.553130787 -6182.795229767505 33.0 115
2458801.553130787 -6186.495152516886 95.0 114
2458801.553130787 -6171.495465731053 33.0 113
2458801.553130787 -6169.195513732817 51.0 112
2458801.553130787 -6202.194824728217 43.0 111
2458801.553130787 -6191.495048156542 31.0 110
2458801.553130787 -6210.094659830886 37.0 109
2458801.553130787 -6190.495069048581 179.0 108
2458801.553130787 -6187.195137909101 63.0 107
2458801.553130787 -6208.294697436556 33.0 106
2458801.553130787 -6203.9947871891145 32.0 105
2458801.553130787 -6202.294822622372 72.0 104
2458801.553130787 -6202.394820616377 67.0 103
2458801.553130787 -6194.694981335301 36.0 102
2458801.553130787 -6214.2945721508895 41.0 101
2458801.553130787 -6202.794812226278 69.0 100
2458801.553130787 -6229.294258970007 54.0 99
2458801.553130787 -6207.294718262028 89.0 98
2458801.553130787 -6218.094492794425 58.0 97
2458801.553130787 -6198.394904084682 50.0 95
2458801.553130787 -6193.595004333186 69.0 94
2458801.553130787 -6190.795062764328 35.0 93
2458801.553130787 -6194.794979229455 58.0 92
2458801.553130787 -6194.994975084331 62.0 90
2458801.553130787 -6211.094638905563 102.0 86
2458801.553130787 -6171.495465731053 105.0 85
2458801.553130787 -6268.593438462054 159.0 84
2458801.553130787 -6229.894246468067 130.0 77
2458801.553130787 -6240.694020933896 99.0 76
2458801.553130787 -6245.893912361861 130.0 73
