202009020114 2459095.6179108797 341.33977122713793 366.7605345171428
202009020115 2459095.631846065 135.36038470474818 119.82169357311246
202009040126 2459097.4549016203 101.20842238629614 22.905874073158472
202009040127 2459097.465850695 114.64362730142128 19.64190498619929
202009040128 2459097.4785590284 108.75776540335484 16.2326417718167
202009040129 2459097.491255787 99.62054259187084 11.368879829228058
202009040130 2459097.5046585654 96.47277474948055 9.227945894008077
202009040131 2459097.517320602 87.30557611619017 3.4825345148656206
202009040132 2459097.5300636576 82.73176714528563 348.3855534857193
202009040133 2459097.5442766203 79.62081900550899 4.143434161083088
202009080133 2459101.5007233797 -295.6388019903243 277.96729425668923
202009080134 2459101.5126678245 -274.8447929631787 281.898343027676
202009080135 2459101.524253472 -269.1627597372922 283.59454447498933
202009080136 2459101.5373668983 -250.72272512412178 290.0756571663098
202009080137 2459101.5493460647 -275.6941327012919 295.28439204703807
202009080138 2459101.5610358794 -267.30406826365527 297.42777117655874
202009090059 2459102.4768692134 -410.60808214441226 321.0301349123878
202009090060 2459102.4899942135 -515.7640126044814 329.2662571612164
202009090061 2459102.5026562503 -415.9691644066648 330.25856766484503
202009090062 2459102.516649306 -479.74755805866215 334.98139071936504
202009090063 2459102.5295428243 -291.7473928159006 336.97853795714025
202009090064 2459102.5424247687 -372.6432166731989 338.05286560195134
202009100079 2459103.391394676 -331.29901896674477 342.5845266512699
202009100080 2459103.4007002315 -405.5942796022705 336.82009091548395
202009100081 2459103.4122511577 -524.577397809985 339.770249934459
202009100082 2459103.4241261575 -473.6616784810119 343.63601870695936
202009100083 2459103.437332176 -400.0763458608758 351.7603532555211
202009100084 2459103.448883102 -526.9542224312788 348.3855534857193
202009100085 2459103.460422454 -499.1977951855351 356.26237620566735
202009100086 2459103.4741840283 -413.11913469206496 359.756613709702
202009100087 2459103.48572338 -247.35096293616473 399.7864418249516
202009100088 2459103.4972627317 54554.01671140814 469169.57036110817
202009110199 2459104.488709491 -290.20102939453574 438.4544259272113
202009110200 2459104.497876158 -407.86505256958645 438.67502731730326
202009110201 2459104.5094270837 -415.2727694145425 444.23408046966506
202009110202 2459104.52103588 -438.54584733283934 443.1002400592046
202009110203 2459104.53359375 -369.49909657530856 446.54244660286855
202009110204 2459104.545283565 -374.2362857412097 445.60235656348044
202009110205 2459104.5585127315 -299.56450899079204 449.3045609103145
202009110206 2459104.57015625 -372.7209097809207 441.45816121684317
202009110207 2459104.581857639 -334.95739625786905 452.1205363159261
202009120079 2459105.476545139 -597.479245413479 540.9024634676965
202009120080 2459105.4881307874 -658.9573898410347 565.5880540468181
202009120081 2459105.500827546 -738.9189765594078 570.1400907075996
202009120082 2459105.51353588 -672.7881579543048 569.7728042940621
202009120083 2459105.5271006944 -699.6091868201427 581.4933547622476
202009120084 2459105.5416840278 -691.5919074356225 580.6017395269249
202009120085 2459105.5546006947 -672.3439004272345 583.3621165854494
202009120086 2459105.5674131946 -661.2543115963559 585.3001621106591
202009190117 2459112.5552488426 -1170.083534263768 1058.245783671682
202009190118 2459112.5693692127 -1130.30710808047 1055.1214870429972
