202009020114 2459095.6179108797 236.9085275585412 539.5647369917591
202009020115 2459095.631846065 -14.57001479531391 20.92792935212434
202009040126 2459097.4549016203 106.4588803471579 11.286394347199348
202009040127 2459097.465850695 96.56973388234655 2.852685453400261
202009040128 2459097.4785590284 93.44330416952744 4.178533125309183
202009040129 2459097.491255787 92.88674214995899 2.826927465701265
202009040130 2459097.5046585654 89.6544140592423 2.6310990035183215
202009040131 2459097.517320602 84.83147824866228 2.368628407679948
202009040132 2459097.5300636576 82.73176714528563 10.024804885930255
202009040133 2459097.5442766203 81.36689293987638 2.582012431764935
202009080133 2459101.5007233797 47.31766551041983 12.3146027614488
202009080134 2459101.5126678245 45.607699794168184 11.208691155965186
202009080135 2459101.524253472 49.985599632028425 11.304817801723557
202009080136 2459101.5373668983 46.67120738178619 10.876809056905927
202009080137 2459101.5493460647 49.714697485595934 11.687208324057062
202009080138 2459101.5610358794 41.75313201761401 10.915318267333905
202009090059 2459102.4768692134 -40.98220465956274 12.028474055911495
202009090060 2459102.4899942135 -42.548828756222974 10.91350173129556
202009090061 2459102.5026562503 -46.71798047248649 11.297486252699413
202009090062 2459102.516649306 -55.111169975350094 11.232209499217378
202009090063 2459102.5295428243 -56.26574338923092 11.117472535860827
202009090064 2459102.5424247687 -59.7840368917241 11.617200808716492
202009100079 2459103.391394676 -61.54476278426864 10.360720516426253
202009100080 2459103.4007002315 -92.64720659097111 7.952213172010519
202009100081 2459103.4122511577 -88.59118598067016 10.387134862044835
202009100082 2459103.4241261575 -91.52755880810855 8.914615584727303
202009100083 2459103.437332176 -93.76768956835895 9.742781935673907
202009100084 2459103.448883102 -91.23211624389023 8.762583394291863
202009100085 2459103.460422454 -90.33005364196015 8.479791715069359
202009100086 2459103.4741840283 -84.47083140734503 10.207620273621263
202009100087 2459103.48572338 -101.46803722085951 59.5055347019542
202009100088 2459103.4972627317 39.413057573160586 149.63681279545048
202009110199 2459104.488709491 -8.567433205579619 8.772998849662715
202009110200 2459104.497876158 -24.086426768839374 9.219809882487443
202009110201 2459104.5094270837 -22.129087070518835 8.127905715886895
202009110202 2459104.52103588 -21.87679016772381 9.600423766423264
202009110203 2459104.53359375 -17.317473516713108 8.519468893077784
202009110204 2459104.545283565 -26.80269003091871 9.221971979100713
202009110205 2459104.5585127315 -18.153459902056056 8.672052938542537
202009110206 2459104.57015625 -18.07198730709024 10.024804885930255
202009110207 2459104.581857639 -13.682379275042877 8.046204082444179
202009120079 2459105.476545139 44.20647986007589 10.98153892973273
202009120080 2459105.4881307874 28.43648432849932 10.397215716305956
202009120081 2459105.500827546 28.10166485409627 8.461692800043284
202009120082 2459105.51353588 30.65112883168331 10.222718791659513
202009120083 2459105.5271006944 22.152261832399745 9.94839525309895
202009120084 2459105.5416840278 24.767940648730473 9.890850397311281
202009120085 2459105.5546006947 23.179391980439505 9.606051891763029
202009120086 2459105.5674131946 13.042270343245946 8.378403529622267
202009190117 2459112.5552488426 -160.81090593615681 55.7950719695885
202009190118 2459112.5693692127 -154.42179486850637 54.14198300736596
