2458801.194982639 2458802.19984462 -0.008209501498157601 0.0 -0.0 6115.44577943516 86
2458801.194982639 2458802.19984462 -0.016419846603277003 0.0 -0.0 6115.437569090061 89
2458801.194982639 2458802.19984462 0.00573262159608845 0.0 -0.0 6115.45972155826 90
2458801.194982639 2458802.19984462 0.0276853878737882 0.0 -0.0 6115.48167432453 92
2458801.194982639 2458802.19984462 0.0236027483540013 0.0 -0.0 6115.477591685009 93
2458801.194982639 2458802.19984462 0.0077777689755365 0.0 -0.0 6115.46176670564 94
2458801.194982639 2458802.19984462 0.00766686784192672 0.0 -0.0 6115.4616558045 95
2458801.194982639 2458802.19984462 -0.012132179778135 0.0 -0.0 6115.44185675688 98
2458801.194982639 2458802.19984462 -0.0061974380702878 0.0 -0.0 6115.44779149859 99
2458801.194982639 2458802.19984462 0.00785232435962513 0.0 -0.0 6115.46184126102 100
2458801.194982639 2458802.19984462 0.007699219553458651 0.0 -0.0 6115.46168815621 101
2458801.194982639 2458802.19984462 -0.024355734701054 0.0 -0.0 6115.42963320196 102
2458801.194982639 2458802.19984462 0.0238303419779484 0.0 -0.0 6115.47781927864 103
2458801.194982639 2458802.19984462 -0.016295166036961 0.0 -0.0 6115.437693770619 104
2458801.194982639 2458802.19984462 0.0155068990173035 0.0 -0.0 6115.46949583568 105
2458801.194982639 2458802.19984462 0.0113591566712756 0.0 -0.0 6115.465348093329 106
