2458801.500225695 -3.8779409022287457 8.074709747105464
2458801.506174769 -3.9790206845036544 2.302715787933891
2458801.5119039356 -2.2643611634465586 4.2662923012845715
2458801.5176678244 -2.5158203926093847 4.32524845208718
2458801.523420139 -9.16557394549151 4.384204602889788
2458801.529172454 -8.37393061306059 5.866110295587699
2458801.5349247684 -4.813960663384697 9.420323773629017
2458801.541545139 -3.8526459276054847 3.919343057197213
2458801.547332176 -8.753114309091481 7.293318860436585
2458801.553130787 -1.129732768225157 4.119883190091681
