202008270001 2458801.194982639 -1991463.2722607267 1087.0 86
202008270001 2458801.194982639 -1824331.437132374 3237.0 89
202008270001 2458801.194982639 2070827.3026686825 2434.0 90
202008270001 2458801.194982639 1464542.3835091442 4386.0 92
202008270001 2458801.194982639 1386339.8643816393 4016.0 94
202008270001 2458801.194982639 1996227.1153260446 2154.0 95
202008270001 2458801.194982639 1352658.2021903284 4408.0 98
202008270001 2458801.194982639 -1697312.8424045085 3382.0 99
202008270001 2458801.194982639 -1754107.7669143258 919.0 100
202008270001 2458801.194982639 -2137046.515441381 517.0 101
202008270001 2458801.194982639 -1805435.794947383 2788.0 102
202008270001 2458801.194982639 1723678.5764081737 4388.0 103
202008270001 2458801.194982639 1966804.7724785795 3443.0 104
202008270001 2458801.194982639 -1843151.0807564815 10777.0 105
202008270001 2458801.194982639 1902998.7807329977 2613.0 106
202008270002 2458801.194982639 -1991458.2723554014 1087.0 86
202008270002 2458801.194982639 -1824326.4372270154 3237.0 89
202008270002 2458801.194982639 2070832.4025721017 2434.0 90
202008270002 2458801.194982639 1464547.3834145025 4386.0 92
202008270002 2458801.194982639 1386344.9642850582 4016.0 94
202008270002 2458801.194982639 1996232.1152313366 2154.0 95
202008270002 2458801.194982639 1352663.4020918745 4408.0 98
202008270002 2458801.194982639 -1697307.8424991833 3382.0 99
202008270002 2458801.194982639 -1754102.7670090005 919.0 100
202008270002 2458801.194982639 -2137041.515536056 517.0 101
202008270002 2458801.194982639 -1805430.7950420578 2788.0 102
202008270002 2458801.194982639 1723683.5763135322 4388.0 103
202008270002 2458801.194982639 1966809.7723839378 3443.0 104
202008270002 2458801.194982639 -1843146.0808511232 10765.0 105
202008270002 2458801.194982639 1903003.7806383562 2612.0 106
202008270003 2458801.194982639 -1991488.2717873193 1079.0 86
202008270003 2458801.194982639 -1824285.438003442 3269.0 89
202008270003 2458801.194982639 2070913.4010382434 2486.0 90
202008270003 2458801.194982639 1464544.3834712876 4339.0 92
202008270003 2458801.194982639 1386337.3644289933 4033.0000000000005 94
202008270003 2458801.194982639 1996198.815861922 2145.0 95
202008270003 2458801.194982639 1352625.8028038584 4345.0 98
202008270003 2458801.194982639 -1697241.8437489837 3451.0 99
202008270003 2458801.194982639 -1754169.765740305 923.0 100
202008270003 2458801.194982639 -2137052.5153277447 518.0 101
202008270003 2458801.194982639 -1805403.7955533217 2782.0 102
202008270003 2458801.194982639 1723667.0766260156 4381.0 103
202008270003 2458801.194982639 1966805.8724577783 3391.0 104
202008270003 2458801.194982639 -1843156.0806617734 9747.0 105
202008270003 2458801.194982639 1902997.680753799 2650.0 106
202008270004 2458801.194982639 -1991489.2717683911 1071.0 86
202008270004 2458801.194982639 -1824363.436526402 3212.0 89
202008270004 2458801.194982639 2070686.1053423842 2453.0 90
202008270004 2458801.194982639 1464540.3835470672 4365.0 92
202008270004 2458801.194982639 1386389.5634405098 4043.9999999999995 94
202008270004 2458801.194982639 1996132.917109783 2168.0 95
202008270004 2458801.194982639 1352696.8014593497 4571.0 98
202008270004 2458801.194982639 -1697216.8442223577 3407.0 99
202008270004 2458801.194982639 -1754105.7669521822 916.0 100
202008270004 2458801.194982639 -2137041.515536056 513.0 101
202008270004 2458801.194982639 -1805395.795704848 2770.0 102
202008270004 2458801.194982639 1723637.3771883792 4407.0 103
202008270004 2458801.194982639 1966903.6706058846 3384.0 104
202008270004 2458801.194982639 -1843161.0805670987 10374.0 105
202008270004 2458801.194982639 1903011.180498167 2544.0 106
