2458718.440040509 191.9298232089329 89.30006298989942
2458718.455480324 181.41002381797034 90.12765079319443
2458718.4774247687 190.14863628761304 96.64259380573351
2458718.499346065 186.55412660459967 94.32212094731543
2458718.5222164355 182.42542222631718 126.32674276454689
2458718.5292418986 204.6118997594075 101.97012276887777
2458718.5352835646 189.08530756348773 100.93687848105866
2458718.5492766206 196.20387915019435 102.79284994589848
2458718.568755787 187.88972820153944 104.14900833661356
2458718.588501158 174.37792135333612 99.3164764779742
2458718.6079918984 184.06617170524297 98.88847727364399
2458726.2978414353 206.89447442585438 95.70855989669889
2458726.3119039354 177.36430426782246 102.96291808219112
2458726.3275057874 183.9698605731649 100.00697944393681
2458726.3416030095 192.18129458946922 97.31735938413043
2458726.3605034724 188.77627202748826 97.3117220585475
2458726.382251158 182.8912099580433 98.33571801486988
2458726.401221065 189.3845649990486 96.39586836322397
2458726.4199826387 182.0490125047758 95.84477685299288
2458726.444068287 180.47591434831742 96.91065956591154
2458726.4634664357 172.80921026678163 98.55217526772304
2458726.4842881947 186.49267975355983 100.41193125072338
2458726.504994213 173.19942572389425 101.1495103176481
2458726.52447338 174.3317901593579 103.78601784440909
2458726.5408043982 184.35302469353746 102.0292972630901
2458726.5571585647 174.14277841783877 99.63822057825
2458726.577644676 175.27555529014026 101.43285340559045
2458726.597158565 171.21879955871958 97.99362702492445
2458726.6163483798 171.59841744789054 98.9576803487228
2458726.6353761577 198.667102182827 110.12882229462005
2458727.4750057873 144.28356708992854 110.39138751505936
2458727.492042824 205.88377548386117 97.55132463221604
2458727.507459491 204.54633519760282 100.77078569704615
2458727.525978009 193.28059488198383 96.93846469539324
2458727.5474363426 223.77801819444653 127.07141077952981
2458730.5883159726 229.662470911459 95.09465514685881
2458730.597552084 218.0056955933196 101.12534919593604
2458730.615746528 218.0279324833674 101.05424904475814
2458730.6349016204 224.17348805239516 102.47575932873102
2458730.6501099537 231.9995896511245 103.19219174675959
2458731.378767361 186.37103339124945 95.68061944563277
2458731.401070602 182.45689030357784 95.15401331525645
2458731.4230034724 182.75051293587066 101.82738304356054
2458731.44572338 178.13175257979654 98.14950967783794
2458731.467644676 177.74082471458658 100.70010395972787
2458731.4895775467 174.26580807150117 99.70262502813053
2458736.4862094913 -179.6532037781354 105.854203978869
2458737.4435706018 253.89703377808573 100.00721848946705
2458737.452575232 242.68086355286547 105.16549309302934
2458737.4629340284 235.11388988705122 98.58586834582327
2458737.4732812503 248.8417313347643 104.77276602247362
2458737.483640047 240.32076862825554 106.42280065850551
2458737.498130787 262.3733644855093 115.28445797244311
2458737.5458506946 238.6097160161409 100.50708308373096
2458737.5634548613 250.2085212796548 100.30966273246064
2458737.580758102 237.1803448678161 106.69618520593883
2458739.4591030097 157.86304696305544 107.7849638748374
2458739.4740798613 169.61179480314397 106.86073150367258
2458739.4890567134 167.04158094929002 108.3662813678683
2458739.504913195 153.5170119197361 105.64968646427685
2458739.51990162 152.16803992414808 109.15376052843989
2458739.5348900463 148.94103718576486 109.6196421153618
2458740.3116377313 182.76733324622637 102.81623625429984
2458740.3341145837 184.77100447634555 105.43513408726714
2458740.35634838 182.88408789863794 106.68179759218535
2458740.3867650465 179.44047827408298 111.070028585573
2458740.3993229168 184.87447318500588 105.92091831880991
2458740.411383102 183.54484391920596 104.7331967429621
2458740.4233275466 183.27918910979778 107.34031599310671
2458740.435491898 180.3083512965883 112.47173394902384
2458741.2920775465 190.80643109879006 112.48235833898579
2458741.3044386576 189.60925826365846 107.3766894512026
2458741.316209491 186.53616221537482 108.25673622227858
2458741.3280729167 189.2088009053331 109.47707950753893
2458741.3459085654 188.4513601930686 112.8861857691188
2458741.3634432876 168.37313099232452 110.59824252672371
2458741.38578125 161.3938635187493 111.75164847777415
2458741.4081655093 160.063274218741 111.79515866082932
2458742.326869213 178.71202537441528 109.97309187933199
2458742.349311343 182.20720917837605 106.28877380749108
2458742.3712326395 175.48509154027985 107.67991340078241
2458742.389959491 130.41732143752975 113.84273554996821
2458742.4020775463 181.8888139289835 110.07388995579288
2458742.414346065 182.835426630864 111.60119286996893
2458742.4262210648 174.88525222494692 112.38471871210962
2458742.437899306 180.5367880742947 107.80190165298573
2458742.449681713 174.4928115148882 111.62839020607618
2458745.4851099537 230.48231251968136 113.0943466756849
2458745.4959317134 201.59364892124674 116.03252238058087
2458745.510908565 201.97695296699504 121.29819016580588
2458745.5258854167 207.46614664296428 116.55798449698759
2458745.5460358798 193.56440057340743 117.34859394129954
2458745.56796875 199.98796684504325 117.79119634972726
2458745.589901621 200.2733520947579 117.35371212705631
2458747.4266724535 202.39835298498667 116.76142743860235
2458747.448894676 204.4191849934441 114.40545223021498
2458747.470815973 204.7064508113823 114.89193291959188
2458747.488987269 205.59078810774162 113.52923081744188
2458747.501209491 218.96304127894533 117.52817747246827
2458747.5127141206 217.8362194611913 118.19921742549738
2458747.530086806 214.24541313825014 121.61589637049919
2458747.543003472 224.14672273502703 118.78567885060893
2458749.3150868057 198.7599103364172 109.10457139826912
2458749.3275057874 195.86555581148187 109.61886812953325
2458749.344924769 186.29235988980977 106.89624642614915
2458749.3620659728 203.67062902370378 112.61890383057369
2458749.3738136576 198.465394456867 113.13574258385368
2458749.390746528 193.2616897099777 112.82815473098903
2458749.4105497687 195.6473981905987 111.040307996691
2458749.4266493055 192.68014407567875 113.03882629433127
2458749.4455150464 185.16835558345946 109.96166803709374
2458757.62833912 194.92692300485973 123.60898404849058
2458757.6505150464 190.39703334077083 123.96615843648623
2458757.6712326393 198.24625771233454 122.07040360996601
2458757.683755787 202.48918400559114 120.85281854388008
2458768.5892534726 195.98428480504745 148.61495024895714
2458768.600607639 170.9959412084161 139.98418995550892
2458768.6155844913 189.54181726335273 143.22049761643757
2458768.630584491 178.3264643806801 145.5742679871687
2458768.6440219907 187.1030506152124 139.29909367975085
2458768.654369213 190.63543508032492 142.1221525660233
2458768.6647280096 174.23627159782706 131.79076693759697
2458768.67634838 189.771736255648 132.86825241569187
2458769.5674594906 105.72923453649476 122.7432941141796
2458769.590700232 103.82739971474722 124.41903366245859
2458769.6129456023 91.3917986235851 124.35804658324284
2458769.635144676 90.77569607005661 124.35034177677198
2458769.657482639 78.57936873088164 121.79096205178774
2458771.55333912 86.08764437735644 135.35897065765533
2458771.562355324 76.9800124099173 131.1624994043648
2458771.575017361 69.3550021212252 129.68982708755536
2458771.5876793987 72.90370180065085 132.80682399635947
2458771.618200232 65.10659306226249 127.32747518701534
2458771.630873843 58.420339038164464 127.45378941993057
2458771.64353588 57.53453417476872 127.5375728952061
2458771.656209491 51.887087900501314 129.35936378940644
2458801.5748900464 204.25740210965148 76.5929255871585
2458801.5868807873 180.56225337651466 80.02222347573205
2458801.6020543985 147.40004960369166 94.65923092863157
2458801.6231770837 223.85501292425437 73.87899523883634
2458801.6453414354 160.6428102019715 81.40063728251762
2458801.6674710647 137.27182866549052 162.82561991283805
2458806.4089756943 91.50692415208563 272.4859491790357
2458807.56197338 69.0875076130067 87.79036642764399
2458807.576765046 96.03453859812869 76.74302085531947
2458807.5967418985 90.88800115710278 76.11055076334686
2458807.6165682874 96.04261200591237 76.26495550054429
2458807.6364293983 72.8921300426259 79.55352757734883
2458871.5097511574 8.072755463606217 15.859332820140954
2458871.522783565 -5.580749978709916 15.625819978484328
2458871.5416608797 2.529127879457242 7.195028665682995
2458871.560318287 0.0 106.87848896491087
2458871.5791030093 -8.295340376932979 11.17620239616302
2458871.59791088 -18.888409873197702 11.200502220882777
2458913.265144676 253.29710145553085 43.25720676950836
2458913.280306713 244.54580735373182 35.66514404849644
2458913.3262094907 277.655274675718 42.050784029551714
2458913.3408159725 247.1499432092951 36.98315072435014
