2458801.500225695 4.405660377358489 8.074709747105464
2458801.506174769 0.4061554332874827 2.302715787933891
2458801.5119039356 5.347811560307385 4.2662923012845715
2458801.5176678244 0.0 9.420323773629017
2458801.523420139 8.60180847028429 4.384204602889788
2458801.529172454 3.9233554309026006 5.866110295587699
2458801.5349247684 7.308271874157746 9.420323773629017
2458801.541545139 11.719140207292261 3.919343057197213
2458801.547332176 9.366035334053388 7.293318860436585
2458801.553130787 7.685256156300174 4.119883190091681
