2458730.535190972 169.77584912383378 45.75735938075973
2458730.5396238426 160.12621434898026 46.97577500691181
2458730.545943287 165.67555402641645 50.85180367990893
2458730.549809028 166.1017649654893 49.811293900078525
2458730.555318287 168.32876869990375 48.65674092559016
2458730.558269676 174.19280581021528 48.87573528858671
2458730.5612210645 169.8539429540767 48.99108018302924
2458730.5641608797 175.28884763786604 50.588190321457446
2458730.5671006944 174.72383737098542 53.60859014654275
2458730.5700520836 170.56255988322874 50.48962764766642
2458730.5729918983 172.86439223360625 49.31331906797594
2458730.575943287 166.05656070060164 48.41976288149292
2458731.590572917 814.6539507158342 57.08527338552386
2458731.5959201395 807.7380082659558 51.822976926263124
2458731.602158565 810.8025503438324 55.364395147061835
2458731.608686343 814.4101527571354 54.59703517591408
2458731.6144155096 816.7674200763186 55.745380974570416
2458731.6201331024 815.0312747471553 53.235584903333226
2458737.5953530096 304.66949486116954 171.17808709060867
2458737.6014525467 286.8411217254959 171.9308609223487
2458737.6071817135 300.6986114097873 174.86768122640615
2458737.6129108802 298.7203850230586 170.09322811329088
2458737.6209085654 307.44359117495276 174.79448646911035
2458737.6289525465 292.97572021549337 172.1561101152091
2458737.636996528 295.40608804337114 175.01226653437755
2458737.647297454 297.7419073163271 172.75871902743432
2458737.6567650465 292.96133919864224 174.78756749265665
2458739.552193287 101.36585288365703 58.34518778356961
2458739.5567534724 102.65278498610836 58.45834788548168
2458739.561290509 98.02384839015758 56.00796818310767
2458739.5693807867 103.36242782394012 57.099482812894195
2458739.57322338 106.80255185276359 57.31996543526522
2458739.5770891206 107.9782146396336 57.89458901745482
2458739.5809664354 113.63877669178298 58.02181701739442
2458739.58484375 110.7314766290648 60.11689394421505
2458739.5887094913 98.14522358626326 56.70783400465937
2458739.592586806 101.36528865589597 59.264639541635624
2458739.596452547 99.1401614729683 55.856520993524114
2458739.6003298615 95.0249172880456 57.754098880512366
2458739.6042071762 94.91681642219802 57.68676191293805
2458740.5427372684 91.90076969626206 57.64064050216653
2458740.5479918984 85.9385844434311 57.83318683939179
2458740.55353588 88.67949456779687 59.09695423623793
2458740.558616898 89.22581410300063 57.71647024463641
2458740.5628182874 88.76665885440967 56.80358703462309
2458740.5668460648 90.54461059994968 58.80529312910531
2458740.571707176 86.02364195433756 58.596992243629714
2458740.5817650463 79.39717471071042 55.54922366694246
2458740.586371528 84.25711109509427 57.185758170194795
2458740.5909664356 83.93509099814834 58.42745501902338
2458740.5957233803 80.67094497469316 57.316402538889335
2458740.6006655097 82.87312247336111 59.63057887946419
2458740.6048668986 75.56349914735331 57.32618293589764
2458740.608987269 70.93912081617621 57.831617109501614
2458740.613234954 80.38454712396576 60.224797633532994
2458740.6181655093 88.1431270386277 59.03158847176654
2458740.6244270834 72.23215343577148 57.52106950935458
2458740.6296585654 66.693906060319 58.01431935307007
2458740.634369213 75.25632207092387 60.42594641377162
2458740.63853588 72.94719198087093 57.61208640554515
2458740.642795139 69.40229778027306 59.60462177969088
2458740.6468576393 67.98301764619153 59.861953171442714
2458742.5982349543 17.06392984406265 63.18993936933316
2458742.606336806 1.5478999479749151 67.42865674177413
2458742.614508102 5.972146543223603 67.11857743948391
2458742.6205034726 7.484270037283581 67.84048155415762
2458742.6265104166 3.7322565337352565 65.4634344500806
2458742.6323668985 8.631797696613631 63.60397737170216
2458742.636846065 16.712066644491927 66.90981570367684
2458742.640711806 9.554791762285726 64.11695368621314
2458742.6449247687 7.63237391320537 63.89502132404372
2458742.6487673614 5.116817840713206 63.95256054295247
2458742.6528298617 0.13001711400815213 62.52562224800326
2458742.656707176 0.3844631242758937 64.8683353994844
2458745.4256886574 102.85780544337976 62.512018844379035
2458745.432644676 98.11899836324629 61.029398653435884
2458745.4372048615 87.02887959080255 58.84612083646637
2458745.44177662 99.91054321276565 62.258754404501225
2458745.44634838 87.39203693421015 57.556458694919726
2458745.450920139 90.27206861528043 59.575078682281244
2458745.455480324 91.74025983167635 58.878189934813726
2458745.462482639 93.4700267951727 59.62332544818345
2458745.4670543983 93.11373712631864 60.75844334329181
2458745.471626158 86.82870719786294 61.62155416329582
2458746.545503472 119.81573492419554 66.14095743183644
2458746.553767361 111.03505760102344 65.50865162327798
2458746.5594849535 100.60265692928408 63.21168800150808
2458746.5652141203 108.38381088032783 65.33638678026205
2458746.5731539354 100.3637347064103 63.328160698854965
2458746.5811863425 97.25613071955559 64.20146756500198
2458746.5892303246 98.08098077815171 62.426316566012446
2458746.5972627318 92.8852303453169 61.19073663553986
2458746.610596065 90.75690547123911 58.989434965085074
2458746.6186284726 93.13373402246405 61.39850110141127
2458747.56640625 78.53806063621604 61.07495395004404
2458747.575572917 76.37319770938059 61.1935045572649
2458747.584670139 76.49939314145212 60.083670826606465
2458747.59384838 79.24973899620457 62.32506267545986
2458747.604299769 78.64630693187102 60.657777221886406
2458747.6115219914 83.98311178033354 58.99962658780138
2458747.616059028 85.38584876515137 60.83719051698557
2458747.623859954 88.90542533252103 60.66601962795977
2458747.628431713 81.15293069720695 61.59621538698624
2458747.6364988424 82.66173052252198 60.10935867233988
2458747.64103588 82.38043885040469 63.3320021789932
2458747.6472395835 84.568494950985 61.37761196071414
2458747.65177662 78.73950222687975 61.020967195710696
2458748.588813658 55.408253644530305 65.09167333461325
2458748.5957349543 52.861929069290824 62.213071375716545
2458748.6042418987 47.01465257995513 63.12413365742139
2458748.612609954 46.94795054510018 58.98710399316108
2458748.6203298615 49.22070488531105 59.55109150972801
2458748.6301909727 47.90230319007085 58.450457119683854
2458748.642760417 50.94090351896496 59.93106456588269
2458748.6589178243 42.83494651681898 57.31245501634004
2458756.591822917 131.15573119536958 68.07949397579274
2458756.6009548614 124.54355074093309 67.29306009909195
2458756.6105381944 125.40948643102666 68.28997684506855
2458756.6184548615 122.65735489224949 68.41492892636812
2458756.626371528 121.13342987513319 66.3245900854276
2458756.6381423613 113.72393083966669 66.83361803763134
2458757.550978009 45.69106436236197 60.993124612533165
2458757.557424769 41.04918160224574 63.661789461968475
2458757.564103009 37.03875519658326 61.3127841481693
2458757.5703761578 39.333150089463665 60.866480409992505
2458757.578396991 40.28118118858767 60.92304572163148
2458757.5839409726 46.031274283395085 62.438917651573696
2458757.590283565 39.15450546168692 62.233451615670496
2458757.5948437504 41.9122622277258 63.230194527614735
2458757.600399306 48.00165686339732 63.47665663454559
2458757.604971065 43.72927316182354 62.33496209993234
2458767.5533738425 129.04007084192563 38.388377147256435
2458767.56078125 122.892127880226 38.7422693901635
2458767.5676099537 134.72021847288107 38.756838106326484
2458767.575966435 142.65496385600377 40.14076403732246
2458767.5837789355 134.61932828720012 39.460312340375616
2458767.5909317136 148.25539511600573 40.197092556551894
2458767.598350695 132.85916814343793 37.89925790830211
2458768.490561343 45.399819072322046 34.897112165621955
2458768.4982118057 47.666145809783316 34.32204102322588
2458768.5066145835 42.19242056198066 36.929641719085225
2458768.515260417 19.628353324696093 33.648476934327945
2458768.523894676 31.025598225581764 34.69266853385597
2458768.536371528 11.951796284062143 31.952229969127355
2458768.545063657 18.218280681739685 34.05170241705986
2458768.5536631946 35.982090344825956 33.80622631261881
2458768.5615104167 36.40869922735745 33.07923725692598
2458768.5682465276 34.38214550962953 34.702701623937
2458768.574832176 21.726717009498707 35.21939717683993
2458770.5433854167 11.689459860267583 34.249685217531564
2458770.555862269 11.02609755022387 37.7634868292111
2458770.5604224536 7.555881351808619 35.92445197911863
2458770.564994213 2.4881680869546985 36.71806435530065
2458770.5788020836 3.313972933317455 36.246150657690535
2458770.5833738428 13.439632053403132 38.321485487908745
2458770.5879340284 1.4972211151885357 37.86348422292909
2458770.5946701393 17.507269388637386 39.95892813252128
2458770.6003877316 5.278373705495393 40.09380796956059
2458770.6061053243 3.4099470998939942 39.37894424689418
2458770.611834491 4.043700846818145 40.17270139659518
2458773.6249131947 47.063650122912414 35.33342963823353
2458773.6311053243 32.23738763264626 37.17475621977904
2458773.639149306 38.16903789752142 36.298979841036854
2458773.6471817135 25.625509971792926 37.83540009039154
2458773.65515625 37.64150408882638 37.31295016478863
2458773.6620428246 47.2408370930043 37.871076529457156
2458773.668917824 59.132094335064714 36.17488769851263
2458775.5548784724 9.494103339292401 40.047924415629836
2458775.5627141204 15.212851040877597 40.187606920542066
2458775.571672454 10.158854682867837 41.22415857237114
2458775.5807928243 20.38458790657482 44.14729252740196
2458775.589797454 10.492384058292627 43.21113861031667
2458775.599496528 12.771328380369585 41.12825974922839
2458776.527667824 63.16349173048008 31.943348290371816
2458776.545063657 46.971654066977585 33.33725393609978
2458776.562019676 59.41872963104015 35.52715070900001
2458776.5716493055 61.09035896323609 34.78797834741191
2458793.5591030093 18.049751243781095 5.290675760240841
2458793.5651793983 12.108336112037346 3.126699537851374
2458793.5721006948 -8.611064030131828 3.632965386567838
2458793.5790104168 -21.4714172205965 2.102007968586228
2458793.585931713 nan 58.989434965085074
2458793.593859954 -17.62864598025388 2.747441992108296
2458798.4992534723 166.03347781718415 80.04682028350658
2458798.5056076394 145.12417458758952 75.37576699443927
2458798.513674769 142.6982078475749 70.61410092892211
2458798.5217534727 140.9222196609051 69.8112276070261
2458798.530769676 142.31070471731257 76.21512932154612
2458798.5388252316 141.09208612309118 71.05607600691161
2458798.548258102 143.87908947807446 58.711987702683004
2458798.5563368057 143.7388908781398 61.66083390208083
2458798.5644502314 141.95624609903325 63.294411285673554
2458801.500225695 179.08602674440505 73.35538494207499
2458801.506174769 168.89140272891646 80.39392662073425
2458801.5119039356 172.89959779976542 82.71505871061206
2458801.5176678244 171.3708305581039 79.30589511505435
2458801.523420139 176.42959274840612 82.36545088809993
2458801.529172454 172.03105598909238 78.10749603911266
2458801.5349247684 175.1684262739636 89.63148163452391
2458801.541545139 183.73852084070307 84.43715673505358
2458801.547332176 176.86879275630702 87.89385644059544
2458801.553130787 182.00722698814013 89.70863078600631
2458870.342494213 132.7258032692611 62.75907055956136
2458870.3482465283 111.13341923098541 62.628974424782015
2458870.3528761575 115.63331009224697 60.61502495256436
2458870.357505787 106.28137107364346 58.64515112095799
2458870.362262732 124.56358942090291 60.832503133604504
2458870.366857639 115.99948274601147 60.407325714684646
2458870.3714525467 116.91004034320713 55.530360502161344
2458870.376359954 126.2046395590595 55.55048098351625
2458870.3809895837 128.65116828790713 56.99301218131922
2458870.385746528 136.04112863087528 59.72690976435999
2458870.3903414356 129.16951494498008 56.41086996315516
2458871.346197917 54.03612424847966 82.07844380530128
2458871.35197338 22.71783514457592 77.2510355917641
2458871.3566030096 24.682384347089478 74.85740611322304
2458871.3613715284 29.925266291100954 77.47382420856738
2458871.3659780095 35.214341118311054 74.20955127205661
2458871.370873843 22.3235553281414 77.18540179334433
2458871.3755150465 33.448915972348374 78.10990654200018
2458871.3802719912 45.42211808528313 78.61337950692618
2458871.3848784724 39.29328944767771 78.073579077688
2458871.3897743057 39.415504090103 71.80867809673146
2458871.3944039354 37.35638820183911 71.80760753569221
2458871.3991724537 45.790113954898686 74.14723528224098
2458871.4037442133 34.84406665023416 76.49285914384427
2458901.2625057874 224.94831477226387 45.788818913573216
2458901.2705266206 238.99912357056772 49.170189139355564
2458901.285167824 229.3813613981821 43.361936073012245
2458904.33140625 88.50817776694755 47.597400139083234
2458904.337320602 86.34630403254471 45.653176231232806
2458904.343049769 90.37205220428316 42.432545734377044
2458904.3484317134 83.02993855402816 38.349262541801245
2458904.353686343 91.3536135045127 38.010668732607165
2458904.3589525465 85.7770545943507 36.80993412110378
2458904.366047454 83.78821508149163 36.467468379365194
