2458737.6209085654 5.64546897790302 5.9927821168469
2458737.6289525465 -3.2500000000000004 1.3481468762712763
2458737.636996528 -2.4603612644254897 2.7126440053939995
2458737.647297454 nan 17.12553160004943
2458737.6567650465 0.08570896911053211 2.388187073911925
2458739.5693807867 -103.13365372916412 15.65577968355457
2458739.57322338 -99.88255633153248 15.884849306808045
2458739.5770891206 -101.63411126683322 18.781664928860813
2458739.5809664354 -93.13835225517933 20.94498746717219
2458739.58484375 -97.44996801505172 19.347383544035093
2458739.5887094913 -106.36258132184646 17.744814383362822
2458739.592586806 -109.19109336453117 16.50624881673604
2458739.596452547 -106.79838369434155 15.677053294544866
2458739.6003298615 -112.93740729753783 13.852481727113025
2458739.6042071762 -110.15360575845007 19.539471269714543
2458742.6323668985 -133.5111854263839 18.406724314771488
2458742.636846065 -124.4130325861045 21.932709590928336
2458742.640711806 -127.83446002636938 18.881571703647975
2458742.6449247687 -128.7660591187953 18.228309027444094
2458742.6487673614 -128.4138125410011 18.21958938889678
2458742.6528298617 -137.63398690350746 16.320721108455963
2458742.656707176 -134.26674620138854 18.793374829976656
