2458730.535190972 173.26456614055948 37.67105569930315
2458730.5396238426 162.5259135752557 34.34146091097465
2458730.545943287 167.90439731175422 37.376078579754726
2458730.549809028 165.7486698643647 38.178180122944575
2458730.555318287 175.80658401937626 34.25569295752168
2458730.558269676 180.0399814382782 36.864324725946084
2458730.5612210645 175.06952099049457 38.98587484589772
2458730.5641608797 183.5478495042669 38.87579581179015
2458730.5671006944 178.3588916381445 40.78941345496403
2458730.5700520836 173.78422738317448 39.16849419495215
2458730.5729918983 177.16575011977702 36.45577371967299
2458730.575943287 171.58827141769825 36.45197182595203
2458731.590572917 122.94458820420155 39.77943485646824
2458731.5959201395 112.25381022039355 31.868415986678723
2458731.602158565 112.53851130030704 32.944384954040345
2458731.608686343 114.50411689644356 30.201257217208695
2458731.6144155096 117.2927980281695 31.619890891652364
2458731.6201331024 119.29979315396689 31.127133461017575
2458737.5953530096 176.28690636450705 35.51036820423016
2458737.6014525467 162.25656485132654 32.82846992322366
2458737.6071817135 170.7380783992647 31.669953228572975
2458737.6129108802 170.97899481457955 32.7137012580356
2458737.6209085654 180.2250358905247 39.2768180674046
2458737.6289525465 169.89582676518702 34.53767870022536
2458737.636996528 170.3918786080779 32.786849497931335
2458737.647297454 175.75445739669615 35.89890318658775
2458737.6567650465 171.78508629136445 33.951086138737885
2458739.552193287 96.33020192445129 43.689683421833124
2458739.5567534724 94.57054627087271 43.180677825851696
2458739.561290509 90.7841916683927 41.91731071407135
2458739.5693807867 99.94581415353314 43.0278797699817
2458739.57322338 102.30536658155677 42.433458938672445
2458739.5770891206 99.42717501269942 46.21372563968414
2458739.5809664354 103.21304328916025 46.47648599022952
2458739.58484375 106.40587818604547 48.245190822505826
2458739.5887094913 102.79274278703974 45.05039886060944
2458739.592586806 97.78456620858512 46.26428157877306
2458739.596452547 94.38245668469985 43.07535185578872
2458739.6003298615 89.89514690261501 42.25158281058829
2458739.6042071762 93.46997914275883 44.80843600818935
2458740.5427372684 89.61710880795015 38.052016208080225
2458740.5479918984 82.16099720253128 39.51823945977351
2458740.55353588 84.46837109601306 38.85766896637008
2458740.558616898 91.77175219926697 41.580794845697696
2458740.5628182874 89.1614859547838 39.83677242824775
2458740.5668460648 93.19733146864195 40.987966984226
2458740.571707176 87.83313760505575 43.783654912535575
2458740.5817650463 84.36030872973245 39.57331803121897
2458740.586371528 86.18691782708551 39.581008703669994
2458740.5909664356 85.8537023565667 40.01741808262997
2458740.5957233803 79.83530740824722 37.95149453578871
2458740.6006655097 84.67990343244453 41.257647018461924
2458740.6048668986 75.57045280834322 39.6249093058899
2458740.608987269 72.73882032988843 38.09814217911419
2458740.613234954 81.92347763828359 42.62138547724605
2458740.6181655093 83.12049155859918 43.40794858087629
2458740.6244270834 79.66061221130256 40.67798467844738
2458740.6296585654 71.0867691117795 36.76542193420334
2458740.634369213 79.79451154146975 39.510773847142
2458740.63853588 76.2080927915804 38.82986527790176
2458740.642795139 71.34089926259654 38.60859684060016
2458740.6468576393 72.39586169376335 37.73292660263712
2458741.5651099537 86.28480232180162 59.88769698360424
2458741.5735243056 82.20480878221498 63.06455026399539
2458741.587320602 70.04889308704938 63.965427673861456
2458741.5972858802 65.83911182535452 58.11813400308032
2458741.606533565 61.686498423829285 56.65331797432521
2458741.614739584 65.77623049083847 58.393878103787564
2458741.6201562504 63.49948402108588 59.51261420909015
2458741.625295139 56.24369098679543 59.2748971951871
2458741.6320543983 59.80337766790396 62.70331929013009
2458741.6375057874 62.54741078487928 61.26335313627553
2458741.643165509 63.16070719162107 56.42283170401855
2458741.6474016206 62.88516315305158 52.73905988449168
2458741.6512673614 60.966308325201716 57.07150120681951
2458741.655885417 60.88062342962896 57.073666760599856
2458742.5982349543 69.86001915921615 44.09476655454704
2458742.606336806 52.6773015647919 44.75232885001629
2458742.614508102 54.815360277145714 43.72446040261675
2458742.6205034726 58.89357248891675 43.20492955092046
2458742.6265104166 56.00418977202712 42.622617235453774
2458742.6323668985 63.05999189582404 44.61116382140238
2458742.636846065 70.33469711291649 44.80285635425492
2458742.640711806 62.324370884781324 44.16056994084203
2458742.6449247687 64.86378556874396 46.3188777659822
2458742.6487673614 61.33342060679601 43.17282131156128
2458742.6528298617 61.14387403395888 46.38260719278295
2458742.656707176 56.7551773168187 44.48266516295983
2458745.4256886574 170.23704495743047 49.91971992609734
2458745.432644676 160.8174621177626 52.63816343680695
2458745.4372048615 151.45549926563748 51.69870646350835
2458745.44177662 165.0171860802212 52.08095561239252
2458745.44634838 147.86206796010848 48.47120279093558
2458745.450920139 150.8216908109838 53.36535627164874
2458745.455480324 153.46347840242655 52.34898220118516
2458745.462482639 149.7285804606535 51.21124144169911
2458745.4670543983 151.3969463680286 56.044098150474326
2458745.471626158 145.06519109371146 59.52488975210286
2458746.545503472 186.4658671613981 79.21012403727191
2458746.553767361 171.35667801225227 71.0172580257785
2458746.5594849535 164.91159723380818 70.28677640566539
2458746.5652141203 169.03451098900786 74.48753251383752
2458746.5731539354 166.68480842938575 72.23514336872323
2458746.5811863425 163.96047143442905 67.42244618819464
2458746.5892303246 165.22487223310614 69.23746276402683
2458746.5972627318 157.714141229676 65.76178601589224
2458746.610596065 154.81552882434178 63.17560842603734
2458746.6186284726 157.91038171507032 62.413667874112335
2458747.56640625 137.69945921453126 56.923136223331895
2458747.575572917 134.5268906151568 57.703617737538785
2458747.584670139 137.54528851812412 55.86052664896743
2458747.59384838 138.9306089323807 56.63488324345695
2458747.604299769 139.89796380948187 53.320411194963604
2458747.6115219914 147.29589967092136 54.86481967071432
2458747.616059028 147.34891206766136 56.06613003855359
2458747.623859954 151.27163217561701 56.34675012811299
2458747.628431713 142.80840724128856 56.0583847430516
2458747.6364988424 143.89469408056095 55.01945962566336
2458747.64103588 148.1294191399101 58.896370855936446
2458747.6472395835 150.0745323913522 57.61122666199705
2458747.65177662 144.51182297517667 54.84068972943358
2458748.588813658 109.23827871607753 62.831110427080645
2458748.5957349543 109.64822313500888 59.69404021759627
2458748.6042418987 103.60866281167351 55.910665351075906
2458748.612609954 104.2467693481883 52.356121299233
2458748.6203298615 109.26268856131301 52.82843398682191
2458748.6301909727 104.05616337023342 50.00386235082246
2458748.642760417 105.41177800379825 52.113973653905916
2458748.6589178243 102.36441726514452 46.094386860007155
2458756.591822917 136.74875325998104 47.89382462802486
2458756.6009548614 128.94441111573823 49.89384668974723
2458756.6105381944 136.01947734608 52.075942142221486
2458756.6184548615 131.0261847924282 55.52734405227752
2458756.626371528 128.98659684730723 52.46470241981746
2458756.6381423613 122.2367634530117 49.195960200000165
2458757.550978009 113.96473495720936 51.79000868893536
2458757.557424769 109.13642836019348 50.83134798035559
2458757.564103009 105.68995981523747 47.191110789003474
2458757.5703761578 109.71612312298853 51.955028630537775
2458757.578396991 110.67319168590262 46.53136039275018
2458757.5839409726 114.19084932610873 46.041095773232854
2458757.590283565 111.81135960067336 47.7262375428862
2458757.5948437504 111.77336924615079 42.55421541986176
2458757.600399306 116.00371575235403 44.622202293253075
2458757.604971065 112.2417656151118 44.89852447464171
2458767.5533738425 164.9759536000162 51.888257342100054
2458767.56078125 156.45265410269005 52.214542394815645
2458767.5676099537 168.38309757120902 51.277224476369625
2458767.575966435 175.46277046582682 52.92904153203609
2458767.5837789355 171.0870606945713 49.60485107325693
2458767.5909317136 184.54937776814154 51.6710508892552
2458767.598350695 168.05832552547918 49.88974092937346
2458768.490561343 99.47949446782661 81.22243186152457
2458768.4982118057 93.35362940350109 76.28842474451808
2458768.5066145835 91.94329797877542 79.4358703609396
2458768.515260417 68.24759097020744 80.29995330011096
2458768.523894676 81.72335258636973 73.74093800257765
2458768.536371528 56.308850729730636 73.30895878062925
2458768.545063657 67.19436474759006 66.0941563226281
2458768.5536631946 78.5489806018955 73.78741423847295
2458768.5615104167 83.83139281601241 73.31644597223737
2458768.5682465276 78.3006707571049 69.50714891289961
2458768.574832176 65.71210516589615 68.2968612016687
2458770.5433854167 57.04209817832922 37.5953787053675
2458770.555862269 55.02119984550088 31.924574194497882
2458770.5604224536 51.66950048562587 31.06514827745073
2458770.564994213 47.45869356591692 32.898518203712456
2458770.5788020836 43.551078246851745 34.70797818945956
2458770.5833738428 57.62767721343654 32.55558227862006
2458770.5879340284 45.57986619619645 34.87067177442959
2458770.5946701393 60.25962970842762 32.75608245043964
2458770.6003877316 46.96941920325311 27.528456867394514
2458770.6061053243 46.92830227419962 30.222218647875607
2458770.611834491 52.47830058827321 31.3818966523695
2458773.6249131947 121.76427383388251 22.874002710500847
2458773.6311053243 113.68675277871135 28.139446289861496
2458773.639149306 111.70523027008647 26.33500522118802
2458773.6471817135 94.1916705160577 24.892493848548003
2458773.65515625 104.22632719447213 26.453496933297878
2458773.6620428246 111.3557895827324 24.110235119135613
2458773.668917824 124.76532138817872 20.520622249337375
2458775.5548784724 85.00898057823503 37.22235131611113
2458775.5627141204 86.7117701394345 36.10368315698551
2458775.571672454 82.99909265994982 37.501266645274804
2458775.5807928243 90.44299201227392 38.008596889388066
2458775.589797454 83.42403240997137 34.80866899925937
2458775.599496528 84.13784140713987 37.62314779494135
2458776.5072164354 -207416.13932910655 813800.5567507758
2458776.527667824 127.19294985719442 35.36504276824786
2458776.545063657 105.0328928669759 27.257498968173874
2458776.562019676 115.92739836187012 27.0906579838881
2458776.5716493055 121.8851722597073 30.411880902042224
2458788.4681076393 63.75170395831549 50.664509274244445
2458793.5591030093 -37.293245822136996 67.4959072833309
2458793.5651793983 -38.90016420544757 67.45434335533925
2458793.5721006948 -59.935821569058135 65.67793341374255
2458793.5790104168 -68.80108169393479 68.63086723552311
2458793.585931713 -48.606651719123406 67.83616983217729
2458793.593859954 -62.73729777779024 68.46695370760992
2458798.4992534723 76.17032567213589 131.45431240548942
2458798.5056076394 53.5904550733664 122.51125841121706
2458798.513674769 50.7458200549668 127.87173627311083
2458798.5217534727 45.29358892250614 118.9646625578369
2458798.530769676 51.44636417774527 120.3270062683353
2458798.5388252316 52.067865196725286 114.30147090042193
2458798.548258102 39.91689643328291 119.34503026938323
2458798.5563368057 33.05514976583378 119.39926062375766
2458798.5644502314 43.79951055186023 114.76517328876388
2458801.500225695 55.93764658546358 140.4945239146352
2458801.506174769 51.06986376085415 127.84692507057026
2458801.5119039356 53.45063804556617 131.1670916712725
2458801.5176678244 49.984518917223866 136.311393278405
2458801.523420139 53.300656549720976 135.45454380529284
2458801.529172454 49.35859378227731 136.99046043429448
2458801.5349247684 56.63568547649248 131.3525266220639
2458801.541545139 46.11289286556101 144.05810025819446
2458801.547332176 40.87153190760125 141.15693837002843
2458801.553130787 47.353872802195646 147.0034948564149
2458870.342494213 131.1194889544402 16.871462592199887
2458870.3482465283 109.5775859719036 17.92794606194475
2458870.3528761575 109.74642648021216 15.165874521437928
2458870.357505787 109.65427648049099 17.003997691719444
2458870.362262732 115.1146696313706 16.36706868990291
2458870.366857639 109.08704101840706 18.083858479317957
2458870.3714525467 112.63115032514206 17.2315118315254
2458870.376359954 104.3614258034776 17.927980923684636
2458870.3809895837 105.64103371835257 16.80188791475529
2458870.385746528 116.56883939651233 11.427748575288136
2458870.3903414356 110.00771504923281 14.288314718678336
2458871.346197917 33.73974708453423 13.853282553243472
2458871.35197338 15.99222285820117 10.086500879888922
2458871.3566030096 20.66900590289529 11.57832025813762
2458871.3613715284 11.938945303601018 10.773158195255467
2458871.3659780095 16.109391906797914 11.452660717056103
2458871.370873843 11.686370860085182 7.1730398019249835
2458871.3755150465 16.03488859819994 12.248099342346961
2458871.3802719912 14.972732867166622 7.585677293426079
2458871.3848784724 9.911419868894432 6.44525018909274
2458871.3897743057 8.503162424648359 6.651198200324511
2458871.3944039354 6.374579099044442 7.245429593888827
2458871.3991724537 11.054442444601516 3.885027348681087
2458871.4037442133 0.0 46.26428157877306
2458889.2425520835 -252.28821797934518 255.95317198659603
2458901.2625057874 0.010645017953859645 48.44413019138645
2458901.2705266206 -15.542374269540055 52.375877080961615
2458901.285167824 -16.95221657320733 52.37485978501518
2458904.33140625 14.26463513790626 48.88850836341808
2458904.337320602 12.307298927701275 49.03740918931179
2458904.343049769 20.59826953008196 49.758978461178245
2458904.3484317134 28.02731011423842 51.643183843562554
2458904.353686343 29.362523040889496 51.44153234498366
2458904.3589525465 36.94286948526498 51.887968258547176
2458904.366047454 26.94859205868754 50.68202344026924
