202009020114 2459095.6179108797 -104.4312436685967 366.7605345171428
202009020115 2459095.631846065 -149.9303995000621 119.82169357311246
202009040126 2459097.4549016203 5.2504579608617705 22.905874073158472
202009040127 2459097.465850695 -18.073893419074718 19.64190498619929
202009040128 2459097.4785590284 -15.314461233827402 16.2326417718167
202009040129 2459097.491255787 -6.73380044191185 11.368879829228058
202009040130 2459097.5046585654 -6.818360690238248 9.227945894008077
202009040131 2459097.517320602 -2.4740978675278953 3.4825345148656206
202009040132 2459097.5300636576 0.0 325.1481960368021
202009040133 2459097.5442766203 1.746073934367385 4.143434161083088
202009080133 2459101.5007233797 342.9564675007441 277.96729425668923
202009080134 2459101.5126678245 320.4524927573469 281.898343027676
202009080135 2459101.524253472 319.14835936932064 283.59454447498933
202009080136 2459101.5373668983 297.39393250590797 290.0756571663098
202009080137 2459101.5493460647 325.4088301868878 295.28439204703807
202009080138 2459101.5610358794 309.0572002812693 297.42777117655874
202009090059 2459102.4768692134 369.6258774848495 321.0301349123878
202009090060 2459102.4899942135 473.21518384825845 329.2662571612164
202009090061 2459102.5026562503 369.2511839341783 330.25856766484503
202009090062 2459102.516649306 424.63638808331206 334.98139071936504
202009090063 2459102.5295428243 235.48164942666966 336.97853795714025
202009090064 2459102.5424247687 312.8591797814748 338.05286560195134
202009100079 2459103.391394676 241.61144339968337 343.56980660654943
202009100080 2459103.4007002315 288.56839122153696 337.64847298922194
202009100081 2459103.4122511577 406.60355147095567 340.604663663933
202009100082 2459103.4241261575 369.0868768361175 344.3761332702671
202009100083 2459103.437332176 266.2013306455473 352.6247394617492
202009100084 2459103.448883102 408.75712601769544 349.27216884548517
202009100085 2459103.460422454 386.01876595589465 357.21728808078433
202009100086 2459103.4741840283 324.0938782517883 360.5914516255519
202009100087 2459103.48572338 124.16514746086139 401.54338135960177
