8731.44301 -0.1512 1.155
8731.44301 -0.0469 1.178
8731.44301 -0.0440 0.343
8731.44301 0.0124 0.201
8731.44301 -0.1208 0.053
8731.44301 -0.0666 0.044
8731.44301 -0.0939 0.179
8731.44301 -0.0866 0.209
8731.44301 0.0638 0.115
8731.44301 0.0051 0.044
8731.44301 -0.1123 0.078
8731.44301 -0.0377 0.076
8731.44301 -0.0081 0.063
8731.44301 -0.1039 0.087
8731.44301 -0.0702 0.070
8731.44301 -0.0844 0.246
8731.44301 -0.0840 0.458
8731.44301 -0.0434 0.240
8731.44301 -0.1309 0.054
8731.44301 -0.1153 1.631
8731.44301 -0.0169 0.382
8731.44301 -0.0054 0.266
8731.44301 0.0417 0.927
8731.44301 -0.0346 0.364
8731.44301 -0.0482 0.822
8731.44301 -0.0289 1.082
8731.44301 -0.0630 0.621
8731.44301 -0.0380 1.470
8731.44301 -0.0320 0.221
8731.44301 -0.0610 1.343
8731.44301 -0.0558 0.353
8731.44301 -0.0282 0.753
8731.44301 0.0039 0.284
8731.44301 -0.0613 2.439
8731.44301 -0.0545 2.192
8731.44301 -0.0179 0.425
8731.44301 -0.0183 0.481
8731.44301 -0.0212 0.171
8731.44301 -0.0260 0.872
8731.44301 -0.0562 0.565
8731.44301 -0.0522 0.228
8731.44301 -0.0305 0.224
8731.44301 -0.0437 0.179
8731.44301 -0.0379 0.245
8731.44301 -0.0248 0.071
8731.44301 -0.0590 0.115
8731.44301 -0.0265 0.199
8731.44301 -0.0159 0.104
8731.44301 -0.0279 0.050
8731.44301 -0.0271 0.027
8731.44301 -0.0264 0.059
8731.44301 -0.0293 0.186
8731.44301 -0.0231 0.041
8731.44301 -0.0257 0.168
8731.44301 -0.0271 0.050
8731.44301 -0.0396 0.111
8731.44301 -0.0237 0.104
8731.44301 -0.0110 0.100
8731.44301 -0.0134 0.100
8731.44301 -0.0487 0.070
8731.44301 -0.0034 0.056
8731.44301 -0.0187 0.151
8731.44301 0.0014 0.078
8731.44301 -0.0391 0.129
8731.44301 -0.0207 0.119
8731.44301 -0.0385 0.086
8731.44301 0.0028 0.293
8731.44301 -0.0864 0.259
8731.44301 -0.0223 0.117
8731.44301 -0.0161 0.184
8731.44301 -0.0481 0.177
8731.44301 -0.0245 0.150
8731.44301 -0.0720 0.337
8731.44301 -0.1193 0.613
8731.44301 0.1598 0.523
8731.44301 0.0111 0.713
8731.44301 0.0347 0.452
8731.44301 0.0679 0.545
8731.44301 -0.0395 0.557
8731.44301 -0.1024 0.459
8731.44301 -0.0007 0.642
8731.44301 0.1525 0.459
8731.44301 -0.1006 2.399
8731.44301 -0.4342 1.867
