8731.46304 -0.0824 0.684
8731.46304 -0.0272 1.737
8731.46304 0.0374 1.283
8731.46304 0.0479 0.760
8731.46304 -0.1681 0.088
8731.46304 -0.0841 0.075
8731.46304 -0.1201 0.221
8731.46304 -0.1180 0.123
8731.46304 0.0665 0.140
8731.46304 0.0167 0.064
8731.46304 -0.1474 0.073
8731.46304 -0.0494 0.072
8731.46304 -0.0191 0.167
8731.46304 -0.1507 0.169
8731.46304 -0.0975 0.147
8731.46304 -0.0990 0.304
8731.46304 -0.0472 0.525
8731.46304 -0.0711 0.212
8731.46304 -0.1501 0.170
8731.46304 -0.0715 1.530
8731.46304 0.0150 0.580
8731.46304 0.0391 1.634
8731.46304 -0.0172 0.933
8731.46304 -0.0247 0.472
8731.46304 -0.0175 0.789
8731.46304 -0.0280 0.266
8731.46304 -0.0527 0.250
8731.46304 -0.0103 1.458
8731.46304 0.0074 0.453
8731.46304 -0.0130 0.504
8731.46304 -0.0357 0.099
8731.46304 -0.0244 0.199
8731.46304 -0.0159 0.453
8731.46304 -0.0483 1.318
8731.46304 -0.0021 0.443
8731.46304 -0.0074 0.294
8731.46304 -0.0148 0.266
8731.46304 -0.0003 0.264
8731.46304 -0.0187 0.714
8731.46304 -0.0334 0.508
8731.46304 -0.0239 0.081
8731.46304 -0.0356 0.048
8731.46304 -0.0365 0.132
8731.46304 -0.0322 0.153
8731.46304 -0.0095 0.184
8731.46304 -0.0311 0.118
8731.46304 -0.0074 0.263
8731.46304 -0.0108 0.389
8731.46304 -0.0365 0.133
8731.46304 -0.0280 0.036
8731.46304 -0.0061 0.099
8731.46304 -0.0145 0.133
8731.46304 -0.0195 0.080
8731.46304 -0.0089 0.079
8731.46304 -0.0071 0.065
8731.46304 -0.0349 0.066
8731.46304 -0.0125 0.300
8731.46304 -0.0026 0.117
8731.46304 -0.0216 0.145
8731.46304 -0.0435 0.106
8731.46304 0.0150 0.153
8731.46304 -0.0226 0.241
8731.46304 0.0109 0.057
8731.46304 -0.0375 0.194
8731.46304 0.0140 0.058
8731.46304 -0.0026 0.131
8731.46304 -0.0116 0.232
8731.46304 -0.1073 0.375
8731.46304 -0.0030 0.149
8731.46304 -0.0285 0.715
8731.46304 -0.0325 0.575
8731.46304 -0.0218 0.192
8731.46304 -0.0303 0.192
8731.46304 -0.1296 0.398
8731.46304 0.0717 0.325
8731.46304 -0.0115 1.111
8731.46304 0.0990 0.398
8731.46304 0.1557 0.710
8731.46304 -0.0533 0.675
8731.46304 -0.0653 0.808
8731.46304 -0.0737 1.149
8731.46304 0.1307 0.292
8731.46304 -0.0986 1.809
8731.46304 -0.1208 2.280
