8742.52950 -1.2449 1.407
8742.52950 -1.4329 1.243
8742.52950 -1.3046 0.841
8742.52950 -1.7864 0.613
8742.52950 -6.2921 0.206
8742.52950 -5.9406 0.171
8742.52950 -1.6148 0.306
8742.52950 -2.3263 0.415
8742.52950 -0.6315 0.141
8742.52950 -1.7357 0.195
8742.52950 -5.9434 0.112
8742.52950 -0.5915 0.108
8742.52950 -0.5794 0.250
8742.52950 -4.0554 0.299
8742.52950 -4.9218 0.208
8742.52950 -2.0406 0.498
8742.52950 -1.4481 0.720
8742.52950 -3.6078 0.580
8742.52950 -5.5606 0.138
8742.52950 -0.4208 1.772
8742.52950 -0.3117 0.337
8742.52950 -0.1556 0.670
8742.52950 -0.5401 0.716
8742.52950 -0.5956 0.537
8742.52950 1.2575 0.667
8742.52950 -0.1447 0.356
8742.52950 -1.0811 0.593
8742.52950 -0.0339 1.555
8742.52950 -0.0706 0.500
8742.52950 0.0059 0.316
8742.52950 1.2601 0.640
8742.52950 0.8216 0.735
8742.52950 4.7988 4.575
8742.52950 -0.0158 0.293
8742.52950 -0.0006 0.310
8742.52950 -0.2678 0.368
8742.52950 0.1401 0.297
8742.52950 0.1147 0.333
8742.52950 0.0385 0.777
8742.52950 0.0555 0.516
8742.52950 0.0279 0.379
8742.52950 0.0815 0.179
8742.52950 0.1327 0.246
8742.52950 0.0665 0.290
8742.52950 0.0219 0.201
8742.52950 0.0279 0.211
8742.52950 0.0632 0.405
8742.52950 0.0373 0.189
8742.52950 0.0867 0.183
8742.52950 0.0508 0.160
8742.52950 0.0926 0.199
8742.52950 0.0690 0.252
8742.52950 0.0462 0.192
8742.52950 0.0056 0.287
8742.52950 -0.0246 0.217
8742.52950 -0.0915 0.194
8742.52950 -0.0654 0.381
8742.52950 -0.0610 0.250
8742.52950 -0.0586 0.248
8742.52950 -0.0291 0.227
8742.52950 -0.0440 0.244
8742.52950 -0.0494 0.278
8742.52950 -0.0452 0.217
8742.52950 -0.1025 0.192
8742.52950 0.0209 0.237
8742.52950 -0.1255 0.237
8742.52950 -0.1169 0.245
8742.52950 -0.2603 0.542
8742.52950 -0.0855 0.273
8742.52950 -0.1239 0.388
8742.52950 -0.1081 0.319
8742.52950 -0.1305 0.222
8742.52950 -0.0924 0.350
8742.52950 -0.2392 0.557
8742.52950 0.0099 0.570
8742.52950 -0.0642 1.399
8742.52950 0.0697 0.563
8742.52950 0.0455 0.610
8742.52950 -0.0466 0.347
8742.52950 -0.0975 0.398
8742.52950 -0.0038 1.048
8742.52950 0.2144 0.290
8742.52950 -0.1739 2.414
8742.52950 -0.1355 1.472
