8748.38722 -0.3942 2.137
8748.38722 -0.2710 2.132
8748.38722 -0.2586 1.634
8748.38722 -1.4457 1.186
8748.38722 -7.6482 0.236
8748.38722 -7.3557 0.278
8748.38722 -1.2520 1.251
8748.38722 -2.0951 2.188
8748.38722 -0.0240 0.955
8748.38722 -1.4017 0.401
8748.38722 -7.5860 0.261
8748.38722 0.0111 0.150
8748.38722 -0.2039 0.348
8748.38722 -5.6449 0.428
8748.38722 -6.9808 0.305
8748.38722 -2.5622 0.590
8748.38722 -1.7423 1.336
8748.38722 -5.3814 0.831
8748.38722 -7.6858 0.364
8748.38722 -0.2723 2.929
8748.38722 -0.1060 0.837
8748.38722 -0.0331 1.634
8748.38722 -0.4827 1.500
8748.38722 -0.7359 0.683
8748.38722 -0.0029 0.480
8748.38722 -0.1145 0.459
8748.38722 -1.1531 0.765
8748.38722 -0.0903 0.785
8748.38722 -0.0188 0.197
8748.38722 -0.0477 0.941
8748.38722 -0.1069 0.389
8748.38722 -0.6609 0.867
8748.38722 -0.1812 0.369
8748.38722 -0.1504 2.529
8748.38722 -0.1336 1.600
8748.38722 -0.1695 0.361
8748.38722 -0.0770 0.551
8748.38722 0.0005 0.273
8748.38722 -0.0160 0.899
8748.38722 -0.1090 0.718
8748.38722 -0.0560 0.595
8748.38722 -0.0394 0.436
8748.38722 -0.1375 0.245
8748.38722 -0.1174 0.367
8748.38722 -0.0159 0.216
8748.38722 -0.0032 0.137
8748.38722 -0.0441 0.248
8748.38722 -0.0857 0.285
8748.38722 -0.1038 0.174
8748.38722 -0.0473 0.121
8748.38722 -0.0011 0.229
8748.38722 -0.0092 0.165
8748.38722 -0.0303 0.195
8748.38722 -0.0693 0.334
8748.38722 -0.0704 0.165
8748.38722 -0.1611 0.196
8748.38722 -0.0342 0.255
8748.38722 -0.0539 0.166
8748.38722 0.0425 0.146
8748.38722 -0.1102 0.195
8748.38722 -0.0438 0.142
8748.38722 -0.0794 0.323
8748.38722 -0.0267 0.155
8748.38722 -0.0727 0.165
8748.38722 -0.0526 0.358
8748.38722 -0.0991 0.190
8748.38722 -0.0139 0.322
8748.38722 -0.1673 0.252
8748.38722 -0.0761 0.499
8748.38722 -0.0112 0.203
8748.38722 -0.1008 0.559
8748.38722 -0.0087 0.162
8748.38722 -0.0732 0.330
8748.38722 -0.2704 0.427
8748.38722 0.0354 0.615
8748.38722 0.0262 1.453
8748.38722 0.0143 0.681
8748.38722 0.0013 0.916
8748.38722 -0.0788 0.820
8748.38722 -0.1422 0.978
8748.38722 -0.0522 1.428
8748.38722 0.2156 0.574
8748.38722 -0.3660 2.085
8748.38722 -0.4819 2.320
