8757.29377 -0.9177 4.376
8757.29377 -0.1459 0.953
8757.29377 -0.3358 1.017
8757.29377 -3.4206 1.294
8757.29377 -11.6940 0.254
8757.29377 -11.4924 0.415
8757.29377 -2.5160 1.710
8757.29377 -3.2190 1.773
8757.29377 0.0013 0.370
8757.29377 -1.5000 0.652
8757.29377 -11.4217 0.241
8757.29377 -0.0504 0.213
8757.29377 -0.1565 0.290
8757.29377 -10.0113 0.643
8757.29377 -11.2355 0.477
8757.29377 -3.3947 1.242
8757.29377 -3.4942 2.073
8757.29377 -10.0380 0.655
8757.29377 -11.6419 0.188
8757.29377 -0.1196 1.523
8757.29377 0.0019 0.675
8757.29377 -0.0507 1.295
8757.29377 -0.5806 1.142
8757.29377 -1.1255 0.704
8757.29377 -0.1495 0.734
8757.29377 -0.0611 0.925
8757.29377 -1.4881 1.230
8757.29377 -0.1186 1.657
8757.29377 -0.0186 0.423
8757.29377 -0.1001 1.409
8757.29377 -0.0682 0.439
8757.29377 -0.9002 1.455
8757.29377 -0.4383 0.732
8757.29377 -0.1125 2.888
8757.29377 -0.0377 2.064
8757.29377 0.0027 0.470
8757.29377 0.0008 0.613
8757.29377 -0.0541 0.318
8757.29377 -0.0281 0.908
8757.29377 -0.0894 0.634
8757.29377 -0.1341 0.487
8757.29377 -0.0827 0.301
8757.29377 -0.0331 0.262
8757.29377 0.0011 0.350
8757.29377 -0.3846 0.185
8757.29377 -0.1101 0.216
8757.29377 -0.0254 0.382
8757.29377 -0.0777 0.299
8757.29377 -0.0611 0.205
8757.29377 -0.0028 0.227
8757.29377 -0.0799 0.301
8757.29377 -0.3696 0.176
8757.29377 -0.0988 0.494
8757.29377 -0.4178 0.458
8757.29377 -0.0546 0.229
8757.29377 -0.0463 0.180
8757.29377 -0.1088 0.279
8757.29377 -0.0860 0.225
8757.29377 -0.0648 0.299
8757.29377 -0.1136 0.206
8757.29377 -0.0354 0.244
8757.29377 -0.0521 0.355
8757.29377 -0.0472 0.207
8757.29377 -0.3640 0.155
8757.29377 -0.3709 0.174
8757.29377 -0.4497 0.231
8757.29377 -0.0419 0.426
8757.29377 -0.2579 1.062
8757.29377 0.0116 0.571
8757.29377 0.0384 0.239
8757.29377 -0.1189 0.491
8757.29377 -0.1187 0.273
8757.29377 -0.1188 0.251
8757.29377 -0.0384 1.248
8757.29377 -0.3363 0.684
8757.29377 -0.1218 1.350
8757.29377 0.3766 1.812
8757.29377 0.1208 0.754
8757.29377 -0.0368 0.875
8757.29377 -0.1982 1.196
8757.29377 -0.3487 1.527
8757.29377 -0.0870 0.498
8757.29377 -0.0706 1.546
8757.29377 -0.4243 2.093
