8741.48082 -0.5354 2.549
8741.48082 -0.3505 1.182
8741.48082 -0.3368 0.927
8741.48082 -1.4381 0.703
8741.48082 -4.7279 0.135
8741.48082 -4.6230 0.198
8741.48082 -1.1489 0.537
8741.48082 -1.7648 1.162
8741.48082 -0.1048 0.280
8741.48082 -1.1098 0.239
8741.48082 -4.6902 0.138
8741.48082 -0.1019 0.131
8741.48082 -0.2718 0.128
8741.48082 -3.7047 0.313
8741.48082 -4.4852 0.258
8741.48082 -2.1402 0.329
8741.48082 -1.8695 0.709
8741.48082 -3.5873 0.273
8741.48082 -4.7393 0.114
8741.48082 -0.2492 1.410
8741.48082 -0.1003 0.415
8741.48082 -0.0312 0.989
8741.48082 -0.4031 0.891
8741.48082 -0.5888 0.493
8741.48082 -0.0546 0.800
8741.48082 -0.0813 0.933
8741.48082 -0.9856 0.791
8741.48082 -0.1105 1.703
8741.48082 -0.0341 0.349
8741.48082 -0.0931 1.425
8741.48082 -0.1220 0.301
8741.48082 -0.7693 0.741
8741.48082 -0.3357 0.460
8741.48082 -0.1739 2.591
8741.48082 -0.0511 1.895
8741.48082 -0.1014 0.435
8741.48082 -0.0322 0.575
8741.48082 -0.1054 0.249
8741.48082 -0.0559 0.908
8741.48082 -0.1404 0.668
8741.48082 -0.1534 0.443
8741.48082 -0.1233 0.248
8741.48082 -0.0927 0.205
8741.48082 -0.0285 0.266
8741.48082 -0.1250 0.114
8741.48082 -0.0789 0.125
8741.48082 -0.1547 0.259
8741.48082 -0.1003 0.158
8741.48082 -0.1099 0.167
8741.48082 -0.0274 0.092
8741.48082 -0.1130 0.108
8741.48082 -0.1147 0.206
8741.48082 -0.1286 0.118
8741.48082 -0.1105 0.241
8741.48082 -0.0732 0.143
8741.48082 -0.1018 0.097
8741.48082 -0.1154 0.225
8741.48082 -0.0669 0.126
8741.48082 -0.0854 0.203
8741.48082 -0.0900 0.141
8741.48082 -0.0935 0.102
8741.48082 -0.1322 0.221
8741.48082 -0.0356 0.119
8741.48082 -0.0611 0.113
8741.48082 -0.0832 0.121
8741.48082 -0.1050 0.132
8741.48082 -0.1034 0.555
8741.48082 -0.1981 0.215
8741.48082 -0.0269 0.382
8741.48082 -0.1226 0.124
8741.48082 -0.1051 0.390
8741.48082 -0.1076 0.181
8741.48082 -0.1550 0.193
8741.48082 -0.2518 0.916
8741.48082 -0.0318 0.359
8741.48082 -0.0991 0.775
8741.48082 -0.0548 0.672
8741.48082 -0.0072 0.601
8741.48082 -0.0840 0.465
8741.48082 -0.1660 0.951
8741.48082 -0.0844 1.034
8741.48082 -0.0740 0.358
8741.48082 -0.3112 2.427
8741.48082 -0.5370 1.900
