8794.47094 -1.3698 9.450
8794.47094 -0.2669 0.935
8794.47094 -0.1842 1.132
8794.47094 0.1034 1.021
8794.47094 -26.9266 0.306
8794.47094 -27.1851 0.488
8794.47094 -1.0666 1.219
8794.47094 -1.0057 1.173
8794.47094 0.1408 0.513
8794.47094 0.8002 0.803
8794.47094 -26.7058 1.851
8794.47094 0.0566 0.227
8794.47094 -0.0860 0.236
8794.47094 -26.3004 0.884
8794.47094 -27.0633 0.592
8794.47094 -1.2499 1.329
8794.47094 -0.1320 1.324
8794.47094 -26.9880 0.855
8794.47094 -26.9407 0.221
8794.47094 -0.0439 1.405
8794.47094 -0.1659 0.546
8794.47094 -0.2045 1.320
8794.47094 0.1506 0.995
8794.47094 -0.0117 0.579
8794.47094 -0.0475 0.755
8794.47094 0.0135 0.937
8794.47094 0.2058 1.523
8794.47094 0.0653 1.629
8794.47094 0.1347 0.277
8794.47094 0.0143 1.386
8794.47094 0.0691 0.442
8794.47094 0.1611 1.081
8794.47094 0.2660 0.632
8794.47094 0.0119 3.213
8794.47094 0.1074 2.189
8794.47094 0.0417 0.384
8794.47094 0.1345 0.611
8794.47094 0.1131 0.406
8794.47094 0.0167 1.218
8794.47094 0.1119 0.758
8794.47094 0.0906 0.736
8794.47094 0.1067 0.443
8794.47094 0.0982 0.191
8794.47094 0.0154 0.929
8794.47094 0.0540 0.157
8794.47094 0.0385 0.189
8794.47094 0.0551 0.144
8794.47094 0.0607 0.189
8794.47094 0.0781 0.135
8794.47094 -0.0308 0.205
8794.47094 0.0684 0.226
8794.47094 0.0950 0.129
8794.47094 0.0933 0.838
8794.47094 0.0466 0.929
8794.47094 0.0710 0.245
8794.47094 -0.0581 0.266
8794.47094 0.0622 0.330
8794.47094 0.0897 0.359
8794.47094 0.1210 0.343
8794.47094 0.0269 0.214
8794.47094 0.0386 0.258
8794.47094 0.1629 0.223
8794.47094 0.0123 0.182
8794.47094 0.0789 0.194
8794.47094 0.0359 0.222
8794.47094 0.1150 0.244
8794.47094 0.1802 0.513
8794.47094 0.0514 0.706
8794.47094 0.1656 0.285
8794.47094 0.1624 0.985
8794.47094 0.0767 0.250
8794.47094 0.0565 0.346
8794.47094 0.1218 0.248
8794.47094 -0.3643 2.041
8794.47094 0.1282 0.419
8794.47094 0.1799 0.486
8794.47094 0.1545 0.434
8794.47094 0.3362 0.483
8794.47094 -0.0370 0.552
8794.47094 0.6159 4.442
8794.47094 -0.3317 2.276
8794.47094 1.0631 5.796
8794.47094 -0.0429 4.496
8794.47094 0.2919 12.850
