8739.55084 -0.3852 2.177
8739.55084 -0.1395 1.201
8739.55084 -0.3149 0.712
8739.55084 -1.2965 0.497
8739.55084 -3.9180 0.138
8739.55084 -3.9287 0.176
8739.55084 -1.0238 0.590
8739.55084 -1.5208 0.319
8739.55084 0.0769 0.211
8739.55084 -0.8628 0.266
8739.55084 -3.9067 0.167
8739.55084 -0.0127 0.119
8739.55084 -0.1215 0.190
8739.55084 -3.0609 0.309
8739.55084 -3.7328 0.266
8739.55084 -1.6075 0.337
8739.55084 -1.5646 0.673
8739.55084 -2.9402 0.306
8739.55084 -3.8947 0.112
8739.55084 -0.1783 1.649
8739.55084 -0.0286 0.395
8739.55084 0.0078 0.753
8739.55084 -0.3001 0.889
8739.55084 -0.6003 0.479
8739.55084 -0.0437 0.769
8739.55084 -0.1128 1.049
8739.55084 -0.8869 0.577
8739.55084 -0.1214 1.477
8739.55084 -0.0972 0.341
8739.55084 -0.0253 1.431
8739.55084 -0.1427 0.239
8739.55084 -0.6619 0.887
8739.55084 -0.2352 0.497
8739.55084 -0.0741 2.499
8739.55084 -0.1175 1.914
8739.55084 -0.1728 0.445
8739.55084 -0.0293 0.516
8739.55084 -0.0045 0.212
8739.55084 -0.0580 0.931
8739.55084 -0.1329 0.592
8739.55084 -0.0688 0.401
8739.55084 -0.0318 0.268
8739.55084 -0.1635 0.222
8739.55084 -0.1000 0.271
8739.55084 -0.0083 0.094
8739.55084 -0.0989 0.113
8739.55084 -0.0387 0.172
8739.55084 -0.0966 0.085
8739.55084 -0.0309 0.111
8739.55084 -0.0573 0.096
8739.55084 0.0047 0.094
8739.55084 0.0014 0.139
8739.55084 -0.0457 0.170
8739.55084 -0.0361 0.127
8739.55084 -0.0705 0.100
8739.55084 -0.0044 0.086
8739.55084 -0.0552 0.121
8739.55084 -0.0415 0.103
8739.55084 -0.0405 0.113
8739.55084 -0.0606 0.169
8739.55084 -0.0148 0.114
8739.55084 -0.0211 0.150
8739.55084 -0.0519 0.129
8739.55084 -0.0678 0.175
8739.55084 -0.1204 0.179
8739.55084 -0.0924 0.111
8739.55084 -0.0399 0.331
8739.55084 -0.1221 0.508
8739.55084 -0.0797 0.492
8739.55084 -0.0755 0.126
8739.55084 -0.1581 0.305
8739.55084 -0.1065 0.281
8739.55084 -0.1733 0.379
8739.55084 -0.3001 1.130
8739.55084 0.0113 0.221
8739.55084 -0.0235 1.057
8739.55084 0.1154 1.057
8739.55084 0.1317 0.622
8739.55084 -0.1783 0.954
8739.55084 -3.7725 5.559
8739.55084 -0.0480 2.236
8739.55084 0.0449 0.528
8739.55084 -0.5907 2.630
8739.55084 -0.2069 2.551
