8739.50968 -0.5296 3.227
8739.50968 -0.1849 1.827
8739.50968 -0.2423 0.513
8739.50968 -1.0438 0.306
8739.50968 -3.8151 0.132
8739.50968 -3.7695 0.147
8739.50968 -0.8988 0.495
8739.50968 -1.3505 0.255
8739.50968 0.0456 0.218
8739.50968 -0.8704 0.246
8739.50968 -3.8168 0.305
8739.50968 -0.0359 0.096
8739.50968 -0.0664 0.157
8739.50968 -2.9275 0.279
8739.50968 -3.5785 0.162
8739.50968 -1.5161 0.393
8739.50968 -1.3335 0.501
8739.50968 -2.7541 0.250
8739.50968 -3.8100 0.088
8739.50968 -0.1597 1.664
8739.50968 -0.0031 0.422
8739.50968 0.0316 1.026
8739.50968 -0.2756 0.612
8739.50968 -0.5076 0.299
8739.50968 -0.0158 0.126
8739.50968 -0.0908 0.167
8739.50968 -0.8272 0.324
8739.50968 -0.0879 0.641
8739.50968 -0.0711 0.174
8739.50968 0.0168 0.303
8739.50968 -0.1070 0.125
8739.50968 -0.5530 0.501
8739.50968 -0.1797 0.254
8739.50968 -0.0849 2.263
8739.50968 -0.0882 1.524
8739.50968 -0.1302 0.410
8739.50968 -0.0365 0.442
8739.50968 0.0008 0.227
8739.50968 -0.0301 0.842
8739.50968 -0.0953 0.590
8739.50968 -0.0502 0.203
8739.50968 -0.0090 0.301
8739.50968 -0.1353 0.252
8739.50968 -0.0778 0.296
8739.50968 0.0114 0.126
8739.50968 -0.0777 0.128
8739.50968 -0.0479 0.190
8739.50968 -0.0815 0.099
8739.50968 -0.0275 0.101
8739.50968 -0.0427 0.099
8739.50968 -0.0179 0.087
8739.50968 -0.0288 0.194
8739.50968 -0.0143 0.085
8739.50968 -0.0352 0.248
8739.50968 0.0003 0.112
8739.50968 -0.0253 0.087
8739.50968 -0.0072 0.153
8739.50968 -0.0542 0.169
8739.50968 0.0109 0.138
8739.50968 -0.0324 0.128
8739.50968 -0.0036 0.134
8739.50968 0.0065 0.173
8739.50968 0.0012 0.088
8739.50968 -0.0639 0.114
8739.50968 -0.1118 0.160
8739.50968 -0.1322 0.126
8739.50968 0.0222 0.518
8739.50968 -0.0436 0.317
8739.50968 -0.0585 0.124
8739.50968 -0.0251 0.164
8739.50968 -0.0679 0.184
8739.50968 -0.1122 0.277
8739.50968 -0.0868 0.300
8739.50968 -0.2612 0.736
8739.50968 0.0246 0.518
8739.50968 0.1834 0.521
8739.50968 0.0159 0.678
8739.50968 0.1065 0.792
8739.50968 -0.1371 0.400
8739.50968 -0.0762 0.384
8739.50968 -0.0541 1.224
8739.50968 0.7873 0.776
8739.50968 -0.0898 2.381
8739.50968 -0.5219 2.757
