8743.55925 -0.5611 3.189
8743.55925 -0.2638 1.629
8743.55925 -0.3839 1.431
8743.55925 -1.6528 0.759
8743.55925 -5.8132 0.156
8743.55925 -5.7009 0.199
8743.55925 -1.2972 0.611
8743.55925 -2.0285 0.350
8743.55925 -0.0788 0.277
8743.55925 -1.7696 0.285
8743.55925 -5.7564 0.126
8743.55925 -0.0751 0.132
8743.55925 -0.1262 0.224
8743.55925 -4.5244 0.354
8743.55925 -5.3211 0.245
8743.55925 -2.3873 0.614
8743.55925 -2.1043 0.736
8743.55925 -4.2744 0.529
8743.55925 -5.7920 0.167
8743.55925 -0.2950 2.320
8743.55925 0.0360 0.467
8743.55925 0.0217 1.157
8743.55925 -0.5046 0.840
8743.55925 -0.6988 0.706
8743.55925 -0.0712 0.504
8743.55925 -0.0326 0.400
8743.55925 -1.1319 0.796
8743.55925 -0.0571 0.622
8743.55925 -0.0481 0.197
8743.55925 -0.0236 0.172
8743.55925 -0.1690 0.174
8743.55925 -0.8340 0.384
8743.55925 -0.3504 0.378
8743.55925 -0.0506 0.638
8743.55925 -0.0513 0.257
8743.55925 -0.2017 0.499
8743.55925 0.0357 0.441
8743.55925 -0.0459 0.343
8743.55925 -0.0758 0.859
8743.55925 -0.0487 0.716
8743.55925 -0.0968 0.355
8743.55925 -0.0613 0.164
8743.55925 -0.1662 0.239
8743.55925 -0.0469 0.279
8743.55925 -0.0476 0.125
8743.55925 -0.0312 0.128
8743.55925 -0.0654 0.338
8743.55925 -0.1375 0.165
8743.55925 -0.0563 0.121
8743.55925 -0.0012 0.086
8743.55925 -0.0493 0.152
8743.55925 -0.0815 0.145
8743.55925 -0.0648 0.136
8743.55925 -0.0134 0.192
8743.55925 -0.0029 0.136
8743.55925 -0.0471 0.134
8743.55925 -0.0767 0.242
8743.55925 -0.0484 0.123
8743.55925 -0.0014 0.275
8743.55925 -0.1038 0.146
8743.55925 -0.0450 0.184
8743.55925 -0.0200 0.311
8743.55925 -0.0553 0.123
8743.55925 -0.0143 0.105
8743.55925 -0.0953 0.149
8743.55925 -0.1391 0.156
8743.55925 -0.0396 0.359
8743.55925 -0.1210 0.219
8743.55925 -0.1133 0.223
8743.55925 -0.0678 0.270
8743.55925 -0.0708 0.172
8743.55925 -0.0580 0.172
8743.55925 -0.1172 0.316
8743.55925 -0.1997 0.775
8743.55925 0.0504 0.583
8743.55925 -0.0094 1.117
8743.55925 -0.0043 0.894
8743.55925 0.1088 0.785
8743.55925 -0.1156 0.970
8743.55925 -0.2549 0.730
8743.55925 -0.1545 1.389
8743.55925 0.2241 0.924
8743.55925 -0.2015 1.452
8743.55925 -0.1661 1.759
