8742.52010 -1.1815 0.969
8742.52010 -1.3674 0.941
8742.52010 -1.3272 0.505
8742.52010 -1.8591 0.828
8742.52010 -6.2641 0.203
8742.52010 -5.9276 0.168
8742.52010 -1.6457 3.118
8742.52010 -2.3584 1.290
8742.52010 -0.6339 0.367
8742.52010 -1.7076 0.212
8742.52010 -5.9257 0.138
8742.52010 -0.6294 0.164
8742.52010 -0.5864 0.243
8742.52010 -4.0690 0.358
8742.52010 -4.9289 0.164
8742.52010 -2.0491 0.346
8742.52010 -1.4612 0.702
8742.52010 -3.6142 0.452
8742.52010 -5.5433 0.122
8742.52010 -0.4098 1.061
8742.52010 -0.3035 0.382
8742.52010 -0.1163 1.105
8742.52010 -0.5066 0.454
8742.52010 -0.5828 0.378
8742.52010 1.2502 0.665
8742.52010 -0.1348 0.268
8742.52010 -1.0408 0.672
8742.52010 -0.0371 1.056
8742.52010 -0.0698 0.313
8742.52010 -0.0020 0.307
8742.52010 1.2673 0.619
8742.52010 0.8573 0.673
8742.52010 4.7626 4.568
8742.52010 -0.0319 0.708
8742.52010 0.0297 0.351
8742.52010 -0.2551 0.390
8742.52010 0.1317 0.431
8742.52010 0.1217 0.388
8742.52010 0.0423 0.831
8742.52010 0.0507 0.783
8742.52010 0.0293 0.301
8742.52010 0.0673 0.220
8742.52010 0.1296 0.259
8742.52010 0.0799 0.277
8742.52010 0.0215 0.202
8742.52010 0.0321 0.213
8742.52010 0.0850 0.284
8742.52010 0.0454 0.209
8742.52010 0.0856 0.188
8742.52010 0.0628 0.162
8742.52010 0.0878 0.226
8742.52010 0.0748 0.216
8742.52010 0.0193 0.260
8742.52010 -0.0072 0.277
8742.52010 0.0025 0.221
8742.52010 -0.1063 0.209
8742.52010 -0.0487 0.418
8742.52010 -0.0515 0.229
8742.52010 -0.0160 0.271
8742.52010 -0.0492 0.218
8742.52010 -0.0327 0.214
8742.52010 -0.0546 0.355
8742.52010 -0.0440 0.208
8742.52010 -0.1192 0.192
8742.52010 0.0003 0.225
8742.52010 -0.1462 0.228
8742.52010 -0.0732 0.271
8742.52010 -0.2329 0.392
8742.52010 -0.0856 0.237
8742.52010 -0.1118 0.299
8742.52010 -0.1728 0.299
8742.52010 -0.1468 0.185
8742.52010 -0.1381 0.226
8742.52010 -0.2941 0.363
8742.52010 0.0232 0.379
8742.52010 -0.1284 0.293
8742.52010 0.0811 0.352
8742.52010 0.0847 0.521
8742.52010 -0.0568 0.516
8742.52010 -0.1694 0.676
8742.52010 0.0255 1.600
8742.52010 0.3052 0.671
8742.52010 -0.1690 2.438
8742.52010 -0.1570 3.060
