8732.58390 -0.0528 0.702
8732.58390 -0.1649 0.830
8732.58390 -0.2504 1.298
8732.58390 -0.3317 0.882
8732.58390 -0.8913 0.109
8732.58390 -0.9963 0.280
8732.58390 -0.1619 0.631
8732.58390 -0.3469 1.234
8732.58390 0.1040 0.330
8732.58390 -0.1908 0.144
8732.58390 -0.9047 0.177
8732.58390 -0.0255 0.181
8732.58390 -0.0417 0.181
8732.58390 -0.6301 0.181
8732.58390 -0.9494 0.212
8732.58390 -0.3832 0.237
8732.58390 -0.4449 0.511
8732.58390 -0.6527 0.156
8732.58390 -0.8722 0.053
8732.58390 -0.1543 1.927
8732.58390 -0.0879 0.281
8732.58390 0.0484 0.945
8732.58390 -0.1359 0.896
8732.58390 -0.1718 0.209
8732.58390 -0.0595 0.289
8732.58390 -0.0827 0.392
8732.58390 -0.2428 0.242
8732.58390 -0.0378 0.888
8732.58390 -0.0941 0.252
8732.58390 -0.0050 0.245
8732.58390 -0.1314 0.299
8732.58390 -0.1914 0.442
8732.58390 -0.1673 0.362
8732.58390 -0.1189 2.178
8732.58390 -0.1254 1.351
8732.58390 -0.1661 0.498
8732.58390 -0.0856 0.421
8732.58390 -0.0634 0.282
8732.58390 -0.0818 0.801
8732.58390 -0.0522 0.625
8732.58390 -0.0351 0.199
8732.58390 -0.0261 0.221
8732.58390 -0.1514 0.223
8732.58390 -0.0933 0.336
8732.58390 -0.0235 0.179
8732.58390 -0.0376 0.186
8732.58390 -0.0371 0.277
8732.58390 -0.0123 0.166
8732.58390 -0.0377 0.180
8732.58390 -0.0936 0.138
8732.58390 -0.0980 0.182
8732.58390 -0.0466 0.248
8732.58390 -0.0762 0.354
8732.58390 -0.0874 0.307
8732.58390 -0.0114 0.217
8732.58390 -0.0908 0.161
8732.58390 -0.0547 0.384
8732.58390 -0.0554 0.170
8732.58390 -0.0354 0.194
8732.58390 -0.0510 0.179
8732.58390 -0.0304 0.213
8732.58390 -0.0576 0.336
8732.58390 -0.0193 0.173
8732.58390 -0.0961 0.170
8732.58390 -0.1053 0.179
8732.58390 -0.1579 0.186
8732.58390 -0.1214 0.777
8732.58390 -0.1837 0.926
8732.58390 -0.1291 0.642
8732.58390 -0.0920 0.217
8732.58390 -0.0863 0.241
8732.58390 -0.0544 0.174
8732.58390 -0.1204 0.216
8732.58390 -0.2193 0.320
8732.58390 0.0031 0.564
8732.58390 -0.0432 1.197
8732.58390 0.0169 0.885
8732.58390 -0.0328 0.453
8732.58390 -0.0316 0.646
8732.58390 0.2939 2.006
8732.58390 0.3753 1.836
8732.58390 -0.0557 0.513
8732.58390 -0.3336 1.553
8732.58390 -0.4252 1.896
