8739.49806 -0.2232 0.981
8739.49806 -0.0911 1.393
8739.49806 -0.1793 1.048
8739.49806 -0.9831 0.853
8739.49806 -3.7794 0.149
8739.49806 -3.7033 0.163
8739.49806 -0.9396 0.492
8739.49806 -1.2205 1.318
8739.49806 0.1226 0.203
8739.49806 -0.8694 0.262
8739.49806 -3.8035 0.079
8739.49806 0.0042 0.133
8739.49806 -0.0677 0.125
8739.49806 -2.8361 0.272
8739.49806 -3.4928 0.153
8739.49806 -1.4645 0.247
8739.49806 -1.2475 0.451
8739.49806 -2.6687 0.236
8739.49806 -3.7709 0.130
8739.49806 -0.1818 2.077
8739.49806 -0.0122 0.339
8739.49806 0.0476 0.938
8739.49806 -0.3063 0.846
8739.49806 -0.4600 0.259
8739.49806 -0.0298 0.220
8739.49806 -0.1088 0.222
8739.49806 -0.8095 0.285
8739.49806 -0.0809 0.561
8739.49806 -0.0659 0.252
8739.49806 0.0183 0.471
8739.49806 -0.0840 0.111
8739.49806 -0.5043 0.508
8739.49806 -0.1496 0.264
8739.49806 -0.1209 2.222
8739.49806 -0.0429 1.269
8739.49806 -0.1267 0.304
8739.49806 -0.0299 0.392
8739.49806 -0.0255 0.206
8739.49806 -0.0180 0.951
8739.49806 -0.0828 0.659
8739.49806 -0.0273 0.173
8739.49806 0.0267 0.393
8739.49806 -0.1148 0.181
8739.49806 -0.0607 0.277
8739.49806 0.0158 0.165
8739.49806 -0.0753 0.110
8739.49806 -0.0258 0.113
8739.49806 -0.0613 0.157
8739.49806 -0.0381 0.136
8739.49806 -0.0188 0.066
8739.49806 0.0027 0.099
8739.49806 -0.0157 0.127
8739.49806 -0.0128 0.115
8739.49806 -0.0030 0.121
8739.49806 -0.0412 0.107
8739.49806 -0.0198 0.134
8739.49806 0.0242 0.163
8739.49806 -0.0375 0.115
8739.49806 -0.0023 0.153
8739.49806 -0.0419 0.089
8739.49806 -0.0077 0.091
8739.49806 0.0207 0.130
8739.49806 -0.0082 0.098
8739.49806 -0.0392 0.089
8739.49806 -0.0965 0.105
8739.49806 -0.1327 0.125
8739.49806 -0.0169 0.594
8739.49806 -0.0951 0.679
8739.49806 -0.0554 0.430
8739.49806 0.1161 0.406
8739.49806 -0.0159 0.390
8739.49806 -0.1125 0.351
8739.49806 0.2645 0.851
8739.49806 -0.2788 0.503
8739.49806 -0.1622 0.543
8739.49806 -0.8242 0.581
8739.49806 0.0278 0.484
8739.49806 0.0710 0.192
8739.49806 -0.0357 0.598
8739.49806 -0.4700 1.414
8739.49806 -0.1396 1.329
8739.49806 0.0923 1.283
8739.49806 -0.1141 1.942
8739.49806 -0.3523 3.150
