8748.36845 -0.3747 2.172
8748.36845 -0.2802 1.622
8748.36845 -0.2454 1.451
8748.36845 -1.5183 0.968
8748.36845 -7.6224 0.201
8748.36845 -7.3439 0.298
8748.36845 -1.2439 0.501
8748.36845 -2.1242 1.616
8748.36845 -0.0511 0.239
8748.36845 -1.4018 0.399
8748.36845 -7.5479 0.265
8748.36845 0.0204 0.192
8748.36845 -0.1991 0.262
8748.36845 -5.6512 0.399
8748.36845 -6.9647 0.319
8748.36845 -2.6105 0.533
8748.36845 -1.7569 0.738
8748.36845 -5.3943 0.769
8748.36845 -7.6520 0.179
8748.36845 -0.2263 1.275
8748.36845 -0.1380 0.273
8748.36845 0.0056 1.148
8748.36845 -0.5005 0.826
8748.36845 -0.7403 0.586
8748.36845 -0.0059 0.390
8748.36845 -0.0831 0.249
8748.36845 -1.1772 0.742
8748.36845 -0.0829 1.037
8748.36845 -0.0125 0.244
8748.36845 -0.0519 0.194
8748.36845 -0.0973 0.225
8748.36845 -0.7134 0.365
8748.36845 -0.1970 0.371
8748.36845 -0.1109 0.274
8748.36845 -0.1097 0.266
8748.36845 -0.1630 0.562
8748.36845 -0.0823 0.442
8748.36845 -0.0072 0.334
8748.36845 -0.0211 0.860
8748.36845 -0.0888 0.646
8748.36845 -0.0542 0.423
8748.36845 -0.0237 0.248
8748.36845 -0.1534 0.268
8748.36845 -0.1232 0.253
8748.36845 -0.0032 0.143
8748.36845 0.0058 0.151
8748.36845 -0.0295 0.389
8748.36845 -0.0748 0.299
8748.36845 -0.0918 0.163
8748.36845 -0.0379 0.127
8748.36845 -0.0202 0.324
8748.36845 -0.0155 0.203
8748.36845 -0.0156 0.195
8748.36845 -0.0796 0.262
8748.36845 -0.0659 0.214
8748.36845 -0.1511 0.162
8748.36845 -0.0364 0.419
8748.36845 -0.0438 0.181
8748.36845 0.0315 0.296
8748.36845 -0.0942 0.206
8748.36845 -0.0290 0.226
8748.36845 -0.0865 0.343
8748.36845 -0.0432 0.162
8748.36845 -0.0728 0.167
8748.36845 -0.0675 0.235
8748.36845 -0.1059 0.212
8748.36845 0.0663 0.400
8748.36845 -0.1611 0.536
8748.36845 -0.0573 0.466
8748.36845 -0.0051 0.546
8748.36845 -0.1109 0.548
8748.36845 -0.0184 0.175
8748.36845 -0.0383 0.424
8748.36845 -0.2530 0.685
8748.36845 0.0441 0.379
8748.36845 -0.0033 1.424
8748.36845 0.0210 0.385
8748.36845 0.0745 0.809
8748.36845 0.0132 0.465
8748.36845 -0.1407 0.856
8748.36845 0.0273 1.038
8748.36845 0.0248 2.284
8748.36845 -0.3054 1.507
8748.36845 -0.6194 2.645
