8739.52343 -0.3770 2.061
8739.52343 -0.2065 1.522
8739.52343 -0.3347 0.796
8739.52343 -1.0876 0.820
8739.52343 -3.8721 0.130
8739.52343 -3.8200 0.160
8739.52343 -0.8938 0.575
8739.52343 -1.3648 1.325
8739.52343 0.1086 1.184
8739.52343 -0.8676 0.467
8739.52343 -3.8573 0.181
8739.52343 -0.0309 0.240
8739.52343 -0.0942 0.203
8739.52343 -2.9822 0.310
8739.52343 -3.6287 0.302
8739.52343 -1.5242 0.331
8739.52343 -1.4216 0.807
8739.52343 -2.8053 0.271
8739.52343 -3.8396 0.114
8739.52343 -0.2373 0.851
8739.52343 -0.0060 0.567
8739.52343 0.0216 1.455
8739.52343 -0.2948 0.582
8739.52343 -0.5308 0.332
8739.52343 -0.0330 0.750
8739.52343 -0.0900 0.502
8739.52343 -0.8236 0.328
8739.52343 -0.1071 1.026
8739.52343 -0.1026 0.156
8739.52343 -0.0159 1.113
8739.52343 -0.1082 0.304
8739.52343 -0.6069 0.862
8739.52343 -0.2137 0.377
8739.52343 -0.1184 2.620
8739.52343 -0.0923 1.880
8739.52343 -0.1258 0.456
8739.52343 -0.0156 0.522
8739.52343 -0.0183 0.218
8739.52343 -0.0573 0.998
8739.52343 -0.1013 0.609
8739.52343 -0.0691 0.459
8739.52343 -0.0388 0.401
8739.52343 -0.1366 0.250
8739.52343 -0.0765 0.293
8739.52343 0.0055 0.169
8739.52343 -0.0938 0.119
8739.52343 -0.0297 0.124
8739.52343 -0.0879 0.080
8739.52343 -0.0473 0.081
8739.52343 -0.0553 0.113
8739.52343 -0.0034 0.083
8739.52343 -0.0141 0.150
8739.52343 -0.0430 0.182
8739.52343 -0.0640 0.194
8739.52343 -0.0457 0.146
8739.52343 -0.0429 0.083
8739.52343 -0.0546 0.152
8739.52343 -0.0471 0.111
8739.52343 0.0086 0.106
8739.52343 -0.0530 0.111
8739.52343 -0.0421 0.137
8739.52343 -0.0234 0.113
8739.52343 -0.0058 0.091
8739.52343 -0.0629 0.092
8739.52343 -0.0766 0.150
8739.52343 -0.1746 0.168
8739.52343 -0.0358 0.572
8739.52343 -0.0893 0.310
8739.52343 -0.0839 0.129
8739.52343 -0.0282 0.318
8739.52343 -0.0730 0.496
8739.52343 -0.1062 0.143
8739.52343 -0.0947 0.105
8739.52343 -0.2985 0.620
8739.52343 0.0270 0.458
8739.52343 -0.0004 0.406
8739.52343 0.0701 0.779
8739.52343 0.0868 0.876
8739.52343 0.1475 0.810
8739.52343 -0.0706 1.343
8739.52343 -0.2233 1.154
8739.52343 -0.1844 1.849
8739.52343 -0.2085 2.337
8739.52343 -0.3688 1.784
