8757.31759 -0.8840 3.604
8757.31759 -0.2866 2.511
8757.31759 -0.3974 1.929
8757.31759 -3.0923 1.231
8757.31759 -11.7308 0.249
8757.31759 -11.6165 0.341
8757.31759 -2.4491 4.322
8757.31759 -3.5035 1.757
8757.31759 0.0359 0.571
8757.31759 -1.2591 1.183
8757.31759 -11.4727 1.408
8757.31759 -0.0023 1.114
8757.31759 -0.1709 3.121
8757.31759 -10.1849 3.652
8757.31759 -11.1568 4.037
8757.31759 -1891.256 15.654
8757.31759 -8.9710 7.885
8757.31759 1577.8910 45.049
8757.31759 5.6522 14.958
8757.31759 3.1413 22.755
8757.31759 1.1846 10.168
8757.31759 3.3943 10.625
8757.31759 3.3043 14.908
8757.31759 1.7147 17.701
8757.31759 1.7664 19.076
8757.31759 -2095.104 54.384
8757.31759 1.4923 17.753
8757.31759 1110.7060 16.961
8757.31759 -0.4627 8.746
8757.31759 612.1317 15.218
8757.31759 -0.2524 5.133
8757.31759 0.5322 3.301
8757.31759 -1.0984 3.503
8757.31759 0.6327 3.269
8757.31759 0.5397 1.166
8757.31759 0.4471 1.778
8757.31759 -0.1361 1.576
8757.31759 -1.2087 1.723
8757.31759 0.4399 3.519
8757.31759 -0.3124 1.281
8757.31759 0.1236 0.408
8757.31759 -0.0249 1.634
8757.31759 -0.0909 0.358
8757.31759 -0.1045 0.302
8757.31759 -0.0652 0.243
8757.31759 -0.0846 0.415
8757.31759 -0.3635 0.227
8757.31759 -0.1211 0.583
8757.31759 -0.4327 0.326
8757.31759 -0.0761 0.254
8757.31759 -0.0312 0.169
8757.31759 -0.1093 0.239
8757.31759 -0.0688 0.243
8757.31759 -0.0564 0.327
8757.31759 -0.0774 0.204
8757.31759 -0.0476 0.201
8757.31759 -0.0572 0.241
8757.31759 -0.0368 0.194
8757.31759 -0.3937 0.197
8757.31759 -0.4080 0.208
8757.31759 -0.4437 0.222
8757.31759 0.0260 0.685
8757.31759 -0.1161 0.319
8757.31759 -0.0257 0.922
8757.31759 0.0211 0.241
8757.31759 -0.0974 0.235
8757.31759 -0.1037 0.366
8757.31759 -0.1499 0.276
8757.31759 -0.3198 0.395
8757.31759 -0.0381 0.550
8757.31759 -0.0243 0.366
8757.31759 0.0321 0.275
8757.31759 0.0977 0.589
8757.31759 0.4999 0.571
8757.31759 -0.7196 1.097
8757.31759 -0.5510 1.261
8757.31759 0.1284 1.102
8757.31759 -0.4523 1.079
8757.31759 -0.0557 9.346
