8731.40803 0.0435 0.596
8731.40803 -0.0164 1.403
8731.40803 -0.0061 1.522
8731.40803 0.0886 0.854
8731.40803 -0.0340 0.044
8731.40803 -0.0020 0.100
8731.40803 -0.0870 0.341
8731.40803 0.0233 1.321
8731.40803 0.0215 0.102
8731.40803 0.0010 0.049
8731.40803 -0.0324 0.038
8731.40803 -0.0180 0.067
8731.40803 -0.0164 0.104
8731.40803 -0.0359 0.073
8731.40803 -0.0178 0.180
8731.40803 -0.0336 0.351
8731.40803 -0.1008 0.838
8731.40803 -0.0032 0.516
8731.40803 -0.0355 0.326
8731.40803 -0.0769 2.516
8731.40803 -0.0027 0.612
8731.40803 0.0688 1.446
8731.40803 0.0225 1.867
8731.40803 -0.0177 0.760
8731.40803 -0.0219 1.209
8731.40803 0.0078 0.392
8731.40803 0.0045 0.304
8731.40803 -0.0117 1.364
8731.40803 0.0037 0.646
8731.40803 -0.0150 0.419
8731.40803 -0.0338 0.152
8731.40803 -0.0073 0.207
8731.40803 -0.0285 0.334
8731.40803 -0.0001 0.639
8731.40803 -0.0098 0.128
8731.40803 -0.0032 0.361
8731.40803 -0.0125 0.374
8731.40803 -0.0230 0.163
8731.40803 0.0031 0.843
8731.40803 -0.0302 0.579
8731.40803 -0.0383 0.151
8731.40803 -0.0187 0.119
8731.40803 -0.0386 0.197
8731.40803 -0.0292 0.082
8731.40803 -0.0187 0.074
8731.40803 -0.0147 0.073
8731.40803 0.0076 0.114
8731.40803 -0.0103 0.103
8731.40803 -0.0246 0.149
8731.40803 -0.0130 0.026
8731.40803 -0.0118 0.088
8731.40803 0.0090 0.145
8731.40803 -0.0190 0.061
8731.40803 0.0354 0.047
8731.40803 -0.0071 0.045
8731.40803 -0.0108 0.050
8731.40803 -0.0010 0.101
8731.40803 -0.0269 0.100
8731.40803 -0.0056 0.038
8731.40803 -0.0156 0.035
8731.40803 -0.0012 0.183
8731.40803 -0.0023 0.106
8731.40803 -0.0184 0.099
8731.40803 -0.0026 0.084
8731.40803 -0.0065 0.130
8731.40803 -0.0446 0.066
8731.40803 0.0371 0.167
8731.40803 -0.0972 0.591
8731.40803 -0.0264 0.139
8731.40803 0.0020 0.282
8731.40803 -0.0547 0.401
8731.40803 -0.0087 0.138
8731.40803 -0.0614 0.318
8731.40803 -0.1742 0.916
8731.40803 0.0529 0.261
8731.40803 0.0298 1.014
8731.40803 -0.2891 0.968
8731.40803 0.1303 0.486
8731.40803 -0.0524 0.480
8731.40803 -0.0657 0.987
8731.40803 0.0232 0.435
8731.40803 0.2840 0.784
8731.40803 0.0574 2.751
8731.40803 -171.9370 3.825
