8742.54686 -1.0808 0.463
8742.54686 -1.3967 1.040
8742.54686 -1.2826 0.882
8742.54686 -1.7923 0.690
8742.54686 -6.3097 0.199
8742.54686 -5.9769 0.162
8742.54686 -1.5840 0.295
8742.54686 -2.3666 0.418
8742.54686 -0.6262 0.162
8742.54686 -1.7663 0.198
8742.54686 -5.9827 0.119
8742.54686 -0.6441 0.156
8742.54686 -0.5744 0.360
8742.54686 -4.1351 0.351
8742.54686 -5.0005 0.242
8742.54686 -2.0742 0.612
8742.54686 -1.4957 1.316
8742.54686 -3.6713 0.936
8742.54686 -5.6141 0.276
8742.54686 -0.4245 2.859
8742.54686 -0.3073 0.503
8742.54686 -0.1032 0.947
8742.54686 -0.5605 1.380
8742.54686 -0.6103 0.778
8742.54686 1.3053 0.794
8742.54686 -0.1319 0.495
8742.54686 -1.0812 0.716
8742.54686 -0.0511 1.497
8742.54686 -0.0734 0.547
8742.54686 -0.0083 0.288
8742.54686 1.2445 0.636
8742.54686 0.7990 0.723
8742.54686 2.5952 5.471
8742.54686 0.0349 0.306
8742.54686 0.0102 0.375
8742.54686 -0.2698 0.281
8742.54686 0.1259 0.443
8742.54686 0.1115 0.244
8742.54686 0.0254 0.870
8742.54686 0.0585 0.663
8742.54686 0.0161 0.339
8742.54686 0.0738 0.249
8742.54686 0.1369 0.268
8742.54686 0.0639 0.324
8742.54686 0.0168 0.194
8742.54686 0.0409 0.190
8742.54686 0.0771 0.291
8742.54686 0.0319 0.238
8742.54686 0.0730 0.203
8742.54686 0.0590 0.153
8742.54686 0.0729 0.231
8742.54686 0.0785 0.191
8742.54686 0.0174 0.202
8742.54686 0.0227 0.215
8742.54686 -0.0167 0.201
8742.54686 -0.1016 0.196
8742.54686 -0.0843 0.440
8742.54686 -0.0754 0.229
8742.54686 -0.0475 0.349
8742.54686 -0.0725 0.287
8742.54686 -0.0483 0.230
8742.54686 -0.0691 0.275
8742.54686 -0.0573 0.223
8742.54686 -0.1175 0.186
8742.54686 0.0112 0.208
8742.54686 -0.1463 0.235
8742.54686 -0.1078 0.558
8742.54686 -0.2561 0.648
8742.54686 -0.0929 0.347
8742.54686 -0.1121 0.306
8742.54686 -0.1405 0.452
8742.54686 -0.1536 0.232
8742.54686 -0.1073 0.391
8742.54686 -0.2760 0.383
8742.54686 0.0003 0.259
8742.54686 -0.0874 1.508
8742.54686 0.0603 0.495
8742.54686 -0.1001 0.760
8742.54686 -0.0706 0.401
8742.54686 -0.1146 0.382
8742.54686 -0.0640 0.812
8742.54686 0.3841 0.301
8742.54686 -0.5819 2.454
8742.54686 -0.3042 4.555
