8749.33949 -0.3677 1.994
8749.33949 -0.2050 0.571
8749.33949 -0.1451 0.998
8749.33949 -1.2540 1.158
8749.33949 -8.0016 0.233
8749.33949 -7.6612 0.284
8749.33949 -1.0240 0.614
8749.33949 -1.9219 1.436
8749.33949 0.0619 0.258
8749.33949 -1.5326 0.404
8749.33949 -7.9530 0.136
8749.33949 -0.0241 0.149
8749.33949 -0.1976 0.232
8749.33949 -5.7504 0.470
8749.33949 -7.1927 0.390
8749.33949 -2.5908 0.759
8749.33949 -1.5626 1.385
8749.33949 -5.3108 1.072
8749.33949 -7.9994 0.159
8749.33949 -0.2390 2.143
8749.33949 -0.0984 0.773
8749.33949 0.0075 0.426
8749.33949 -0.5534 1.145
8749.33949 -0.6455 0.668
8749.33949 -0.0197 0.795
8749.33949 -0.1039 0.483
8749.33949 -1.4116 0.933
8749.33949 0.0127 1.450
8749.33949 -0.1112 0.444
8749.33949 0.0032 0.213
8749.33949 -0.1176 0.206
8749.33949 -0.5694 0.374
8749.33949 -0.1804 0.399
8749.33949 -0.0892 0.297
8749.33949 -0.0944 0.390
8749.33949 -0.1423 0.444
8749.33949 -0.0654 0.175
8749.33949 -0.0225 0.336
8749.33949 -0.0393 0.632
8749.33949 -0.1198 0.502
8749.33949 -0.0637 0.180
8749.33949 -0.0581 0.118
8749.33949 -0.1638 0.224
8749.33949 -0.1117 0.186
8749.33949 -0.0194 0.128
8749.33949 -0.0360 0.092
8749.33949 -0.0624 0.382
8749.33949 -0.1127 0.213
8749.33949 -0.0640 0.144
8749.33949 -0.0620 0.114
8749.33949 -0.0083 0.127
8749.33949 -0.0420 0.096
8749.33949 -0.0694 0.111
8749.33949 -0.0476 0.224
8749.33949 -0.0768 0.141
8749.33949 -0.0460 0.148
8749.33949 -0.0756 0.151
8749.33949 -0.0973 0.095
8749.33949 -0.0314 0.158
8749.33949 -0.0659 0.229
8749.33949 -0.0194 0.127
8749.33949 -0.1237 0.302
8749.33949 0.0074 0.080
8749.33949 -0.1011 0.097
8749.33949 -0.0909 0.138
8749.33949 -0.1708 0.134
8749.33949 -0.0275 0.464
8749.33949 -0.2134 0.222
8749.33949 -0.1010 0.495
8749.33949 -0.0669 0.219
8749.33949 -0.0850 0.245
8749.33949 -0.0561 0.158
8749.33949 -0.1056 0.193
8749.33949 -0.2929 0.538
8749.33949 -0.1236 0.310
8749.33949 -0.0403 1.664
8749.33949 -0.0607 0.803
8749.33949 0.0088 0.839
8749.33949 -0.0173 0.551
8749.33949 -0.0655 0.686
8749.33949 0.0115 1.234
8749.33949 0.1760 0.929
8749.33949 -0.5408 2.262
8749.33949 -0.4072 3.481
