8799.44184 -1.2206 9.753
8799.44184 -0.1953 1.947
8799.44184 0.1764 0.503
8799.44184 -0.0496 1.721
8799.44184 -28.2400 0.651
8799.44184 -28.2416 0.927
8799.44184 -0.4811 0.795
8799.44184 -0.3148 1.238
8799.44184 0.2665 0.316
8799.44184 0.9861 0.751
8799.44184 -28.0262 1.720
8799.44184 0.2411 0.189
8799.44184 0.1328 0.238
8799.44184 -0.0061 1.936
8799.44184 -28.2826 1.207
8799.44184 -0.3328 1.182
8799.44184 0.3411 1.450
8799.44184 0.2144 0.973
8799.44184 -28.3195 0.208
8799.44184 -0.0213 1.810
8799.44184 0.1725 0.595
8799.44184 0.1994 0.970
8799.44184 0.0304 1.186
8799.44184 -0.9469 0.613
8799.44184 0.1833 0.831
8799.44184 0.1020 1.066
8799.44184 0.4428 1.232
8799.44184 0.1348 1.458
8799.44184 0.2185 0.348
8799.44184 0.1405 1.800
8799.44184 0.1683 0.338
8799.44184 0.1227 0.868
8799.44184 0.2624 0.462
8799.44184 0.0383 3.418
8799.44184 0.1220 2.205
8799.44184 0.1499 0.417
8799.44184 0.1541 0.566
8799.44184 0.1210 0.434
8799.44184 0.2214 1.065
8799.44184 0.1491 0.749
8799.44184 0.0854 0.476
8799.44184 0.1474 0.372
8799.44184 0.0815 0.296
8799.44184 0.1488 0.414
8799.44184 0.1403 0.207
8799.44184 0.1495 0.214
8799.44184 0.1017 0.372
8799.44184 0.1541 0.477
8799.44184 0.0528 0.189
8799.44184 0.2106 0.237
8799.44184 0.1616 0.212
8799.44184 0.1350 0.241
8799.44184 0.1253 0.427
8799.44184 0.0500 0.407
8799.44184 0.2053 0.329
8799.44184 0.0802 0.163
8799.44184 0.1867 0.279
8799.44184 0.1909 0.251
8799.44184 0.1758 0.286
8799.44184 0.0820 0.158
8799.44184 0.1101 0.196
8799.44184 0.1366 0.274
8799.44184 0.1531 0.269
8799.44184 0.1460 0.240
8799.44184 0.0981 0.369
8799.44184 0.1545 0.240
8799.44184 0.2281 0.407
8799.44184 0.0717 0.575
8799.44184 0.1487 0.195
8799.44184 -0.8157 0.535
8799.44184 0.1112 0.628
8799.44184 0.0860 0.307
8799.44184 0.1090 0.255
8799.44184 -1.0116 0.635
8799.44184 -0.7804 0.572
8799.44184 0.1221 0.568
8799.44184 0.2424 1.103
8799.44184 0.2676 0.633
8799.44184 0.0684 0.508
8799.44184 -0.0242 1.143
8799.44184 0.0770 0.963
8799.44184 0.5175 0.798
8799.44184 0.0137 2.006
8799.44184 -0.2210 1.860
