8732.53089 -0.3125 1.089
8732.53089 -0.2193 0.842
8732.53089 -0.1955 0.552
8732.53089 -0.2458 0.219
8732.53089 -0.7741 0.058
8732.53089 -0.7846 0.038
8732.53089 -0.2143 0.245
8732.53089 -0.3219 1.153
8732.53089 0.0983 0.269
8732.53089 -0.1543 0.121
8732.53089 -0.8034 0.124
8732.53089 -0.0390 0.147
8732.53089 -0.0695 0.150
8732.53089 -0.5577 0.077
8732.53089 -0.7688 0.128
8732.53089 -0.3851 0.190
8732.53089 -0.2904 0.408
8732.53089 -0.5488 0.105
8732.53089 -0.7666 0.083
8732.53089 -0.2411 1.672
8732.53089 -0.1028 0.424
8732.53089 0.0163 1.023
8732.53089 -0.1200 0.979
8732.53089 -0.1471 0.395
8732.53089 -0.0957 0.794
8732.53089 -0.0977 1.035
8732.53089 -0.2293 0.321
8732.53089 -0.0606 1.601
8732.53089 -0.1022 0.184
8732.53089 -0.0325 1.323
8732.53089 -0.1216 0.316
8732.53089 -0.1616 0.589
8732.53089 -0.1354 0.383
8732.53089 -0.1226 2.542
8732.53089 -0.1277 1.967
8732.53089 -0.1324 0.423
8732.53089 -0.0828 0.503
8732.53089 -0.0604 0.274
8732.53089 -0.0755 0.996
8732.53089 -0.0576 0.549
8732.53089 -0.0372 0.293
8732.53089 -0.0413 0.196
8732.53089 -0.1481 0.192
8732.53089 -0.0974 0.296
8732.53089 -0.0248 0.184
8732.53089 -0.0662 0.174
8732.53089 -0.0590 0.221
8732.53089 -0.0168 0.148
8732.53089 -0.0584 0.147
8732.53089 -0.1043 0.114
8732.53089 -0.0776 0.161
8732.53089 -0.0514 0.178
8732.53089 -0.0961 0.288
8732.53089 -0.1016 0.203
8732.53089 -0.0251 0.170
8732.53089 -0.0976 0.147
8732.53089 -0.0588 0.441
8732.53089 -0.0632 0.164
8732.53089 -0.0416 0.186
8732.53089 -0.0641 0.158
8732.53089 -0.0445 0.181
8732.53089 -0.0606 0.301
8732.53089 -0.0354 0.146
8732.53089 -0.0925 0.237
8732.53089 -0.1364 0.158
8732.53089 -0.1661 0.164
8732.53089 -0.0695 0.644
8732.53089 -0.2013 0.878
8732.53089 -0.1302 0.533
8732.53089 -0.1083 0.181
8732.53089 -0.0877 0.321
8732.53089 -0.0903 0.188
8732.53089 -0.1313 0.222
8732.53089 -0.2044 0.434
8732.53089 0.0005 0.489
8732.53089 -0.0819 1.171
8732.53089 -0.0221 0.547
8732.53089 -0.0441 0.603
8732.53089 -0.0408 0.530
8732.53089 -0.1404 0.663
8732.53089 -0.1203 1.128
8732.53089 0.0596 0.359
8732.53089 -0.1826 2.189
8732.53089 -0.4467 1.936
