8748.31569 -0.5155 2.586
8748.31569 -0.2663 1.894
8748.31569 -0.3096 1.016
8748.31569 -1.7335 0.772
8748.31569 -7.5459 0.183
8748.31569 -7.3181 0.306
8748.31569 -1.4198 0.549
8748.31569 -2.3093 1.454
8748.31569 -0.0124 0.287
8748.31569 -1.5469 0.387
8748.31569 -7.4379 0.402
8748.31569 -0.0025 0.230
8748.31569 -0.2293 0.254
8748.31569 -5.8291 0.389
8748.31569 -6.9796 0.346
8748.31569 -2.7201 0.567
8748.31569 -2.0203 0.828
8748.31569 -5.5308 0.417
8748.31569 -7.5620 0.165
8748.31569 -0.2473 1.537
8748.31569 -0.0816 0.571
8748.31569 -0.0294 1.085
8748.31569 -0.5412 1.089
8748.31569 -0.7748 0.527
8748.31569 -0.0062 0.773
8748.31569 -0.1217 1.161
8748.31569 -1.2951 1.037
8748.31569 -0.0891 1.638
8748.31569 -0.0017 0.339
8748.31569 -0.0791 1.509
8748.31569 -0.0736 0.377
8748.31569 -0.7879 0.930
8748.31569 -0.2476 0.513
8748.31569 -0.1287 2.757
8748.31569 -0.1558 2.264
8748.31569 -0.1477 0.429
8748.31569 -0.0778 0.572
8748.31569 -0.0096 0.314
8748.31569 -0.0224 1.074
8748.31569 -0.1032 0.679
8748.31569 -0.0443 0.582
8748.31569 -0.0225 0.365
8748.31569 -0.1454 0.283
8748.31569 -0.1341 0.346
8748.31569 -0.0078 0.161
8748.31569 0.0129 0.170
8748.31569 -0.0438 0.527
8748.31569 -0.0792 0.288
8748.31569 -0.0743 0.204
8748.31569 -0.0436 0.143
8748.31569 0.0043 0.273
8748.31569 -0.0126 0.196
8748.31569 -0.0420 0.302
8748.31569 -0.0801 0.230
8748.31569 -0.0684 0.190
8748.31569 -0.1526 0.221
8748.31569 -0.0328 0.445
8748.31569 -0.0745 0.203
8748.31569 0.0278 0.275
8748.31569 -0.0657 0.298
8748.31569 -0.0212 0.187
8748.31569 -0.0773 0.383
8748.31569 -0.0042 0.178
8748.31569 -0.0456 0.213
8748.31569 -0.0457 0.264
8748.31569 -0.0903 0.208
8748.31569 -0.0060 0.249
8748.31569 -0.1013 0.233
8748.31569 -0.0644 0.541
8748.31569 0.0161 0.203
8748.31569 -0.0909 0.592
8748.31569 0.0066 0.189
8748.31569 -0.0377 0.503
8748.31569 -0.2537 0.415
8748.31569 0.0685 0.507
8748.31569 0.0700 1.194
8748.31569 0.0353 0.518
8748.31569 0.1495 0.647
8748.31569 -0.0550 0.564
8748.31569 0.0123 0.666
8748.31569 -0.0610 0.883
8748.31569 0.1934 0.298
8748.31569 -0.2065 2.960
8748.31569 -0.4547 1.760
