8749.31798 -0.7464 4.169
8749.31798 -0.2930 1.568
8749.31798 -0.1611 0.724
8749.31798 -1.4847 0.433
8749.31798 -7.9678 0.208
8749.31798 -7.6762 0.265
8749.31798 -1.1585 0.423
8749.31798 -2.0461 0.599
8749.31798 0.0467 0.229
8749.31798 -1.6039 0.402
8749.31798 -7.9048 0.145
8749.31798 -0.0412 0.160
8749.31798 -0.2236 0.181
8749.31798 -5.8772 0.433
8749.31798 -7.2431 0.347
8749.31798 -2.7329 0.605
8749.31798 -1.6810 0.673
8749.31798 -5.4400 0.693
8749.31798 -7.9775 0.154
8749.31798 -0.2604 1.728
8749.31798 -0.1156 0.470
8749.31798 -0.0778 1.025
8749.31798 -0.4562 1.124
8749.31798 -0.6362 0.530
8749.31798 -0.0497 0.785
8749.31798 -0.1405 0.965
8749.31798 -1.4776 1.021
8749.31798 -0.0159 1.689
8749.31798 -0.1331 0.328
8749.31798 -0.0311 1.433
8749.31798 -0.1173 0.287
8749.31798 -0.6118 0.784
8749.31798 -0.1838 0.443
8749.31798 -0.1645 2.767
8749.31798 -0.1582 2.058
8749.31798 -0.1638 0.412
8749.31798 -0.0950 0.550
8749.31798 -0.0389 0.324
8749.31798 -0.0490 1.001
8749.31798 -0.1494 0.637
8749.31798 -0.0622 0.457
8749.31798 -0.0598 0.295
8749.31798 -0.1799 0.230
8749.31798 -0.1427 0.255
8749.31798 -0.0563 0.113
8749.31798 -0.0337 0.110
8749.31798 -0.0676 0.228
8749.31798 -0.1189 0.269
8749.31798 -0.0551 0.129
8749.31798 -0.0791 0.074
8749.31798 -0.0407 0.110
8749.31798 -0.0637 0.128
8749.31798 -0.0716 0.121
8749.31798 -0.0266 0.206
8749.31798 -0.1056 0.156
8749.31798 -0.0592 0.088
8749.31798 -0.0721 0.192
8749.31798 -0.1185 0.115
8749.31798 -0.0376 0.229
8749.31798 -0.0678 0.131
8749.31798 -0.0168 0.142
8749.31798 -0.1454 0.405
8749.31798 -0.0046 0.099
8749.31798 -0.0950 0.113
8749.31798 -0.1062 0.168
8749.31798 -0.1607 0.137
8749.31798 -0.0371 0.200
8749.31798 -0.2338 0.254
8749.31798 -0.0520 0.502
8749.31798 -0.0648 0.145
8749.31798 -0.0762 0.170
8749.31798 -0.0536 0.182
8749.31798 -0.1217 0.182
8749.31798 -0.3153 0.383
8749.31798 -0.0162 0.324
8749.31798 -0.0503 1.110
8749.31798 -0.1054 0.951
8749.31798 -0.0355 0.689
8749.31798 -0.1589 0.556
8749.31798 -0.0243 0.533
8749.31798 -0.0143 0.865
8749.31798 0.1447 0.575
8749.31798 -0.3652 2.372
8749.31798 -0.4538 1.870
