8743.54939 -0.2846 1.731
8743.54939 -0.2509 1.653
8743.54939 -0.3245 1.413
8743.54939 -1.6892 0.970
8743.54939 -5.7931 0.169
8743.54939 -5.6779 0.198
8743.54939 -1.2487 0.507
8743.54939 -2.0314 0.399
8743.54939 -0.0366 0.316
8743.54939 -1.7499 0.277
8743.54939 -5.7355 0.120
8743.54939 -0.0440 0.125
8743.54939 -0.1268 0.186
8743.54939 -4.4892 0.323
8743.54939 -5.2841 0.227
8743.54939 -2.3646 0.491
8743.54939 -2.0001 0.768
8743.54939 -4.2233 0.534
8743.54939 -5.7750 0.138
8743.54939 -0.3198 1.690
8743.54939 0.0352 0.277
8743.54939 0.0140 1.053
8743.54939 -0.5073 1.106
8743.54939 -0.6878 0.801
8743.54939 -0.0777 0.684
8743.54939 -0.0537 0.496
8743.54939 -1.1154 0.828
8743.54939 -0.0427 1.150
8743.54939 -0.0488 0.337
8743.54939 -0.0097 0.189
8743.54939 -0.1786 0.159
8743.54939 -0.7924 0.383
8743.54939 -0.3408 0.335
8743.54939 -0.0422 0.196
8743.54939 -0.0495 0.407
8743.54939 -0.1977 0.639
8743.54939 0.0616 0.221
8743.54939 -0.0380 0.367
8743.54939 -0.0663 0.744
8743.54939 -0.0504 0.633
8743.54939 -0.0990 0.246
8743.54939 -0.0709 0.117
8743.54939 -0.1565 0.248
8743.54939 -0.0398 0.315
8743.54939 -0.0506 0.135
8743.54939 -0.0519 0.140
8743.54939 -0.0850 0.381
8743.54939 -0.1378 0.143
8743.54939 -0.0577 0.152
8743.54939 -0.0106 0.093
8743.54939 -0.0477 0.199
8743.54939 -0.0739 0.156
8743.54939 -0.0579 0.145
8743.54939 -0.0074 0.130
8743.54939 0.0016 0.137
8743.54939 -0.0750 0.140
8743.54939 -0.0677 0.519
8743.54939 -0.0179 0.130
8743.54939 -0.0124 0.335
8743.54939 -0.0567 0.205
8743.54939 -0.0278 0.126
8743.54939 -0.0089 0.212
8743.54939 -0.0455 0.128
8743.54939 0.0097 0.115
8743.54939 -0.1074 0.155
8743.54939 -0.0993 0.160
8743.54939 -0.0419 0.165
8743.54939 -0.1308 0.853
8743.54939 -0.1174 0.276
8743.54939 -0.0492 0.155
8743.54939 -0.0702 0.186
8743.54939 -0.0904 0.201
8743.54939 -0.1166 0.190
8743.54939 -0.4144 0.570
8743.54939 -0.0104 0.237
8743.54939 -0.0062 0.938
8743.54939 -0.0285 0.743
8743.54939 0.0786 0.760
8743.54939 -0.0798 0.389
8743.54939 -0.2129 1.355
8743.54939 -0.0842 0.983
8743.54939 0.1436 0.422
8743.54939 -0.2862 1.665
8743.54939 -0.4058 1.831
