8731.48999 -0.1838 0.877
8731.48999 -0.0556 0.932
8731.48999 -0.0542 0.282
8731.48999 0.0018 0.695
8731.48999 -0.2165 0.085
8731.48999 -0.1272 0.142
8731.48999 -0.1553 0.335
8731.48999 -0.1646 0.183
8731.48999 0.0864 0.149
8731.48999 -0.0464 0.056
8731.48999 -0.2115 0.246
8731.48999 -0.0363 0.081
8731.48999 -0.0475 0.076
8731.48999 -0.2101 0.122
8731.48999 -0.1329 0.092
8731.48999 -0.1592 0.306
8731.48999 -0.0827 0.492
8731.48999 -0.1229 0.289
8731.48999 -0.2322 0.056
8731.48999 -0.1262 1.688
8731.48999 -0.0127 0.392
8731.48999 0.0086 0.216
8731.48999 0.0005 1.029
8731.48999 -0.0472 0.387
8731.48999 -0.0416 0.827
8731.48999 -0.0283 1.044
8731.48999 -0.0978 0.610
8731.48999 -0.0350 1.416
8731.48999 -0.0327 0.207
8731.48999 -0.0451 1.251
8731.48999 -0.0463 0.207
8731.48999 -0.0370 0.682
8731.48999 0.0072 0.288
8731.48999 -0.0941 2.666
8731.48999 -0.0506 2.171
8731.48999 -0.0322 0.436
8731.48999 -0.0118 0.490
8731.48999 -0.0294 0.171
8731.48999 -0.0338 0.849
8731.48999 -0.0351 0.516
8731.48999 -0.0563 0.386
8731.48999 -0.0415 0.182
8731.48999 -0.0430 0.188
8731.48999 -0.0396 0.187
8731.48999 -0.0377 0.110
8731.48999 -0.0635 0.122
8731.48999 -0.0307 0.120
8731.48999 -0.0215 0.059
8731.48999 -0.0571 0.089
8731.48999 -0.0354 0.039
8731.48999 -0.0396 0.078
8731.48999 -0.0350 0.151
8731.48999 -0.0243 0.057
8731.48999 -0.0398 0.188
8731.48999 -0.0025 0.081
8731.48999 -0.0421 0.104
8731.48999 -0.0333 0.302
8731.48999 -0.0393 0.123
8731.48999 -0.0281 0.118
8731.48999 -0.0542 0.095
8731.48999 -0.0269 0.156
8731.48999 -0.0448 0.235
8731.48999 -0.0135 0.070
8731.48999 -0.0398 0.163
8731.48999 -0.0173 0.087
8731.48999 -0.0591 0.121
8731.48999 0.0290 0.151
8731.48999 -0.1323 0.336
8731.48999 -0.0152 0.064
8731.48999 -0.0117 0.234
8731.48999 -0.0761 0.521
8731.48999 -0.0311 0.092
8731.48999 -0.0618 0.210
8731.48999 -0.1537 0.817
8731.48999 0.0484 0.384
8731.48999 -0.0131 0.963
8731.48999 0.0229 0.541
8731.48999 0.0687 0.390
8731.48999 -0.0419 0.558
8731.48999 -0.0205 0.841
8731.48999 -0.0706 0.846
8731.48999 0.1565 0.427
8731.48999 -0.1709 2.013
8731.48999 -0.4361 1.881
