8747.51129 -0.2232 2.253
8747.51129 -0.1613 1.118
8747.51129 -0.0183 0.681
8747.51129 -0.6574 0.568
8747.51129 -7.4458 0.373
8747.51129 -6.7767 0.515
8747.51129 -0.7141 0.695
8747.51129 -1.3378 0.821
8747.51129 0.0017 0.245
8747.51129 -1.4190 0.366
8747.51129 -7.3794 0.286
8747.51129 0.0313 0.154
8747.51129 -0.0910 0.305
8747.51129 -4.4937 0.875
8747.51129 -6.1796 0.594
8747.51129 -1.7882 1.157
8747.51129 -0.7658 1.000
8747.51129 -3.8528 0.917
8747.51129 -7.4605 0.155
8747.51129 -0.1828 1.560
8747.51129 0.0010 0.245
8747.51129 0.0854 1.244
8747.51129 -0.2781 0.977
8747.51129 -0.3527 0.586
8747.51129 -0.6238 0.343
8747.51129 -0.0133 0.328
8747.51129 -1.2322 0.809
8747.51129 0.0189 0.986
8747.51129 -0.6113 0.262
8747.51129 0.0325 0.213
8747.51129 -0.0168 0.244
8747.51129 -0.9136 0.380
8747.51129 -0.0735 0.521
8747.51129 0.0034 0.376
8747.51129 0.0935 0.277
8747.51129 0.0751 0.259
8747.51129 0.0826 0.364
8747.51129 -0.0251 0.297
8747.51129 0.0542 0.705
8747.51129 0.0706 0.636
8747.51129 -0.0581 0.397
8747.51129 -0.0295 0.171
8747.51129 0.0172 0.180
8747.51129 0.0741 0.238
8747.51129 0.0582 0.197
8747.51129 -0.0045 0.185
8747.51129 0.0380 0.397
8747.51129 0.0751 0.311
8747.51129 -0.0352 0.175
8747.51129 0.0428 0.135
8747.51129 0.0610 0.175
8747.51129 0.1072 0.150
8747.51129 0.0355 0.307
8747.51129 0.0275 0.262
8747.51129 0.0671 0.187
8747.51129 -0.0260 0.176
8747.51129 0.0479 0.207
8747.51129 0.0957 0.176
8747.51129 0.0470 0.250
8747.51129 -0.0444 0.192
8747.51129 0.0254 0.181
8747.51129 0.0360 0.435
8747.51129 0.0265 0.185
8747.51129 0.0961 0.154
8747.51129 0.0143 0.191
8747.51129 0.0288 0.197
8747.51129 0.1647 0.556
8747.51129 0.0042 0.464
8747.51129 0.0671 0.465
8747.51129 0.1468 0.172
8747.51129 -0.0408 0.615
8747.51129 -0.6675 0.156
8747.51129 0.0998 0.226
8747.51129 -0.2013 0.373
8747.51129 0.1032 0.590
8747.51129 -0.0096 0.981
8747.51129 0.1056 0.705
8747.51129 0.1342 0.207
8747.51129 0.2252 0.666
8747.51129 0.0080 0.499
8747.51129 0.1657 1.855
8747.51129 0.2588 0.439
8747.51129 -0.0379 2.861
8747.51129 -0.3945 2.088
