8746.40878 -0.3356 1.634
8746.40878 -0.2229 1.537
8746.40878 -0.2124 1.495
8746.40878 -0.9705 1.008
8746.40878 -6.7794 0.257
8746.40878 -6.3999 0.286
8746.40878 -0.9972 0.778
8746.40878 -1.5578 1.786
8746.40878 0.0249 0.518
8746.40878 -1.2465 0.358
8746.40878 -6.7191 0.269
8746.40878 0.0146 0.152
8746.40878 -0.1117 0.169
8746.40878 -4.7167 0.411
8746.40878 -5.9617 0.395
8746.40878 -2.0848 0.649
8746.40878 -1.2992 0.988
8746.40878 -4.2924 0.886
8746.40878 -6.7559 0.166
8746.40878 -0.1826 2.240
8746.40878 -0.0282 0.517
8746.40878 -0.0041 1.219
8746.40878 -0.3811 1.375
8746.40878 -0.5117 0.755
8746.40878 -0.0557 0.639
8746.40878 -0.0281 0.523
8746.40878 -1.1323 0.704
8746.40878 0.0112 1.673
8746.40878 -0.0384 0.432
8746.40878 -0.0086 0.214
8746.40878 -0.0390 0.157
8746.40878 -0.4370 0.325
8746.40878 -0.1766 0.398
8746.40878 -0.0059 0.431
8746.40878 -0.0299 0.319
8746.40878 -0.6118 0.314
8746.40878 -0.0020 0.380
8746.40878 0.0655 0.257
8746.40878 -0.6440 0.864
8746.40878 0.0393 0.600
8746.40878 -0.0366 0.356
8746.40878 0.0601 0.242
8746.40878 0.0858 0.220
8746.40878 -0.6521 0.228
8746.40878 0.0240 0.148
8746.40878 -0.0146 0.144
8746.40878 0.0740 0.366
8746.40878 0.0306 0.212
8746.40878 0.0086 0.124
8746.40878 -0.0303 0.097
8746.40878 0.0814 0.150
8746.40878 -0.0274 0.156
8746.40878 0.0779 0.156
8746.40878 -0.0226 0.166
8746.40878 0.0015 0.191
8746.40878 -0.0776 0.117
8746.40878 0.0833 0.188
8746.40878 0.0010 0.133
8746.40878 0.0196 0.166
8746.40878 -0.0015 0.141
8746.40878 0.0200 0.134
8746.40878 0.0034 0.216
8746.40878 0.0122 0.132
8746.40878 0.0414 0.139
8746.40878 0.0273 0.178
8746.40878 -0.0403 0.149
8746.40878 0.0897 0.618
8746.40878 -0.1125 0.206
8746.40878 -0.0063 0.156
8746.40878 0.0496 0.166
8746.40878 -0.0450 0.640
8746.40878 -0.0803 0.159
8746.40878 0.0184 0.127
8746.40878 -0.2069 0.558
8746.40878 0.0840 0.462
8746.40878 0.0466 1.310
8746.40878 0.1131 0.724
8746.40878 0.1098 0.779
8746.40878 -0.0527 0.748
8746.40878 -0.1401 0.517
8746.40878 -0.0018 0.915
8746.40878 0.0732 0.407
8746.40878 -0.0676 1.632
8746.40878 -0.4448 2.026
