8799.47403 -1.2802 9.836
8799.47403 -0.0793 1.740
8799.47403 0.2667 0.948
8799.47403 0.4010 1.020
8799.47403 -28.2323 0.532
8799.47403 -28.3133 0.740
8799.47403 -0.4764 0.863
8799.47403 -0.3641 1.857
8799.47403 0.2584 0.348
8799.47403 1.0684 0.808
8799.47403 -28.0412 1.915
8799.47403 0.2217 0.185
8799.47403 0.1280 0.236
8799.47403 0.0603 2.135
8799.47403 -28.3554 1.072
8799.47403 -0.5105 1.112
8799.47403 0.3317 1.328
8799.47403 0.6834 1.583
8799.47403 -28.3375 0.204
8799.47403 0.9935 2.783
8799.47403 0.1366 1.067
8799.47403 0.1872 2.115
8799.47403 0.0015 1.757
8799.47403 -0.9343 0.701
8799.47403 0.2338 1.218
8799.47403 0.2136 0.782
8799.47403 0.5552 0.785
8799.47403 0.1437 1.740
8799.47403 0.2283 0.920
8799.47403 0.1316 0.927
8799.47403 0.1597 0.293
8799.47403 0.1635 0.814
8799.47403 0.2208 0.733
8799.47403 0.0564 2.845
8799.47403 0.1908 0.318
8799.47403 0.1366 0.813
8799.47403 0.1583 0.435
8799.47403 0.1565 0.917
8799.47403 0.2560 0.792
8799.47403 0.1736 0.535
8799.47403 0.0990 0.476
8799.47403 0.1339 0.335
8799.47403 0.0799 0.336
8799.47403 0.1224 0.404
8799.47403 0.1559 0.336
8799.47403 0.1892 0.306
8799.47403 0.0947 0.581
8799.47403 0.1580 0.418
8799.47403 0.0714 0.199
8799.47403 0.2286 0.200
8799.47403 0.1651 0.282
8799.47403 0.1444 0.210
8799.47403 0.1526 0.237
8799.47403 0.0547 0.362
8799.47403 0.1974 0.224
8799.47403 0.0879 0.172
8799.47403 0.2183 0.232
8799.47403 0.2074 0.260
8799.47403 0.2016 0.216
8799.47403 0.0798 0.178
8799.47403 0.1152 0.177
8799.47403 0.1429 0.280
8799.47403 0.1334 0.236
8799.47403 0.1295 0.235
8799.47403 0.1017 0.333
8799.47403 0.1403 0.263
8799.47403 0.2907 0.375
8799.47403 0.0665 0.390
8799.47403 0.1842 0.228
8799.47403 -0.8141 0.525
8799.47403 0.2003 0.234
8799.47403 -0.0013 0.306
8799.47403 -0.0884 0.247
8799.47403 -0.9981 0.807
8799.47403 -0.7929 0.356
8799.47403 0.1372 0.438
8799.47403 0.1799 0.987
8799.47403 0.2786 0.548
8799.47403 0.1229 0.586
8799.47403 0.0297 0.981
8799.47403 0.1182 1.304
8799.47403 0.1821 1.153
8799.47403 0.2052 1.238
8799.47403 -0.4403 1.883
