8743.58975 -0.2913 1.076
8743.58975 -0.1583 0.636
8743.58975 -0.4198 1.089
8743.58975 -1.9158 1.186
8743.58975 -5.8665 0.201
8743.58975 -5.7958 0.320
8743.58975 -1.4068 0.879
8743.58975 -2.1903 0.766
8743.58975 -0.1043 0.198
8743.58975 -1.8532 0.300
8743.58975 -5.7880 1.417
8743.58975 -0.0666 0.123
8743.58975 -0.1360 0.191
8743.58975 -4.6583 0.353
8743.58975 -5.4424 0.251
8743.58975 -2.5396 0.543
8743.58975 -2.2949 1.019
8743.58975 -4.4577 0.668
8743.58975 -5.8578 0.143
8743.58975 -0.2868 1.902
8743.58975 0.0313 0.319
8743.58975 0.0460 0.908
8743.58975 -0.5938 1.525
8743.58975 -0.7873 0.808
8743.58975 -0.0708 0.318
8743.58975 -0.0646 0.450
8743.58975 -1.2017 0.954
8743.58975 -0.0661 0.919
8743.58975 -0.0770 0.259
8743.58975 -0.0375 0.241
8743.58975 -0.1894 0.179
8743.58975 -0.9355 0.398
8743.58975 -0.4262 0.394
8743.58975 -0.0618 0.280
8743.58975 -0.0524 0.369
8743.58975 -0.1969 0.474
8743.58975 0.0261 0.307
8743.58975 -0.0536 0.324
8743.58975 -0.0926 0.873
8743.58975 -0.0660 0.646
8743.58975 -0.1055 0.195
8743.58975 -0.0812 0.194
8743.58975 -0.1619 0.225
8743.58975 -0.0624 0.291
8743.58975 -0.0566 0.154
8743.58975 -0.0507 0.121
8743.58975 -0.0825 0.293
8743.58975 -0.1494 0.171
8743.58975 -0.0677 0.143
8743.58975 -0.0017 0.076
8743.58975 -0.0636 0.196
8743.58975 -0.0783 0.127
8743.58975 -0.0550 0.118
8743.58975 -0.0492 0.154
8743.58975 -0.0031 0.118
8743.58975 -0.0630 0.141
8743.58975 -0.0954 0.168
8743.58975 -0.0437 0.105
8743.58975 0.0016 0.248
8743.58975 -0.0948 0.165
8743.58975 -0.0375 0.167
8743.58975 -0.0670 0.355
8743.58975 -0.0504 0.118
8743.58975 -0.0107 0.118
8743.58975 -0.0933 0.150
8743.58975 -0.0814 0.215
8743.58975 -0.0779 0.427
8743.58975 -0.1183 0.334
8743.58975 -0.0799 0.324
8743.58975 -0.0775 0.356
8743.58975 -0.0840 0.135
8743.58975 -0.1033 0.252
8743.58975 -0.1493 0.245
8743.58975 -0.2524 0.468
8743.58975 0.0296 0.415
8743.58975 -0.0596 1.246
8743.58975 0.0519 0.896
8743.58975 0.0570 0.626
8743.58975 -0.1627 0.730
8743.58975 -0.2080 1.413
8743.58975 -0.0273 1.410
8743.58975 0.2027 0.561
8743.58975 -0.2048 3.097
8743.58975 0.8430 5.318
