8757.54449 -1.2726 5.752
8757.54449 -0.1927 1.162
8757.54449 -0.2965 0.833
8757.54449 -1.2753 1.398
8757.54449 -12.2354 0.242
8757.54449 -12.0895 0.371
8757.54449 -1.9642 1.434
8757.54449 -3.6608 1.882
8757.54449 0.0822 0.241
8757.54449 -1.4255 0.662
8757.54449 -11.9401 0.248
8757.54449 -0.0426 0.136
8757.54449 -0.1751 0.232
8757.54449 -10.4202 0.723
8757.54449 -11.7082 0.462
8757.54449 -3.6588 1.309
8757.54449 -0.3035 2.649
8757.54449 -10.5091 0.783
8757.54449 -12.2034 0.189
8757.54449 -0.0693 1.508
8757.54449 0.0066 0.351
8757.54449 -0.1172 0.940
8757.54449 -0.4672 1.127
8757.54449 -0.8878 0.639
8757.54449 -0.1458 0.748
8757.54449 -0.0858 0.857
8757.54449 -1.4865 1.283
8757.54449 -0.0919 1.572
8757.54449 -0.0239 0.349
8757.54449 -0.0917 1.596
8757.54449 -0.0873 0.397
8757.54449 -0.7336 1.389
8757.54449 -0.3518 0.671
8757.54449 -0.1464 2.633
8757.54449 -0.0288 2.242
8757.54449 -0.0207 0.441
8757.54449 0.0048 0.579
8757.54449 -0.0921 0.455
8757.54449 -0.0195 0.823
8757.54449 -0.1070 0.557
8757.54449 -0.1350 0.492
8757.54449 -0.1433 0.246
8757.54449 -0.0306 0.236
8757.54449 0.0135 0.303
8757.54449 -0.3769 0.182
8757.54449 -0.0671 0.115
8757.54449 -0.0106 0.247
8757.54449 -0.0753 0.103
8757.54449 -0.0735 0.149
8757.54449 -0.0513 0.080
8757.54449 -0.0595 0.107
8757.54449 -0.3619 0.232
8757.54449 -0.0644 0.191
8757.54449 -0.3734 0.460
8757.54449 -0.1021 0.162
8757.54449 -0.0122 0.183
8757.54449 -0.3190 0.247
8757.54449 -0.1470 0.329
8757.54449 -0.0912 0.181
8757.54449 -0.1138 0.162
8757.54449 -0.0341 0.145
8757.54449 -0.0573 0.196
8757.54449 -0.0309 0.107
8757.54449 -0.3690 0.163
8757.54449 -0.4018 0.194
8757.54449 -0.4453 0.230
8757.54449 0.0077 0.437
8757.54449 0.1139 0.528
8757.54449 -0.0111 0.124
8757.54449 -0.0127 0.244
8757.54449 -0.0974 0.293
8757.54449 -0.0972 0.302
8757.54449 -0.1603 0.235
8757.54449 -0.2885 0.866
8757.54449 -0.0760 0.542
8757.54449 -0.1383 0.923
8757.54449 -0.0276 0.577
8757.54449 -0.0096 0.620
8757.54449 -0.1349 0.264
8757.54449 -1.3591 1.799
8757.54449 -0.1515 0.883
8757.54449 0.0956 0.465
8757.54449 0.0540 2.943
8757.54449 1.1972 3.276
