8740.37661 -0.4405 2.194
8740.37661 -0.1836 1.801
8740.37661 -0.3128 0.868
8740.37661 -1.1855 0.645
8740.37661 -3.9792 0.118
8740.37661 -3.9097 0.134
8740.37661 -0.9788 0.377
8740.37661 -1.4174 1.133
8740.37661 0.0086 0.147
8740.37661 -1.0034 0.241
8740.37661 -3.9720 0.145
8740.37661 -0.0954 0.110
8740.37661 -0.1465 0.109
8740.37661 -3.0797 0.268
8740.37661 -3.6565 0.220
8740.37661 -1.6072 0.287
8740.37661 -1.4602 0.648
8740.37661 -2.8280 0.276
8740.37661 -3.9463 0.107
8740.37661 -0.2451 1.795
8740.37661 -0.0967 0.737
8740.37661 -0.0123 1.090
8740.37661 -0.3880 0.881
8740.37661 -0.5881 0.442
8740.37661 -0.0750 0.827
8740.37661 -0.1397 0.926
8740.37661 -0.8425 0.757
8740.37661 -0.1375 1.496
8740.37661 -0.1404 0.286
8740.37661 -0.0669 1.091
8740.37661 -0.1484 0.272
8740.37661 -0.6052 0.726
8740.37661 -0.2242 0.486
8740.37661 -0.1326 2.714
8740.37661 -0.1560 1.916
8740.37661 -0.1045 0.434
8740.37661 -0.1164 0.543
8740.37661 -0.0457 0.267
8740.37661 -0.1489 0.945
8740.37661 -0.1262 0.565
8740.37661 -0.0744 0.360
8740.37661 -0.0539 0.261
8740.37661 -0.0847 0.227
8740.37661 -0.1437 0.250
8740.37661 -0.0119 0.075
8740.37661 -0.1035 0.134
8740.37661 -0.0519 0.298
8740.37661 -0.0859 0.068
8740.37661 -0.1082 0.065
8740.37661 -0.1301 0.054
8740.37661 -0.0362 0.072
8740.37661 -0.1244 0.175
8740.37661 -0.0442 0.103
8740.37661 -0.0996 0.199
8740.37661 -0.0884 0.117
8740.37661 -0.0879 0.123
8740.37661 -0.0486 0.234
8740.37661 -0.0871 0.102
8740.37661 -0.0722 0.166
8740.37661 -0.0981 0.124
8740.37661 -0.0436 0.122
8740.37661 -0.0235 0.295
8740.37661 -0.0737 0.105
8740.37661 -0.1424 0.176
8740.37661 -0.0645 0.131
8740.37661 -0.1157 0.123
8740.37661 -0.0477 0.208
8740.37661 -0.2112 0.267
8740.37661 -0.1025 0.097
8740.37661 -0.1114 0.227
8740.37661 -0.1318 0.210
8740.37661 -0.0645 0.159
8740.37661 -0.0872 0.208
8740.37661 -0.2556 0.381
8740.37661 -0.1589 0.719
8740.37661 -0.0404 0.628
8740.37661 -0.0027 0.621
8740.37661 0.0651 0.249
8740.37661 -0.2636 0.645
8740.37661 0.1506 0.589
8740.37661 -0.2883 1.290
8740.37661 0.0267 0.315
8740.37661 -0.1780 2.376
8740.37661 -0.5407 2.038
