8732.57354 -0.0823 0.524
8732.57354 -0.1524 0.486
8732.57354 -0.2736 1.120
8732.57354 -0.2728 0.928
8732.57354 -0.8478 0.093
8732.57354 -0.9458 0.181
8732.57354 -0.1643 0.619
8732.57354 -0.3137 1.220
8732.57354 0.0859 0.547
8732.57354 -0.1861 0.168
8732.57354 -0.8784 0.128
8732.57354 -0.0240 0.181
8732.57354 -0.0426 0.223
8732.57354 -0.6126 0.191
8732.57354 -0.9109 0.160
8732.57354 -0.3757 0.245
8732.57354 -0.3879 0.598
8732.57354 -0.6220 0.334
8732.57354 -0.8422 0.061
8732.57354 -0.2403 2.014
8732.57354 -0.1406 0.275
8732.57354 -0.0056 0.864
8732.57354 -0.1767 1.041
8732.57354 -0.1752 0.546
8732.57354 -0.0754 0.652
8732.57354 -0.0731 0.440
8732.57354 -0.2212 0.535
8732.57354 -0.0468 1.397
8732.57354 -0.0867 0.279
8732.57354 -0.0174 0.461
8732.57354 -0.1311 0.198
8732.57354 -0.1816 0.498
8732.57354 -0.1401 0.318
8732.57354 -0.0664 2.163
8732.57354 -0.1199 1.653
8732.57354 -0.1506 0.547
8732.57354 -0.0785 0.446
8732.57354 -0.0582 0.289
8732.57354 -0.0681 0.883
8732.57354 -0.0556 0.620
8732.57354 -0.0098 0.198
8732.57354 -0.0449 0.255
8732.57354 -0.1445 0.259
8732.57354 -0.1068 0.354
8732.57354 -0.0080 0.173
8732.57354 -0.0447 0.176
8732.57354 -0.0423 0.226
8732.57354 -0.0350 0.159
8732.57354 -0.0428 0.165
8732.57354 -0.0931 0.131
8732.57354 -0.0851 0.180
8732.57354 -0.0494 0.209
8732.57354 -0.0801 0.387
8732.57354 -0.0921 0.278
8732.57354 -0.0103 0.168
8732.57354 -0.0731 0.169
8732.57354 -0.0473 0.425
8732.57354 -0.0141 0.176
8732.57354 -0.0409 0.162
8732.57354 -0.0337 0.170
8732.57354 -0.0320 0.198
8732.57354 -0.0659 0.347
8732.57354 -0.0165 0.183
8732.57354 -0.0809 0.234
8732.57354 -0.1223 0.258
8732.57354 -0.1699 0.181
8732.57354 -0.0881 0.630
8732.57354 -0.1952 0.983
8732.57354 -0.1447 0.245
8732.57354 -0.0855 0.478
8732.57354 -0.0964 0.236
8732.57354 -0.0458 0.195
8732.57354 -0.1162 0.327
8732.57354 -0.2385 0.377
8732.57354 0.0047 0.386
8732.57354 -0.1100 0.687
8732.57354 0.0452 0.230
8732.57354 -0.1728 0.549
8732.57354 -0.0030 0.862
8732.57354 -0.2494 0.611
8732.57354 -0.2851 0.929
8732.57354 -0.1257 0.435
8732.57354 -0.2622 1.473
8732.57354 -0.3314 2.924
