8748.35841 -0.3063 1.974
8748.35841 -0.2643 1.648
8748.35841 -0.2307 1.630
8748.35841 -1.5274 1.535
8748.35841 -7.6177 0.196
8748.35841 -7.3345 0.273
8748.35841 -1.2906 0.712
8748.35841 -2.1447 1.518
8748.35841 -0.0107 0.415
8748.35841 -1.4316 0.529
8748.35841 -7.5271 0.152
8748.35841 -0.0133 0.146
8748.35841 -0.2012 0.233
8748.35841 -5.6563 0.399
8748.35841 -6.9649 0.322
8748.35841 -2.5734 0.573
8748.35841 -1.8309 1.228
8748.35841 -5.4152 1.002
8748.35841 -7.6235 0.222
8748.35841 -0.2996 1.942
8748.35841 -0.1135 0.608
8748.35841 -0.0308 0.952
8748.35841 -0.5497 1.491
8748.35841 -0.7576 0.826
8748.35841 0.0023 1.002
8748.35841 -0.1103 0.640
8748.35841 -1.2042 0.895
8748.35841 -0.0784 1.543
8748.35841 0.0209 0.704
8748.35841 -0.0385 1.203
8748.35841 -0.0826 0.313
8748.35841 -0.7118 0.459
8748.35841 -0.2221 0.621
8748.35841 -0.0948 0.479
8748.35841 -0.0997 0.482
8748.35841 -0.1549 0.379
8748.35841 -0.0750 0.379
8748.35841 0.0076 0.424
8748.35841 -0.0186 0.790
8748.35841 -0.0993 0.582
8748.35841 -0.0207 0.287
8748.35841 -0.0255 0.208
8748.35841 -0.1263 0.189
8748.35841 -0.1126 0.265
8748.35841 -0.0113 0.172
8748.35841 0.0212 0.159
8748.35841 -0.0367 0.476
8748.35841 -0.0753 0.173
8748.35841 -0.0865 0.166
8748.35841 -0.0339 0.130
8748.35841 -0.0110 0.245
8748.35841 -0.0047 0.171
8748.35841 -0.0120 0.146
8748.35841 -0.0802 0.351
8748.35841 -0.0447 0.174
8748.35841 -0.1821 0.244
8748.35841 -0.0221 0.407
8748.35841 -0.0505 0.166
8748.35841 0.0291 0.200
8748.35841 -0.0690 0.180
8748.35841 -0.0370 0.216
8748.35841 -0.0794 0.359
8748.35841 -0.0437 0.169
8748.35841 -0.0549 0.165
8748.35841 -0.0300 0.331
8748.35841 -0.1140 0.280
8748.35841 -0.0068 0.381
8748.35841 -0.0960 0.451
8748.35841 -0.0662 0.202
8748.35841 0.0204 0.455
8748.35841 -0.1441 0.536
8748.35841 0.0054 0.176
8748.35841 -0.0420 0.369
8748.35841 -0.2857 0.443
8748.35841 -0.0332 0.455
8748.35841 0.0014 1.640
8748.35841 -0.0379 0.887
8748.35841 0.0692 1.053
8748.35841 -0.0916 0.476
8748.35841 -0.0806 0.830
8748.35841 0.0111 1.175
8748.35841 0.0668 1.931
8748.35841 -0.2869 0.826
8748.35841 -0.5072 2.540
