8799.41875 -1.3975 10.601
8799.41875 -0.1458 1.623
8799.41875 0.2515 0.663
8799.41875 0.2919 1.378
8799.41875 -28.2353 0.687
8799.41875 -28.1689 0.972
8799.41875 -0.4521 0.833
8799.41875 -0.3247 1.025
8799.41875 0.2657 0.328
8799.41875 0.9193 0.716
8799.41875 -28.0240 0.367
8799.41875 0.2389 0.209
8799.41875 0.1083 0.233
8799.41875 -0.0231 1.909
8799.41875 -28.2466 1.214
8799.41875 -0.3126 1.170
8799.41875 0.3132 1.421
8799.41875 0.2219 0.957
8799.41875 -28.2902 0.208
8799.41875 0.0086 1.851
8799.41875 0.1325 0.592
8799.41875 0.1809 1.019
8799.41875 0.0086 1.169
8799.41875 -0.9402 0.665
8799.41875 0.1886 0.828
8799.41875 0.1121 1.054
8799.41875 0.4150 1.157
8799.41875 0.1148 1.585
8799.41875 0.2176 0.373
8799.41875 0.1233 1.640
8799.41875 0.1466 0.353
8799.41875 0.1249 0.933
8799.41875 0.2648 0.485
8799.41875 0.0269 3.355
8799.41875 0.1209 2.223
8799.41875 0.1287 0.412
8799.41875 0.1690 0.549
8799.41875 0.1265 0.486
8799.41875 0.2288 1.160
8799.41875 0.1318 0.657
8799.41875 0.0723 0.446
8799.41875 0.1277 0.372
8799.41875 0.0780 0.294
8799.41875 0.1073 0.430
8799.41875 0.1366 0.225
8799.41875 0.1437 0.205
8799.41875 0.0957 0.433
8799.41875 0.1607 0.481
8799.41875 0.0492 0.182
8799.41875 0.2110 0.234
8799.41875 0.1684 0.205
8799.41875 0.1427 0.231
8799.41875 0.1450 0.422
8799.41875 0.0535 0.381
8799.41875 0.2151 0.232
8799.41875 0.0639 0.162
8799.41875 0.1881 0.216
8799.41875 0.1793 0.268
8799.41875 0.1778 0.207
8799.41875 0.0694 0.183
8799.41875 0.0776 0.213
8799.41875 0.1470 0.249
8799.41875 0.1484 0.176
8799.41875 0.1235 0.227
8799.41875 0.0965 0.278
8799.41875 0.1827 0.210
8799.41875 0.2171 0.345
8799.41875 0.0733 0.633
8799.41875 0.1622 0.190
8799.41875 -0.8594 1.470
8799.41875 0.1174 0.609
8799.41875 0.0620 0.336
8799.41875 0.0477 0.247
8799.41875 -1.0447 0.866
8799.41875 -0.7711 0.251
8799.41875 0.1064 0.678
8799.41875 0.2258 0.707
8799.41875 0.2771 0.724
8799.41875 0.1312 0.623
8799.41875 0.0898 1.024
8799.41875 0.0549 0.658
8799.41875 0.2814 1.051
8799.41875 0.0514 1.711
8799.41875 -0.3127 2.386
