8746.42030 -0.2903 1.648
8746.42030 -0.1501 1.154
8746.42030 -0.1113 1.742
8746.42030 -0.9875 0.920
8746.42030 -6.7812 0.241
8746.42030 -6.4036 0.321
8746.42030 -0.9305 0.451
8746.42030 -1.5877 0.614
8746.42030 0.0456 0.459
8746.42030 -1.2384 0.348
8746.42030 -6.7467 0.143
8746.42030 0.0245 0.156
8746.42030 -0.1016 0.234
8746.42030 -4.7158 0.565
8746.42030 -5.9823 0.468
8746.42030 -2.1254 0.751
8746.42030 -1.3318 1.369
8746.42030 -4.3088 0.922
8746.42030 -6.7844 0.237
8746.42030 -0.2113 2.725
8746.42030 -0.0283 0.343
8746.42030 0.0343 1.250
8746.42030 -0.3621 1.044
8746.42030 -0.4924 0.682
8746.42030 -0.0556 0.826
8746.42030 -0.0322 0.411
8746.42030 -1.1216 0.754
8746.42030 -0.0015 1.562
8746.42030 -0.0328 0.274
8746.42030 -0.0013 0.268
8746.42030 -0.0320 0.168
8746.42030 -0.4333 0.327
8746.42030 -0.1785 0.435
8746.42030 -0.0065 0.275
8746.42030 -0.0454 0.315
8746.42030 -0.6059 0.320
8746.42030 0.0069 0.410
8746.42030 0.0544 0.243
8746.42030 -0.6501 0.728
8746.42030 0.0411 0.543
8746.42030 -0.0400 0.404
8746.42030 0.0581 0.153
8746.42030 0.0880 0.195
8746.42030 -0.6666 0.199
8746.42030 0.0206 0.143
8746.42030 -0.0114 0.160
8746.42030 0.0723 0.328
8746.42030 0.0144 0.234
8746.42030 -0.0061 0.128
8746.42030 -0.0180 0.105
8746.42030 0.0800 0.185
8746.42030 -0.0220 0.145
8746.42030 0.0691 0.145
8746.42030 -0.0373 0.188
8746.42030 0.0042 0.158
8746.42030 -0.0915 0.205
8746.42030 0.0868 0.175
8746.42030 0.0231 0.132
8746.42030 0.0278 0.167
8746.42030 -0.0062 0.135
8746.42030 0.0399 0.143
8746.42030 0.0035 0.385
8746.42030 0.0313 0.144
8746.42030 0.0276 0.132
8746.42030 0.0360 0.171
8746.42030 -0.0556 0.149
8746.42030 0.0775 0.703
8746.42030 -0.0889 0.433
8746.42030 -0.0089 0.190
8746.42030 0.0496 0.152
8746.42030 -0.0571 0.429
8746.42030 -0.0709 0.193
8746.42030 0.0103 0.182
8746.42030 -0.1772 0.589
8746.42030 0.1076 0.435
8746.42030 0.0598 1.365
8746.42030 0.0999 0.719
8746.42030 0.1095 0.857
8746.42030 -0.0244 0.683
8746.42030 -0.0682 0.931
8746.42030 0.0235 0.713
8746.42030 0.4079 1.445
8746.42030 -0.0610 0.927
8746.42030 -0.4365 1.887
