8749.37292 -0.5608 3.685
8749.37292 -0.2171 1.681
8749.37292 -0.0969 1.425
8749.37292 -1.1522 0.951
8749.37292 -8.0721 0.270
8749.37292 -7.7036 0.313
8749.37292 -1.0616 0.969
8749.37292 -1.8469 2.040
8749.37292 0.1439 2.278
8749.37292 -1.4915 0.437
8749.37292 -8.0256 0.279
8749.37292 -0.0273 0.341
8749.37292 -0.1979 0.297
8749.37292 -5.7214 0.642
8749.37292 -7.1892 0.433
8749.37292 -2.5105 0.570
8749.37292 -1.4971 1.285
8749.37292 -5.2294 0.614
8749.37292 -8.0764 0.164
8749.37292 -0.2961 1.226
8749.37292 -0.1286 0.961
8749.37292 -0.0221 1.773
8749.37292 -0.4933 2.221
8749.37292 -0.6509 0.957
8749.37292 -0.0201 1.240
8749.37292 -0.1060 0.659
8749.37292 -1.3456 0.718
8749.37292 0.0010 1.571
8749.37292 -0.1220 0.514
8749.37292 -0.0014 0.405
8749.37292 -0.1140 0.197
8749.37292 -0.5321 0.621
8749.37292 -0.1680 0.299
8749.37292 -0.1240 2.609
8749.37292 -0.1742 1.594
8749.37292 -0.1547 0.329
8749.37292 -0.1139 0.497
8749.37292 -0.0345 0.245
8749.37292 -0.0501 0.876
8749.37292 -0.1360 0.762
8749.37292 -0.0833 0.350
8749.37292 -0.0703 0.428
8749.37292 -0.1664 0.197
8749.37292 -0.1320 0.372
8749.37292 -0.0303 0.136
8749.37292 -0.0377 0.087
8749.37292 -0.0619 0.171
8749.37292 -0.1164 0.275
8749.37292 -0.0604 0.107
8749.37292 -0.0693 0.118
8749.37292 -0.0349 0.121
8749.37292 -0.0639 0.116
8749.37292 -0.0640 0.114
8749.37292 -0.0136 0.199
8749.37292 -0.0931 0.081
8749.37292 -0.0558 0.128
8749.37292 -0.0670 0.287
8749.37292 -0.1026 0.153
8749.37292 -0.0368 0.136
8749.37292 -0.0597 0.247
8749.37292 -0.0027 0.220
8749.37292 -0.1257 0.287
8749.37292 -0.0217 0.140
8749.37292 -0.0965 0.080
8749.37292 -0.0921 0.092
8749.37292 -0.1420 0.162
8749.37292 -0.0467 0.354
8749.37292 -0.2278 0.247
8749.37292 -0.0633 0.168
8749.37292 -0.0668 0.153
8749.37292 -0.0819 0.471
8749.37292 -0.0557 0.117
8749.37292 -0.1370 0.254
8749.37292 -0.2931 0.435
8749.37292 0.0315 0.454
8749.37292 -0.0313 1.419
8749.37292 -0.1139 1.135
8749.37292 -0.0302 0.615
8749.37292 -0.1488 1.107
8749.37292 -0.3372 1.049
8749.37292 0.1240 1.549
8749.37292 0.2132 0.537
8749.37292 -0.4018 2.705
8749.37292 -0.3966 2.200
