8742.47370 -1.3856 1.721
8742.47370 -1.4317 1.086
8742.47370 -1.3321 0.462
8742.47370 -1.7997 0.340
8742.47370 -6.1600 0.196
8742.47370 -5.8259 0.161
8742.47370 -1.5486 0.331
8742.47370 -2.3427 0.435
8742.47370 -0.6321 0.164
8742.47370 -1.6734 0.198
8742.47370 -5.8221 0.213
8742.47370 -0.6092 0.097
8742.47370 -0.6020 0.101
8742.47370 -4.0036 0.240
8742.47370 -4.8450 0.179
8742.47370 -2.0226 0.430
8742.47370 -1.4399 0.523
8742.47370 -3.5208 0.431
8742.47370 -5.4533 0.138
8742.47370 -0.3504 1.727
8742.47370 -0.2716 0.488
8742.47370 -0.1094 0.814
8742.47370 -0.4812 1.048
8742.47370 -0.5526 0.504
8742.47370 1.1183 0.841
8742.47370 -0.1412 1.127
8742.47370 -1.0273 0.836
8742.47370 -0.0461 1.614
8742.47370 -0.0808 0.357
8742.47370 -0.0295 1.460
8742.47370 1.2271 0.671
8742.47370 0.6594 0.887
8742.47370 4.4496 4.459
8742.47370 -0.0387 2.741
8742.47370 -0.0475 1.836
8742.47370 -0.2747 0.443
8742.47370 0.1090 0.595
8742.47370 0.1119 0.369
8742.47370 0.0171 0.974
8742.47370 0.0448 0.682
8742.47370 0.0180 0.461
8742.47370 0.0549 0.300
8742.47370 0.1166 0.271
8742.47370 0.0778 0.369
8742.47370 -0.0022 0.222
8742.47370 0.0031 0.224
8742.47370 0.0591 0.311
8742.47370 0.0369 0.245
8742.47370 0.0613 0.264
8742.47370 0.0462 0.175
8742.47370 0.0831 0.233
8742.47370 0.0443 0.220
8742.47370 0.0084 0.413
8742.47370 -0.0830 0.315
8742.47370 -0.0282 0.199
8742.47370 -0.1165 0.167
8742.47370 -0.0719 0.504
8742.47370 -0.0659 0.198
8742.47370 -0.0475 0.303
8742.47370 -0.0750 0.240
8742.47370 -0.0503 0.196
8742.47370 -0.0772 0.374
8742.47370 -0.0637 0.200
8742.47370 -0.1202 0.171
8742.47370 -0.0176 0.197
8742.47370 -0.1302 0.217
8742.47370 -0.0968 0.236
8742.47370 -0.2770 0.422
8742.47370 -0.0854 0.209
8742.47370 -0.1362 0.306
8742.47370 -0.1212 0.343
8742.47370 -0.1508 0.195
8742.47370 -0.1379 0.180
8742.47370 -0.2895 0.733
8742.47370 0.0052 0.434
8742.47370 -0.0786 1.469
8742.47370 0.0465 0.812
8742.47370 0.0263 0.917
8742.47370 -0.0804 0.693
8742.47370 -0.0905 0.471
8742.47370 0.0296 1.061
8742.47370 0.1032 0.655
8742.47370 -0.1112 1.929
8742.47370 -0.0264 1.931
