8743.57834 -0.3540 1.832
8743.57834 -0.1920 0.779
8743.57834 -0.4232 1.196
8743.57834 -1.7888 0.930
8743.57834 -5.8462 0.164
8743.57834 -5.7577 0.266
8743.57834 -1.3672 0.538
8743.57834 -2.1563 0.382
8743.57834 -0.0818 0.347
8743.57834 -1.8207 0.285
8743.57834 -5.8032 0.786
8743.57834 -0.0964 0.177
8743.57834 -0.1419 0.198
8743.57834 -4.6156 0.347
8743.57834 -5.3943 0.250
8743.57834 -2.4570 0.539
8743.57834 -2.1984 0.999
8743.57834 -4.4046 0.454
8743.57834 -5.8377 0.126
8743.57834 -0.2863 1.806
8743.57834 0.0433 0.273
8743.57834 0.0529 0.677
8743.57834 -0.5518 0.977
8743.57834 -0.7575 0.695
8743.57834 -0.0707 0.655
8743.57834 -0.0511 0.366
8743.57834 -1.1639 0.886
8743.57834 -0.0642 1.000
8743.57834 -0.0612 0.290
8743.57834 -0.0274 0.179
8743.57834 -0.1981 0.162
8743.57834 -0.8940 0.379
8743.57834 -0.4097 0.373
8743.57834 -0.0695 0.235
8743.57834 -0.0314 0.419
8743.57834 -0.1930 0.510
8743.57834 0.0309 0.223
8743.57834 -0.0587 0.302
8743.57834 -0.0817 0.624
8743.57834 -0.0712 0.612
8743.57834 -0.0990 0.183
8743.57834 -0.0733 0.114
8743.57834 -0.1712 0.225
8743.57834 -0.0557 0.354
8743.57834 -0.0659 0.165
8743.57834 -0.0559 0.127
8743.57834 -0.0793 0.333
8743.57834 -0.1401 0.123
8743.57834 -0.0603 0.128
8743.57834 0.0075 0.079
8743.57834 -0.0516 0.238
8743.57834 -0.0886 0.132
8743.57834 -0.0473 0.259
8743.57834 -0.0243 0.164
8743.57834 -0.0113 0.136
8743.57834 -0.0543 0.159
8743.57834 -0.0618 0.216
8743.57834 0.0152 0.141
8743.57834 -0.0262 0.304
8743.57834 -0.0802 0.123
8743.57834 -0.0439 0.191
8743.57834 -0.0356 0.292
8743.57834 -0.0497 0.120
8743.57834 -0.0134 0.126
8743.57834 -0.0985 0.175
8743.57834 -0.1663 0.158
8743.57834 -0.0612 0.301
8743.57834 -0.0482 0.598
8743.57834 -0.1298 0.195
8743.57834 -0.0566 0.239
8743.57834 -0.0596 0.161
8743.57834 -0.0856 0.236
8743.57834 -0.1504 0.482
8743.57834 -0.2007 0.564
8743.57834 -0.1258 0.311
8743.57834 -0.0015 1.673
8743.57834 0.0338 0.666
8743.57834 0.0323 1.347
8743.57834 -0.1139 0.943
8743.57834 -0.2278 1.726
8743.57834 0.2769 2.567
8743.57834 0.1890 0.902
8743.57834 -0.0529 2.017
8743.57834 -0.4010 2.081
