8794.49706 -1.1393 9.030
8794.49706 -0.1325 1.392
8794.49706 0.0024 0.627
8794.49706 0.0236 0.947
8794.49706 -26.9742 0.312
8794.49706 -27.2300 0.491
8794.49706 -1.1082 1.085
8794.49706 -0.8254 1.127
8794.49706 0.0492 0.459
8794.49706 0.7906 0.832
8794.49706 -26.7075 2.067
8794.49706 0.0744 0.172
8794.49706 -0.1608 0.212
8794.49706 -26.3380 0.872
8794.49706 -27.1229 0.601
8794.49706 -1.4021 1.439
8794.49706 -0.1474 1.354
8794.49706 -27.0059 0.815
8794.49706 -26.9947 0.232
8794.49706 -0.0748 1.871
8794.49706 -0.2195 0.707
8794.49706 -0.2025 1.287
8794.49706 0.1397 1.015
8794.49706 -0.0861 0.629
8794.49706 -0.0509 0.828
8794.49706 0.0661 1.012
8794.49706 0.2221 1.368
8794.49706 0.0065 1.641
8794.49706 0.1208 0.205
8794.49706 0.0339 1.646
8794.49706 0.0435 0.390
8794.49706 0.1250 1.070
8794.49706 0.2075 0.588
8794.49706 -0.0152 3.162
8794.49706 0.0655 2.295
8794.49706 0.0738 0.439
8794.49706 0.0995 0.640
8794.49706 0.1041 0.482
8794.49706 -0.0088 1.192
8794.49706 0.1132 0.730
8794.49706 0.0708 0.740
8794.49706 0.0644 0.353
8794.49706 0.0483 0.213
8794.49706 0.0176 0.659
8794.49706 0.0429 0.132
8794.49706 0.0431 0.125
8794.49706 0.0605 0.166
8794.49706 0.0524 0.107
8794.49706 0.0362 0.157
8794.49706 -0.0009 0.171
8794.49706 0.0283 0.149
8794.49706 0.0079 0.135
8794.49706 0.0613 0.801
8794.49706 0.0534 0.400
8794.49706 0.0355 0.343
8794.49706 0.0025 0.215
8794.49706 0.0719 0.602
8794.49706 0.0442 0.254
8794.49706 0.0648 0.447
8794.49706 0.0271 0.254
8794.49706 0.0526 0.222
8794.49706 0.1358 0.202
8794.49706 0.0578 0.154
8794.49706 0.0884 0.146
8794.49706 0.0555 0.220
8794.49706 0.0561 0.256
8794.49706 0.0658 0.534
8794.49706 -0.1688 0.763
8794.49706 0.0659 0.907
8794.49706 0.1557 1.492
8794.49706 0.0187 0.372
8794.49706 -0.0956 0.343
8794.49706 0.0177 0.281
8794.49706 -0.1263 0.716
8794.49706 0.1431 0.606
8794.49706 0.0660 0.344
8794.49706 0.0599 0.433
8794.49706 -0.0285 0.666
8794.49706 -0.1144 1.463
8794.49706 -0.3436 2.038
8794.49706 0.4260 1.973
8794.49706 0.2055 2.721
8794.49706 -0.7802 3.234
8794.49706 -821.3797 3.653
