8799.46244 -1.1586 9.134
8799.46244 -0.0999 1.579
8799.46244 0.2407 0.520
8799.46244 0.2961 0.910
8799.46244 -28.2191 0.604
8799.46244 -28.2833 0.867
8799.46244 -0.4960 0.694
8799.46244 -0.2390 2.120
8799.46244 0.2537 0.422
8799.46244 1.0369 0.775
8799.46244 -28.0401 1.879
8799.46244 0.2379 0.267
8799.46244 0.1361 0.301
8799.46244 0.0175 2.008
8799.46244 -28.3034 1.141
8799.46244 -0.4283 1.284
8799.46244 0.3714 1.009
8799.46244 0.5969 1.736
8799.46244 -28.3265 0.215
8799.46244 1.8922 2.114
8799.46244 0.1779 0.500
8799.46244 0.2374 0.642
8799.46244 -0.0036 0.607
8799.46244 -0.8907 0.281
8799.46244 0.2175 0.538
8799.46244 0.1860 0.295
8799.46244 0.5402 0.624
8799.46244 0.1529 1.044
8799.46244 0.2295 0.641
8799.46244 0.1709 1.200
8799.46244 0.1642 0.280
8799.46244 0.1278 1.442
8799.46244 0.2023 0.768
8799.46244 0.0048 3.418
8799.46244 0.2165 0.704
8799.46244 0.1309 0.694
8799.46244 0.1463 0.499
8799.46244 0.1531 0.929
8799.46244 0.2338 0.513
8799.46244 0.1582 0.315
8799.46244 0.0964 0.266
8799.46244 0.1432 0.393
8799.46244 0.0775 0.283
8799.46244 0.1289 0.390
8799.46244 0.1402 0.355
8799.46244 0.1657 0.259
8799.46244 0.0884 0.873
8799.46244 0.1487 0.456
8799.46244 0.0665 0.204
8799.46244 0.2181 0.182
8799.46244 0.1742 0.256
8799.46244 0.1610 0.204
8799.46244 0.1410 0.417
8799.46244 0.0688 0.458
8799.46244 0.2448 0.261
8799.46244 0.0951 0.177
8799.46244 0.1935 0.306
8799.46244 0.1795 0.276
8799.46244 0.1920 0.224
8799.46244 0.0737 0.171
8799.46244 0.0945 0.251
8799.46244 0.1484 0.367
8799.46244 0.1447 0.246
8799.46244 0.1351 0.207
8799.46244 0.1175 0.413
8799.46244 0.1536 0.258
8799.46244 0.2163 0.334
8799.46244 0.0716 0.613
8799.46244 0.1445 0.202
8799.46244 -0.8455 1.058
8799.46244 0.1789 0.661
8799.46244 0.0991 0.301
8799.46244 0.0416 0.329
8799.46244 -1.0148 0.762
8799.46244 -0.7927 0.408
8799.46244 0.1315 0.329
8799.46244 0.2162 0.439
8799.46244 0.2960 1.047
8799.46244 0.1396 0.684
8799.46244 -0.0784 1.437
8799.46244 0.1216 1.413
8799.46244 0.3509 0.507
8799.46244 0.0340 2.021
8799.46244 -0.1525 2.986
