8732.56319 -0.1959 0.185
8732.56319 -0.1948 1.569
8732.56319 -0.2362 1.401
8732.56319 -0.2616 0.844
8732.56319 -0.8469 0.086
8732.56319 -0.9074 0.147
8732.56319 -0.1517 0.545
8732.56319 -0.3055 1.378
8732.56319 0.0819 0.378
8732.56319 -0.1569 0.230
8732.56319 -0.8778 0.136
8732.56319 -0.0500 0.211
8732.56319 -0.0739 0.184
8732.56319 -0.5987 0.145
8732.56319 -0.8838 0.177
8732.56319 -0.3787 0.242
8732.56319 -0.3740 0.404
8732.56319 -0.6129 0.099
8732.56319 -0.8329 0.063
8732.56319 -0.1768 1.688
8732.56319 -0.1040 0.406
8732.56319 0.0478 0.808
8732.56319 -0.1716 0.680
8732.56319 -0.1707 0.279
8732.56319 -0.0705 0.322
8732.56319 -0.0951 0.440
8732.56319 -0.2315 0.236
8732.56319 -0.0508 0.963
8732.56319 -0.1021 0.284
8732.56319 -0.0117 0.209
8732.56319 -0.1284 0.211
8732.56319 -0.1637 0.310
8732.56319 -0.1599 0.320
8732.56319 -0.1291 2.572
8732.56319 -0.1233 1.487
8732.56319 -0.1618 0.452
8732.56319 -0.0855 0.470
8732.56319 -0.0619 0.276
8732.56319 -0.0969 0.959
8732.56319 -0.0628 0.584
8732.56319 -0.0431 0.243
8732.56319 -0.0501 0.215
8732.56319 -0.1464 0.213
8732.56319 -0.0987 0.299
8732.56319 -0.0202 0.204
8732.56319 -0.0570 0.187
8732.56319 -0.0485 0.356
8732.56319 -0.0201 0.163
8732.56319 -0.0530 0.156
8732.56319 -0.0995 0.132
8732.56319 -0.0907 0.163
8732.56319 -0.0443 0.171
8732.56319 -0.0902 0.265
8732.56319 -0.1425 0.192
8732.56319 -0.0289 0.233
8732.56319 -0.0715 0.199
8732.56319 -0.0486 0.471
8732.56319 -0.0422 0.169
8732.56319 -0.0389 0.187
8732.56319 -0.0680 0.170
8732.56319 -0.0397 0.184
8732.56319 -0.0500 0.345
8732.56319 -0.0244 0.161
8732.56319 -0.0953 0.180
8732.56319 -0.1188 0.196
8732.56319 -0.1646 0.180
8732.56319 -0.0903 0.692
8732.56319 -0.1647 0.579
8732.56319 -0.1332 0.207
8732.56319 -0.0965 0.235
8732.56319 -0.0896 0.675
8732.56319 -0.0740 0.166
8732.56319 -0.1198 0.362
8732.56319 -0.1888 0.603
8732.56319 0.0237 0.525
8732.56319 -0.0650 1.159
8732.56319 0.0067 0.878
8732.56319 0.0126 0.477
8732.56319 -0.0551 0.850
8732.56319 -0.1289 0.645
8732.56319 -0.2386 0.995
8732.56319 0.1477 0.347
8732.56319 -0.3700 1.188
8732.56319 -0.7568 2.360
