8799.40470 -1.1071 9.425
8799.40470 -0.1897 1.555
8799.40470 0.1733 0.846
8799.40470 0.3735 1.341
8799.40470 -28.1695 0.716
8799.40470 -28.1462 0.966
8799.40470 -0.2811 0.721
8799.40470 -0.3103 1.051
8799.40470 0.2755 0.440
8799.40470 0.9471 0.831
8799.40470 -27.9781 0.418
8799.40470 0.3309 0.229
8799.40470 0.1563 0.242
8799.40470 -0.0658 1.903
8799.40470 -28.1659 1.246
8799.40470 -0.3649 1.097
8799.40470 0.3625 1.138
8799.40470 0.2345 1.056
8799.40470 -28.2398 0.208
8799.40470 0.0486 1.848
8799.40470 0.1298 0.558
8799.40470 0.2199 0.673
8799.40470 0.1118 1.031
8799.40470 -0.9176 0.695
8799.40470 0.2064 0.785
8799.40470 0.1419 1.043
8799.40470 0.4422 1.162
8799.40470 0.1341 1.573
8799.40470 0.2606 0.301
8799.40470 0.1874 1.584
8799.40470 0.1883 0.406
8799.40470 0.1953 1.047
8799.40470 0.3262 0.476
8799.40470 0.1220 3.284
8799.40470 0.1341 2.262
8799.40470 0.1524 0.432
8799.40470 0.1817 0.603
8799.40470 0.1602 0.403
8799.40470 0.2498 1.221
8799.40470 0.1575 0.680
8799.40470 0.1145 0.504
8799.40470 0.1597 0.416
8799.40470 0.0567 0.262
8799.40470 0.1030 0.687
8799.40470 0.1249 0.191
8799.40470 0.1532 0.216
8799.40470 0.1323 0.350
8799.40470 0.1777 0.643
8799.40470 0.0584 0.198
8799.40470 0.2132 0.270
8799.40470 0.1651 0.219
8799.40470 0.1593 0.188
8799.40470 0.1406 0.721
8799.40470 0.0739 0.552
8799.40470 0.2523 0.311
8799.40470 0.1672 0.185
8799.40470 0.1625 0.276
8799.40470 0.1789 0.349
8799.40470 0.1345 0.292
8799.40470 0.1202 0.186
8799.40470 0.1105 0.173
8799.40470 0.1688 0.329
8799.40470 0.1550 0.186
8799.40470 0.1022 0.170
8799.40470 0.0400 0.492
8799.40470 0.1034 0.220
8799.40470 0.2627 0.730
8799.40470 0.0342 0.206
8799.40470 0.1158 0.392
8799.40470 -0.8271 0.145
8799.40470 0.0693 0.191
8799.40470 0.1011 0.399
8799.40470 -0.0139 0.339
8799.40470 -0.9376 1.845
8799.40470 -0.7992 0.993
8799.40470 0.2024 1.455
8799.40470 0.3111 1.814
8799.40470 0.3070 1.238
8799.40470 0.0851 1.146
8799.40470 -0.1970 0.796
8799.40470 -0.0346 1.448
8799.40470 0.7445 0.573
8799.40470 0.1523 2.888
8799.40470 -0.0063 2.958
