8747.48529 -0.5143 2.868
8747.48529 -0.1994 1.493
8747.48529 -0.0473 0.614
8747.48529 -0.6091 0.882
8747.48529 -7.3525 0.457
8747.48529 -6.7248 0.519
8747.48529 -0.7301 0.614
8747.48529 -1.1444 1.602
8747.48529 0.0352 0.312
8747.48529 -1.3255 0.356
8747.48529 -7.3330 0.264
8747.48529 0.0032 0.174
8747.48529 -0.0873 0.248
8747.48529 -4.3575 0.748
8747.48529 -6.0714 0.448
8747.48529 -1.6529 0.930
8747.48529 -0.6604 0.679
8747.48529 -3.6100 0.990
8747.48529 -7.4168 0.160
8747.48529 -0.1262 1.324
8747.48529 0.0047 0.455
8747.48529 0.0096 1.462
8747.48529 -0.2196 1.134
8747.48529 -0.3147 0.674
8747.48529 -0.6083 0.798
8747.48529 -0.0305 0.999
8747.48529 -1.2182 1.182
8747.48529 -0.0068 1.618
8747.48529 -0.6224 0.281
8747.48529 0.0146 1.385
8747.48529 -0.0166 0.358
8747.48529 -0.8859 0.747
8747.48529 -0.0696 0.474
8747.48529 -0.0450 2.619
8747.48529 0.0522 2.253
8747.48529 0.0621 0.417
8747.48529 0.0945 0.559
8747.48529 -0.0366 0.305
8747.48529 0.0523 1.146
8747.48529 0.0768 0.677
8747.48529 -0.0529 0.537
8747.48529 -0.0503 0.316
8747.48529 0.0192 0.213
8747.48529 0.0665 0.345
8747.48529 0.0698 0.164
8747.48529 -0.0023 0.189
8747.48529 0.0429 0.242
8747.48529 0.0758 0.315
8747.48529 -0.0281 0.186
8747.48529 0.0576 0.142
8747.48529 0.0398 0.207
8747.48529 0.1142 0.179
8747.48529 0.0214 0.352
8747.48529 -0.0210 0.383
8747.48529 0.0788 0.166
8747.48529 -0.0225 0.339
8747.48529 0.0422 0.221
8747.48529 0.0785 0.189
8747.48529 0.0587 0.337
8747.48529 -0.0486 0.199
8747.48529 0.0128 0.227
8747.48529 0.0480 0.285
8747.48529 0.0274 0.186
8747.48529 0.0753 0.236
8747.48529 -0.0166 0.213
8747.48529 0.0313 0.203
8747.48529 0.1287 0.489
8747.48529 -0.0113 0.365
8747.48529 0.0613 0.447
8747.48529 0.1073 0.206
8747.48529 -0.0518 0.572
8747.48529 -0.6796 0.129
8747.48529 0.1071 0.180
8747.48529 -0.1700 0.647
8747.48529 0.1072 0.789
8747.48529 -0.0032 0.646
8747.48529 0.0770 0.804
8747.48529 0.0995 0.437
8747.48529 -0.0325 0.452
8747.48529 -0.1317 0.551
8747.48529 -0.0882 1.154
8747.48529 0.1591 0.427
8747.48529 -0.1375 1.756
8747.48529 -0.3284 2.070
