8749.36141 -0.5813 2.931
8749.36141 -0.2318 0.326
8749.36141 -0.1050 0.461
8749.36141 -1.2633 0.487
8749.36141 -8.0562 0.224
8749.36141 -7.6970 0.299
8749.36141 -1.1125 1.324
8749.36141 -1.9447 1.215
8749.36141 0.0854 0.412
8749.36141 -1.4946 0.427
8749.36141 -8.0019 0.217
8749.36141 -0.0513 0.136
8749.36141 -0.2305 0.324
8749.36141 -5.7390 0.593
8749.36141 -7.2245 0.550
8749.36141 -2.6043 0.802
8749.36141 -1.5591 1.558
8749.36141 -5.2973 1.225
8749.36141 -8.0532 0.227
8749.36141 -0.2483 1.880
8749.36141 -0.1044 0.677
8749.36141 0.0362 0.851
8749.36141 -0.5191 0.988
8749.36141 -0.6153 0.503
8749.36141 -0.0376 0.377
8749.36141 -0.1240 0.463
8749.36141 -1.3808 0.778
8749.36141 -0.0238 0.887
8749.36141 -0.1261 0.133
8749.36141 0.0062 0.430
8749.36141 -0.1139 0.307
8749.36141 -0.5453 0.802
8749.36141 -0.2094 0.353
8749.36141 -0.1393 2.762
8749.36141 -0.1367 1.597
8749.36141 -0.1750 0.431
8749.36141 -0.1043 0.540
8749.36141 -0.0421 0.295
8749.36141 -0.0356 0.895
8749.36141 -0.1244 0.782
8749.36141 -0.0874 0.348
8749.36141 -0.0496 0.300
8749.36141 -0.1751 0.237
8749.36141 -0.1289 0.290
8749.36141 -0.0613 0.112
8749.36141 -0.0338 0.091
8749.36141 -0.0681 0.307
8749.36141 -0.1139 0.278
8749.36141 -0.0290 0.096
8749.36141 -0.0751 0.104
8749.36141 -0.0302 0.233
8749.36141 -0.0535 0.117
8749.36141 -0.0709 0.122
8749.36141 -0.0199 0.156
8749.36141 -0.1041 0.135
8749.36141 -0.0523 0.204
8749.36141 -0.0442 0.144
8749.36141 -0.0844 0.108
8749.36141 -0.0296 0.251
8749.36141 -0.0634 0.106
8749.36141 -0.0165 0.210
8749.36141 -0.1180 0.322
8749.36141 0.0111 0.133
8749.36141 -0.1042 0.100
8749.36141 -0.0953 0.274
8749.36141 -0.1487 0.116
8749.36141 -0.0681 0.346
8749.36141 -0.1830 0.293
8749.36141 -0.0733 0.421
8749.36141 -0.0704 0.160
8749.36141 -0.0986 0.272
8749.36141 -0.0770 0.184
8749.36141 -0.1130 0.175
8749.36141 -0.3207 0.382
8749.36141 0.0462 0.449
8749.36141 -0.0662 1.462
8749.36141 -0.0891 0.471
8749.36141 -0.0191 0.798
8749.36141 -0.1145 0.735
8749.36141 -0.1354 0.659
8749.36141 -0.0629 1.364
8749.36141 0.0952 0.645
8749.36141 -0.2243 1.028
8749.36141 -0.3062 1.668
