8748.40615 -0.2652 1.862
8748.40615 -0.2127 1.241
8748.40615 -0.2494 1.249
8748.40615 -1.4018 1.253
8748.40615 -7.7087 0.229
8748.40615 -7.3852 0.325
8748.40615 -1.2243 1.947
8748.40615 -2.0115 2.378
8748.40615 -0.0188 1.618
8748.40615 -1.3817 0.585
8748.40615 -7.6278 0.380
8748.40615 0.0008 0.271
8748.40615 -0.1923 0.211
8748.40615 -5.6115 0.447
8748.40615 -6.9886 0.329
8748.40615 -2.5169 0.637
8748.40615 -1.7157 1.212
8748.40615 -5.3597 1.039
8748.40615 -7.7414 0.222
8748.40615 -0.2855 2.842
8748.40615 -0.1031 0.748
8748.40615 -0.0449 1.084
8748.40615 -0.5140 1.644
8748.40615 -0.6863 0.770
8748.40615 -0.0119 0.738
8748.40615 -0.0935 0.478
8748.40615 -1.1479 0.702
8748.40615 -0.1011 0.832
8748.40615 -0.0019 0.176
8748.40615 -0.0470 0.661
8748.40615 -0.0871 0.347
8748.40615 -0.6593 1.037
8748.40615 -0.1895 0.391
8748.40615 -0.1631 2.534
8748.40615 -0.1311 1.889
8748.40615 -0.1453 0.406
8748.40615 -0.0890 0.560
8748.40615 -0.0117 0.294
8748.40615 -0.0224 0.847
8748.40615 -0.0995 0.696
8748.40615 -0.0633 0.509
8748.40615 -0.0289 0.412
8748.40615 -0.1502 0.265
8748.40615 -0.1113 0.392
8748.40615 -0.0175 0.185
8748.40615 0.0031 0.131
8748.40615 -0.0455 0.259
8748.40615 -0.0894 0.286
8748.40615 -0.1015 0.177
8748.40615 -0.0491 0.115
8748.40615 -0.0069 0.187
8748.40615 -0.0031 0.175
8748.40615 -0.0267 0.212
8748.40615 -0.0869 0.243
8748.40615 -0.0679 0.161
8748.40615 -0.1571 0.188
8748.40615 -0.0326 0.225
8748.40615 -0.0583 0.158
8748.40615 0.0070 0.302
8748.40615 -0.0758 0.161
8748.40615 -0.0428 0.139
8748.40615 -0.0973 0.423
8748.40615 -0.0328 0.150
8748.40615 -0.0669 0.138
8748.40615 -0.0711 0.249
8748.40615 -0.1086 0.182
8748.40615 0.0244 0.255
8748.40615 -0.1471 0.702
8748.40615 -0.0954 0.226
8748.40615 -0.0027 0.208
8748.40615 -0.1257 0.530
8748.40615 -0.0341 0.193
8748.40615 -0.0548 0.379
8748.40615 -0.2833 0.525
8748.40615 0.0339 0.604
8748.40615 0.0098 0.864
8748.40615 0.0042 0.793
8748.40615 0.0319 0.520
8748.40615 -0.0874 0.432
8748.40615 -0.0864 0.948
8748.40615 0.0459 0.829
8748.40615 -0.0441 0.450
8748.40615 -0.4248 2.064
8748.40615 -0.7709 2.667
