8757.34193 -0.9457 3.770
8757.34193 -0.1717 1.593
8757.34193 -0.2866 1.608
8757.34193 -3.2751 1.535
8757.34193 -11.7882 0.262
8757.34193 -11.6745 0.436
8757.34193 -0.5305 1.507
8757.34193 -3.5476 2.137
8757.34193 0.0597 0.380
8757.34193 -1.2716 0.607
8757.34193 -11.5064 0.350
8757.34193 -0.0728 0.161
8757.34193 -0.1576 0.294
8757.34193 -10.0500 0.649
8757.34193 -11.3367 0.418
8757.34193 -3.6868 1.462
8757.34193 1.5013 2.775
8757.34193 -10.1308 0.991
8757.34193 -11.7286 0.189
8757.34193 -0.0795 0.774
8757.34193 -0.0207 0.710
8757.34193 -0.0277 1.182
8757.34193 -0.6132 1.241
8757.34193 -1.1677 0.724
8757.34193 -0.1628 0.324
8757.34193 -0.0568 0.458
8757.34193 -1.3400 0.834
8757.34193 -0.0727 0.654
8757.34193 -0.0260 0.255
8757.34193 -0.1014 0.212
8757.34193 -0.0969 0.216
8757.34193 -1.0257 0.714
8757.34193 -0.4839 0.502
8757.34193 -0.0910 0.388
8757.34193 0.1143 0.232
8757.34193 -0.0267 0.392
8757.34193 0.0047 0.416
8757.34193 -0.0952 0.318
8757.34193 -0.0116 0.811
8757.34193 -0.1136 0.492
8757.34193 -0.1475 0.291
8757.34193 -0.1259 0.188
8757.34193 -0.0700 0.264
8757.34193 -0.0226 0.316
8757.34193 -0.4116 0.222
8757.34193 -0.1052 0.185
8757.34193 -0.0128 0.282
8757.34193 -0.0895 0.240
8757.34193 -0.0943 0.219
8757.34193 -0.0739 0.194
8757.34193 -0.0831 0.219
8757.34193 -0.3811 0.197
8757.34193 -0.1129 0.401
8757.34193 -0.4289 0.263
8757.34193 -0.0700 0.200
8757.34193 -0.0335 0.186
8757.34193 -0.1438 0.256
8757.34193 -0.0875 0.258
8757.34193 -0.1110 0.253
8757.34193 -0.0950 0.209
8757.34193 -0.0496 0.178
8757.34193 -0.0631 0.287
8757.34193 -0.0327 0.193
8757.34193 -0.3926 0.217
8757.34193 -0.4053 0.181
8757.34193 -0.4623 0.261
8757.34193 0.0319 0.361
8757.34193 -0.2439 0.371
8757.34193 -0.0345 0.460
8757.34193 -0.0149 0.518
8757.34193 -0.1261 0.467
8757.34193 -0.0752 0.219
8757.34193 -0.1346 0.401
8757.34193 -0.2478 0.699
8757.34193 -0.0426 0.343
8757.34193 -0.0512 1.103
8757.34193 -0.1915 0.613
8757.34193 0.0275 0.319
8757.34193 -0.1436 0.272
8757.34193 -0.2501 0.583
8757.34193 -0.2447 0.405
8757.34193 0.0516 1.029
8757.34193 -0.0712 2.633
8757.34193 -0.7092 3.555
