8747.49333 -0.4138 2.533
8747.49333 -0.2219 1.120
8747.49333 -0.0269 0.655
8747.49333 -0.6168 0.748
8747.49333 -7.3827 0.428
8747.49333 -6.7051 0.521
8747.49333 -0.7340 0.630
8747.49333 -1.2108 1.004
8747.49333 0.0496 0.261
8747.49333 -1.3111 0.358
8747.49333 -7.3465 0.345
8747.49333 0.0142 0.207
8747.49333 -0.0955 0.251
8747.49333 -4.3810 0.776
8747.49333 -6.0685 0.452
8747.49333 -1.6425 0.910
8747.49333 -0.6548 0.736
8747.49333 -3.5628 1.020
8747.49333 -7.4251 0.162
8747.49333 -0.1544 1.209
8747.49333 -0.0217 0.415
8747.49333 0.0409 1.423
8747.49333 -0.2198 1.164
8747.49333 -0.3059 0.632
8747.49333 -0.6375 0.845
8747.49333 -0.0322 1.001
8747.49333 -1.2428 1.246
8747.49333 0.0051 1.684
8747.49333 -0.6249 0.328
8747.49333 -0.0131 1.372
8747.49333 -0.0122 0.348
8747.49333 -0.9003 0.806
8747.49333 -0.0581 0.437
8747.49333 -0.0536 2.475
8747.49333 0.0524 2.131
8747.49333 0.0579 0.351
8747.49333 0.0900 0.558
8747.49333 -0.0332 0.324
8747.49333 0.0471 1.140
8747.49333 0.0577 0.690
8747.49333 -0.0552 0.550
8747.49333 -0.0403 0.335
8747.49333 0.0226 0.234
8747.49333 0.0624 0.344
8747.49333 0.0690 0.166
8747.49333 -0.0018 0.184
8747.49333 0.0404 0.331
8747.49333 0.0616 0.232
8747.49333 -0.0355 0.239
8747.49333 0.0421 0.140
8747.49333 0.0541 0.204
8747.49333 0.1100 0.174
8747.49333 0.0190 0.486
8747.49333 -0.0056 0.224
8747.49333 0.0636 0.201
8747.49333 -0.0445 0.298
8747.49333 0.0102 0.438
8747.49333 0.1021 0.170
8747.49333 0.0484 0.225
8747.49333 -0.0576 0.193
8747.49333 0.0137 0.189
8747.49333 0.0395 0.351
8747.49333 0.0243 0.181
8747.49333 0.0925 0.229
8747.49333 -0.0129 0.247
8747.49333 0.0224 0.221
8747.49333 0.1309 0.534
8747.49333 0.0106 0.421
8747.49333 0.0375 0.313
8747.49333 0.1303 0.212
8747.49333 -0.0613 0.572
8747.49333 -0.6586 0.214
8747.49333 0.0478 0.210
8747.49333 -0.1944 0.503
8747.49333 0.1555 0.642
8747.49333 0.0306 0.659
8747.49333 0.0661 0.773
8747.49333 0.1346 0.668
8747.49333 -0.0029 0.712
8747.49333 -0.1670 0.464
8747.49333 0.1020 0.960
8747.49333 0.1795 0.724
8747.49333 -0.1304 2.194
8747.49333 -0.8047 2.543
