8799.43030 -1.2212 9.808
8799.43030 -0.1497 1.551
8799.43030 0.2437 0.363
8799.43030 0.2850 1.412
8799.43030 -28.2321 0.728
8799.43030 -28.2163 0.936
8799.43030 -0.4725 0.740
8799.43030 -0.3400 1.272
8799.43030 0.2336 0.359
8799.43030 0.9467 0.731
8799.43030 -28.0578 1.812
8799.43030 0.2482 0.196
8799.43030 0.1182 0.234
8799.43030 -0.0384 1.934
8799.43030 -28.2651 1.193
8799.43030 -0.3243 1.165
8799.43030 0.3446 1.545
8799.43030 0.2447 1.006
8799.43030 -28.3082 0.205
8799.43030 -0.0252 1.717
8799.43030 0.1330 0.448
8799.43030 0.1933 1.314
8799.43030 0.0388 1.172
8799.43030 -0.9484 0.654
8799.43030 0.1784 0.857
8799.43030 0.1071 1.044
8799.43030 0.4188 1.151
8799.43030 0.0948 1.605
8799.43030 0.2085 0.390
8799.43030 0.1256 1.640
8799.43030 0.1554 0.289
8799.43030 0.1352 0.951
8799.43030 0.2312 0.474
8799.43030 0.0286 3.396
8799.43030 0.1292 2.225
8799.43030 0.1358 0.422
8799.43030 0.1512 0.540
8799.43030 0.1317 0.440
8799.43030 0.2082 1.084
8799.43030 0.1468 0.686
8799.43030 0.0798 0.483
8799.43030 0.1207 0.367
8799.43030 0.0799 0.290
8799.43030 0.1205 0.389
8799.43030 0.1340 0.205
8799.43030 0.1481 0.209
8799.43030 0.0947 0.559
8799.43030 0.1480 0.617
8799.43030 0.0493 0.190
8799.43030 0.2094 0.217
8799.43030 0.1530 0.205
8799.43030 0.1396 0.238
8799.43030 0.0859 0.342
8799.43030 0.0407 0.512
8799.43030 0.1915 0.263
8799.43030 0.0751 0.167
8799.43030 0.1752 0.320
8799.43030 0.1850 0.260
8799.43030 0.1799 0.217
8799.43030 0.0909 0.179
8799.43030 0.0941 0.195
8799.43030 0.1318 0.280
8799.43030 0.1385 0.210
8799.43030 0.1220 0.231
8799.43030 0.0989 0.305
8799.43030 0.1499 0.205
8799.43030 0.2158 0.425
8799.43030 0.0702 0.457
8799.43030 0.1533 0.307
8799.43030 -0.7161 1.619
8799.43030 0.1023 0.450
8799.43030 0.0605 0.257
8799.43030 0.0656 0.268
8799.43030 -1.0060 0.988
8799.43030 -0.7921 0.241
8799.43030 0.1157 1.038
8799.43030 0.2203 0.973
8799.43030 0.2957 0.923
8799.43030 0.1075 0.589
8799.43030 0.0573 1.387
8799.43030 0.0680 0.704
8799.43030 0.1698 1.433
8799.43030 -0.0655 2.065
8799.43030 -0.2473 2.146
