8731.41491 0.1411 1.190
8731.41491 -0.0565 0.161
8731.41491 -0.0305 0.475
8731.41491 0.0224 0.197
8731.41491 -0.0462 0.039
8731.41491 -0.0189 0.039
8731.41491 -0.0912 0.144
8731.41491 -0.0586 0.738
8731.41491 0.0073 0.181
8731.41491 0.0156 0.086
8731.41491 -0.0540 0.201
8731.41491 -0.0200 0.146
8731.41491 -0.0177 0.217
8731.41491 -0.0382 0.134
8731.41491 -0.0259 0.256
8731.41491 -0.0523 0.431
8731.41491 -0.0750 0.972
8731.41491 0.0076 0.617
8731.41491 -0.0478 0.357
8731.41491 -0.1277 2.455
8731.41491 -0.0027 0.446
8731.41491 0.0236 1.222
8731.41491 0.0022 1.345
8731.41491 -0.0066 0.673
8731.41491 0.0025 1.051
8731.41491 0.0231 0.236
8731.41491 -0.0009 0.288
8731.41491 -0.0261 1.235
8731.41491 -0.0068 0.556
8731.41491 -0.0199 0.734
8731.41491 -0.0394 0.154
8731.41491 -0.0049 0.211
8731.41491 -0.0230 0.380
8731.41491 -0.0131 0.221
8731.41491 0.0062 0.391
8731.41491 -0.0084 0.170
8731.41491 0.0078 0.138
8731.41491 -0.0094 0.180
8731.41491 -0.0102 0.543
8731.41491 -0.0318 0.550
8731.41491 -0.0183 0.055
8731.41491 -0.0085 0.176
8731.41491 -0.0267 0.152
8731.41491 -0.0201 0.174
8731.41491 -0.0107 0.081
8731.41491 -0.0353 0.078
8731.41491 -0.0257 0.213
8731.41491 -0.0005 0.096
8731.41491 -0.0369 0.063
8731.41491 -0.0497 0.049
8731.41491 -0.0236 0.093
8731.41491 -0.0131 0.097
8731.41491 0.0035 0.118
8731.41491 -0.0148 0.147
8731.41491 -0.0455 0.065
8731.41491 -0.0100 0.106
8731.41491 -0.0130 0.236
8731.41491 0.0085 0.085
8731.41491 -0.0019 0.072
8731.41491 -0.0435 0.069
8731.41491 -0.0058 0.227
8731.41491 -0.0044 0.207
8731.41491 0.0517 0.083
8731.41491 -0.0229 0.058
8731.41491 -0.0233 0.038
8731.41491 -0.0665 0.064
8731.41491 0.0752 0.338
8731.41491 -0.4204 1.031
8731.41491 0.0182 0.307
8731.41491 0.0248 0.162
8731.41491 -0.0485 0.185
8731.41491 0.0110 0.094
8731.41491 -0.0414 0.141
8731.41491 -0.0811 0.570
8731.41491 0.0810 0.383
8731.41491 0.0188 1.020
8731.41491 -0.0841 1.994
8731.41491 0.0931 0.553
8731.41491 -0.0251 0.595
8731.41491 0.1598 0.927
8731.41491 -0.0153 0.974
8731.41491 0.2700 1.083
8731.41491 -0.2422 2.199
8731.41491 -0.2814 2.046
