8731.47677 -0.0188 0.276
8731.47677 -0.0036 1.060
8731.47677 -0.0021 0.598
8731.47677 -0.0416 0.483
8731.47677 -0.1938 0.092
8731.47677 -0.0870 0.121
8731.47677 -0.1827 0.246
8731.47677 -0.1337 0.125
8731.47677 0.1173 0.240
8731.47677 -0.0314 0.085
8731.47677 -0.1806 0.219
8731.47677 -0.0299 0.111
8731.47677 -0.0187 0.153
8731.47677 -0.1769 0.133
8731.47677 -0.1087 0.252
8731.47677 -0.1311 0.294
8731.47677 -0.0610 0.819
8731.47677 -0.0967 0.537
8731.47677 -0.1807 0.224
8731.47677 -0.1324 2.473
8731.47677 0.0018 0.334
8731.47677 0.0146 1.197
8731.47677 -0.0460 1.108
8731.47677 -0.0510 0.563
8731.47677 -0.0179 0.859
8731.47677 0.0138 0.201
8731.47677 -0.0562 0.260
8731.47677 -0.0478 1.216
8731.47677 0.0045 0.472
8731.47677 -0.0301 0.518
8731.47677 -0.0300 0.151
8731.47677 -0.0258 0.247
8731.47677 -0.0247 0.318
8731.47677 -0.0129 0.182
8731.47677 -0.0103 0.472
8731.47677 0.0202 0.133
8731.47677 0.0295 0.165
8731.47677 -0.0055 0.143
8731.47677 -0.0357 0.423
8731.47677 -0.0303 0.392
8731.47677 -0.0316 0.083
8731.47677 -0.0257 0.147
8731.47677 -0.0310 0.095
8731.47677 -0.0133 0.164
8731.47677 -0.0116 0.083
8731.47677 -0.0510 0.096
8731.47677 -0.0303 0.274
8731.47677 -0.0343 0.096
8731.47677 -0.0325 0.045
8731.47677 -0.0309 0.036
8731.47677 -0.0245 0.057
8731.47677 -0.0202 0.149
8731.47677 -0.0419 0.103
8731.47677 -0.0043 0.120
8731.47677 -0.0176 0.076
8731.47677 -0.0406 0.080
8731.47677 -0.0105 0.291
8731.47677 -0.0159 0.113
8731.47677 -0.0227 0.068
8731.47677 -0.0408 0.093
8731.47677 -0.0101 0.075
8731.47677 -0.0316 0.158
8731.47677 0.0117 0.056
8731.47677 -0.0222 0.098
8731.47677 -0.1428 0.119
8731.47677 -0.0222 0.148
8731.47677 0.0500 0.744
8731.47677 -0.0931 0.570
8731.47677 0.0214 0.211
8731.47677 -0.0003 0.257
8731.47677 -0.0622 0.467
8731.47677 -0.0257 0.079
8731.47677 -0.0340 0.272
8731.47677 -0.1478 0.347
8731.47677 0.0310 0.403
8731.47677 -0.0092 0.812
8731.47677 0.0357 0.525
8731.47677 0.1312 0.893
8731.47677 -0.0109 0.448
8731.47677 0.0614 0.766
8731.47677 -0.0145 1.255
8731.47677 0.1913 0.691
8731.47677 -0.0982 2.709
8731.47677 -0.2758 3.901
