8747.53542 -0.3125 2.849
8747.53542 -0.1602 0.435
8747.53542 -0.0182 1.171
8747.53542 -0.7221 1.038
8747.53542 -7.5004 0.436
8747.53542 -6.9029 0.674
8747.53542 -0.7337 0.916
8747.53542 -1.3273 2.587
8747.53542 0.0882 1.420
8747.53542 -1.3861 0.423
8747.53542 -7.4494 0.367
8747.53542 0.0129 0.209
8747.53542 -0.0738 0.191
8747.53542 -4.7036 0.799
8747.53542 -6.3328 0.460
8747.53542 -1.8722 0.891
8747.53542 -0.9214 1.133
8747.53542 -4.0461 1.051
8747.53542 -7.5170 0.181
8747.53542 -0.1558 2.550
8747.53542 -0.0025 0.410
8747.53542 0.0892 1.022
8747.53542 -0.3074 1.317
8747.53542 -0.3838 0.773
8747.53542 -0.6028 0.518
8747.53542 0.0004 0.425
8747.53542 -1.2671 0.851
8747.53542 0.0259 1.032
8747.53542 -0.6040 0.228
8747.53542 0.0349 0.208
8747.53542 -0.0029 0.215
8747.53542 -0.9749 0.865
8747.53542 -0.0938 0.360
8747.53542 -0.0343 2.592
8747.53542 0.0556 2.173
8747.53542 0.0782 0.427
8747.53542 0.0922 0.572
8747.53542 -0.0545 0.319
8747.53542 0.0406 1.107
8747.53542 0.0835 0.752
8747.53542 -0.0721 0.546
8747.53542 -0.0386 0.357
8747.53542 0.0232 0.230
8747.53542 0.0753 0.340
8747.53542 0.0490 0.183
8747.53542 -0.0001 0.163
8747.53542 0.0566 0.296
8747.53542 0.0704 0.328
8747.53542 -0.0300 0.206
8747.53542 0.0555 0.123
8747.53542 0.0464 0.192
8747.53542 0.1031 0.145
8747.53542 0.0225 0.207
8747.53542 -0.0401 0.473
8747.53542 0.0855 0.168
8747.53542 -0.0322 0.232
8747.53542 0.0213 0.308
8747.53542 0.1287 0.175
8747.53542 0.0419 0.335
8747.53542 -0.0343 0.167
8747.53542 0.0270 0.227
8747.53542 0.0313 0.319
8747.53542 0.0168 0.178
8747.53542 0.0909 0.177
8747.53542 -0.0050 0.207
8747.53542 0.0245 0.187
8747.53542 0.1468 0.191
8747.53542 -0.0491 0.615
8747.53542 0.0546 0.468
8747.53542 0.1090 0.202
8747.53542 -0.0560 0.721
8747.53542 -0.6530 0.195
8747.53542 0.0906 0.267
8747.53542 -0.1683 0.413
8747.53542 0.1161 0.758
8747.53542 0.0144 0.838
8747.53542 0.0677 0.542
8747.53542 0.1057 0.530
8747.53542 -0.0038 0.644
8747.53542 -0.0926 0.834
8747.53542 0.0264 1.003
8747.53542 0.1467 0.595
8747.53542 -0.0752 2.445
8747.53542 -0.2322 2.151
