8740.43212 -0.3106 1.088
8740.43212 -0.1747 1.493
8740.43212 -0.2777 1.451
8740.43212 -1.2269 0.979
8740.43212 -4.1146 0.128
8740.43212 -4.0233 0.162
8740.43212 -0.9591 0.681
8740.43212 -1.5166 1.051
8740.43212 -0.0252 0.757
8740.43212 -1.0096 0.359
8740.43212 -4.1069 0.214
8740.43212 -0.1004 0.297
8740.43212 -0.1535 0.239
8740.43212 -3.1807 0.425
8740.43212 -3.7578 0.177
8740.43212 -1.6708 0.495
8740.43212 -1.5018 0.692
8740.43212 -2.9157 0.486
8740.43212 -4.0620 0.222
8740.43212 -0.2961 2.857
8740.43212 -0.0989 0.652
8740.43212 -0.0881 1.398
8740.43212 -0.4136 1.271
8740.43212 -0.6250 0.622
8740.43212 -0.0784 0.941
8740.43212 -0.1869 0.420
8740.43212 -0.8349 0.583
8740.43212 -0.1468 1.463
8740.43212 -0.1390 0.307
8740.43212 -0.0735 0.264
8740.43212 -0.1757 0.139
8740.43212 -0.6048 0.301
8740.43212 -0.2525 0.302
8740.43212 -0.1486 2.161
8740.43212 -0.1565 1.232
8740.43212 -0.1173 0.381
8740.43212 -0.1248 0.425
8740.43212 -0.0497 0.246
8740.43212 -0.1538 0.914
8740.43212 -0.1413 0.573
8740.43212 -0.0747 0.306
8740.43212 -0.0673 0.104
8740.43212 -0.0953 0.182
8740.43212 -0.1398 0.229
8740.43212 -0.0302 0.095
8740.43212 -0.1132 0.095
8740.43212 -0.0659 0.322
8740.43212 -0.0905 0.115
8740.43212 -0.1214 0.078
8740.43212 -0.1353 0.038
8740.43212 -0.0430 0.068
8740.43212 -0.1209 0.151
8740.43212 -0.0503 0.066
8740.43212 -0.1047 0.220
8740.43212 -0.1039 0.058
8740.43212 -0.1015 0.052
8740.43212 -0.0701 0.350
8740.43212 -0.1061 0.080
8740.43212 -0.0965 0.215
8740.43212 -0.1372 0.126
8740.43212 -0.0632 0.174
8740.43212 -0.0212 0.136
8740.43212 -0.0914 0.107
8740.43212 -0.1438 0.094
8740.43212 -0.0802 0.099
8740.43212 -0.1010 0.079
8740.43212 -0.0726 0.259
8740.43212 -0.2372 0.542
8740.43212 -0.0839 0.221
8740.43212 -0.1104 0.383
8740.43212 -0.1582 0.291
8740.43212 -0.0901 0.257
8740.43212 -0.1058 0.078
8740.43212 -0.2745 0.453
8740.43212 -0.0049 0.395
8740.43212 -0.0458 1.151
8740.43212 -0.0343 0.836
8740.43212 0.0550 0.944
8740.43212 -0.2853 0.566
8740.43212 -0.1597 1.065
8740.43212 -0.2504 0.886
8740.43212 0.1319 0.427
8740.43212 -0.2655 2.553
8740.43212 -0.4144 2.329
