8731.40115 -0.0342 0.031
8731.40115 0.0263 0.267
8731.40115 -0.0370 0.306
8731.40115 0.0305 0.817
8731.40115 -0.0156 0.027
8731.40115 -0.0060 0.054
8731.40115 -0.0912 0.230
8731.40115 -0.0295 0.684
8731.40115 0.0322 0.242
8731.40115 0.0104 0.072
8731.40115 -0.0129 0.129
8731.40115 -0.0463 0.199
8731.40115 -0.0271 0.184
8731.40115 -0.0298 0.081
8731.40115 0.0008 0.122
8731.40115 -0.0528 0.224
8731.40115 -0.0598 0.525
8731.40115 0.0081 0.337
8731.40115 -0.0294 0.131
8731.40115 -0.0123 1.418
8731.40115 0.0157 0.272
8731.40115 0.0207 0.629
8731.40115 0.0317 0.619
8731.40115 -0.0096 0.420
8731.40115 -0.0199 0.653
8731.40115 -0.0088 0.205
8731.40115 0.0087 0.319
8731.40115 -0.0206 1.428
8731.40115 0.0158 0.628
8731.40115 -0.0157 0.495
8731.40115 -0.0498 0.222
8731.40115 -0.0138 0.506
8731.40115 -0.0283 0.389
8731.40115 -0.0462 1.854
8731.40115 -0.0395 1.290
8731.40115 -0.0240 0.664
8731.40115 -0.0224 0.510
8731.40115 0.0005 0.344
8731.40115 -0.0269 0.775
8731.40115 -0.0452 0.607
8731.40115 -0.0384 0.348
8731.40115 -0.0295 0.108
8731.40115 -0.0210 0.182
8731.40115 -0.0249 0.088
8731.40115 0.0016 0.088
8731.40115 -0.0302 0.075
8731.40115 0.0100 0.194
8731.40115 -0.0042 0.122
8731.40115 -0.0211 0.107
8731.40115 -0.0135 0.026
8731.40115 0.0081 0.158
8731.40115 -0.0064 0.073
8731.40115 -0.0211 0.080
8731.40115 0.0117 0.049
8731.40115 -0.0153 0.129
8731.40115 -0.0317 0.088
8731.40115 -0.0007 0.091
8731.40115 0.0100 0.113
8731.40115 -0.0435 0.095
8731.40115 -0.0225 0.050
8731.40115 0.0138 0.136
8731.40115 -0.0267 0.114
8731.40115 0.0047 0.071
8731.40115 -0.0272 0.109
8731.40115 -0.0069 0.058
8731.40115 -0.0266 0.235
8731.40115 0.0248 0.406
8731.40115 -0.0659 1.103
8731.40115 0.0112 0.351
8731.40115 0.0439 0.241
8731.40115 -0.0314 0.110
8731.40115 -0.0240 0.202
8731.40115 -0.0341 0.065
8731.40115 -0.1289 0.521
8731.40115 0.0301 0.136
8731.40115 0.0422 1.201
8731.40115 0.0322 0.245
8731.40115 0.0835 0.660
8731.40115 -0.0406 0.580
8731.40115 -0.0446 0.980
8731.40115 -0.1094 0.899
8731.40115 0.0422 0.511
8731.40115 -1007.190 19.673
8731.40115 -0.0908 2.464
