8740.42060 -0.3748 1.284
8740.42060 -0.2124 1.705
8740.42060 -0.3372 1.485
8740.42060 -1.1760 0.794
8740.42060 -4.0848 0.124
8740.42060 -3.9886 0.199
8740.42060 -1.0250 0.521
8740.42060 -1.4153 1.440
8740.42060 0.0495 1.394
8740.42060 -0.9942 0.317
8740.42060 -4.0850 0.350
8740.42060 -0.0990 0.275
8740.42060 -0.1494 0.237
8740.42060 -3.1349 0.301
8740.42060 -3.7291 0.285
8740.42060 -1.6170 0.326
8740.42060 -1.4421 0.545
8740.42060 -2.8923 0.229
8740.42060 -4.0382 0.087
8740.42060 -0.2988 1.477
8740.42060 -0.1088 0.258
8740.42060 -0.0235 0.799
8740.42060 -0.4380 1.009
8740.42060 -0.6146 0.644
8740.42060 -0.0761 0.761
8740.42060 -0.1483 0.425
8740.42060 -0.8261 0.634
8740.42060 -0.1342 1.538
8740.42060 -0.1329 0.333
8740.42060 -0.0724 0.193
8740.42060 -0.1777 0.110
8740.42060 -0.6052 0.272
8740.42060 -0.2544 0.264
8740.42060 -0.0800 0.457
8740.42060 -0.1191 0.213
8740.42060 -0.1197 0.231
8740.42060 -0.1119 0.241
8740.42060 -0.0452 0.192
8740.42060 -0.1458 0.814
8740.42060 -0.1432 0.453
8740.42060 -0.0765 0.127
8740.42060 -0.0734 0.237
8740.42060 -0.0943 0.190
8740.42060 -0.1561 0.254
8740.42060 -0.0232 0.059
8740.42060 -0.1134 0.087
8740.42060 -0.0550 0.229
8740.42060 -0.0910 0.085
8740.42060 -0.1186 0.053
8740.42060 -0.1340 0.040
8740.42060 -0.0444 0.064
8740.42060 -0.1297 0.138
8740.42060 -0.0437 0.093
8740.42060 -0.1183 0.169
8740.42060 -0.0917 0.088
8740.42060 -0.1096 0.074
8740.42060 -0.0641 0.300
8740.42060 -0.1087 0.072
8740.42060 -0.0715 0.099
8740.42060 -0.1048 0.103
8740.42060 -0.0626 0.119
8740.42060 -0.0316 0.161
8740.42060 -0.0820 0.155
8740.42060 -0.1536 0.174
8740.42060 -0.0844 0.129
8740.42060 -0.0991 0.091
8740.42060 -0.0797 0.231
8740.42060 -0.2120 0.407
8740.42060 -0.0889 0.196
8740.42060 -0.1435 0.904
8740.42060 -0.1363 0.663
8740.42060 -0.0894 0.166
8740.42060 -0.1073 0.266
8740.42060 -0.2839 0.364
8740.42060 -0.0644 0.310
8740.42060 -0.0666 0.478
8740.42060 -0.0162 0.481
8740.42060 0.0062 0.573
8740.42060 -0.3244 0.414
8740.42060 -0.0751 0.714
8740.42060 -0.2350 1.287
8740.42060 0.0846 0.500
8740.42060 -0.1471 1.845
8740.42060 -0.6911 2.464
