8741.49260 -0.4795 2.318
8741.49260 -0.3517 1.263
8741.49260 -0.3222 0.807
8741.49260 -1.4397 0.740
8741.49260 -4.7607 0.139
8741.49260 -4.6652 0.189
8741.49260 -1.1627 0.497
8741.49260 -1.7583 1.134
8741.49260 -0.1154 0.265
8741.49260 -1.1243 0.239
8741.49260 -4.7170 0.195
8741.49260 -0.1118 0.132
8741.49260 -0.2602 0.130
8741.49260 -3.7364 0.317
8741.49260 -4.5269 0.266
8741.49260 -2.1470 0.341
8741.49260 -1.9383 0.764
8741.49260 -3.6183 0.276
8741.49260 -4.7715 0.116
8741.49260 -0.2710 1.625
8741.49260 -0.1244 0.475
8741.49260 -0.0663 1.064
8741.49260 -0.4410 0.949
8741.49260 -0.6132 0.489
8741.49260 -0.0445 0.805
8741.49260 -0.0768 0.952
8741.49260 -0.9803 0.757
8741.49260 -0.1191 1.666
8741.49260 -0.0375 0.342
8741.49260 -0.1172 1.359
8741.49260 -0.1273 0.293
8741.49260 -0.8043 0.702
8741.49260 -0.3531 0.537
8741.49260 -0.1937 2.847
8741.49260 -0.0727 1.915
8741.49260 -0.1118 0.444
8741.49260 -0.0340 0.581
8741.49260 -0.1313 0.266
8741.49260 -0.0687 0.979
8741.49260 -0.1361 0.728
8741.49260 -0.1515 0.423
8741.49260 -0.1493 0.330
8741.49260 -0.0896 0.219
8741.49260 -0.0339 0.263
8741.49260 -0.1193 0.101
8741.49260 -0.1031 0.132
8741.49260 -0.1474 0.154
8741.49260 -0.1088 0.147
8741.49260 -0.1154 0.182
8741.49260 -0.0386 0.094
8741.49260 -0.1316 0.104
8741.49260 -0.1169 0.235
8741.49260 -0.1249 0.109
8741.49260 -0.1364 0.220
8741.49260 -0.0858 0.154
8741.49260 -0.1212 0.139
8741.49260 -0.1354 0.435
8741.49260 -0.0716 0.161
8741.49260 -0.0976 0.232
8741.49260 -0.1129 0.124
8741.49260 -0.0985 0.142
8741.49260 -0.1317 0.174
8741.49260 -0.0675 0.134
8741.49260 -0.0515 0.109
8741.49260 -0.0908 0.113
8741.49260 -0.1487 0.152
8741.49260 -0.0476 1.095
8741.49260 -0.2201 0.219
8741.49260 -0.0828 0.425
8741.49260 -0.1223 0.151
8741.49260 -0.1222 0.267
8741.49260 -0.0986 0.240
8741.49260 -0.1984 0.488
8741.49260 -0.2320 0.574
8741.49260 -0.0657 0.526
8741.49260 -0.1510 0.403
8741.49260 -0.0964 0.644
8741.49260 -0.0344 0.569
8741.49260 0.0989 0.592
8741.49260 -0.0985 0.593
8741.49260 -0.0985 1.305
8741.49260 -0.0546 0.874
8741.49260 -0.2108 2.843
8741.49260 -0.3391 1.749
