8732.55156 -0.3451 1.134
8732.55156 -0.2000 1.343
8732.55156 -0.2174 0.611
8732.55156 -0.2303 0.500
8732.55156 -0.8203 0.077
8732.55156 -0.8583 0.122
8732.55156 -0.2000 0.316
8732.55156 -0.3455 1.063
8732.55156 0.1061 0.248
8732.55156 -0.1832 0.120
8732.55156 -0.8541 0.049
8732.55156 -0.0371 0.158
8732.55156 -0.0628 0.166
8732.55156 -0.5958 0.098
8732.55156 -0.8369 0.156
8732.55156 -0.3852 0.179
8732.55156 -0.3335 0.481
8732.55156 -0.5771 0.095
8732.55156 -0.8145 0.083
8732.55156 -0.2226 1.641
8732.55156 -0.0801 0.462
8732.55156 -0.0019 0.573
8732.55156 -0.1245 0.968
8732.55156 -0.1685 0.422
8732.55156 -0.0819 0.800
8732.55156 -0.1030 1.050
8732.55156 -0.2199 0.320
8732.55156 -0.0642 1.624
8732.55156 -0.1044 0.261
8732.55156 -0.0376 1.300
8732.55156 -0.1356 0.347
8732.55156 -0.1694 0.624
8732.55156 -0.1289 0.398
8732.55156 -0.0983 2.656
8732.55156 -0.1375 1.826
8732.55156 -0.1484 0.442
8732.55156 -0.0900 0.510
8732.55156 -0.0540 0.274
8732.55156 -0.1002 0.893
8732.55156 -0.0529 0.632
8732.55156 -0.0457 0.264
8732.55156 -0.0385 0.200
8732.55156 -0.1456 0.200
8732.55156 -0.1027 0.302
8732.55156 -0.0180 0.205
8732.55156 -0.0623 0.183
8732.55156 -0.0498 0.203
8732.55156 -0.0205 0.152
8732.55156 -0.0549 0.151
8732.55156 -0.0995 0.122
8732.55156 -0.1064 0.166
8732.55156 -0.0616 0.176
8732.55156 -0.0916 0.301
8732.55156 -0.0882 0.213
8732.55156 -0.0223 0.222
8732.55156 -0.0827 0.148
8732.55156 -0.0649 0.455
8732.55156 -0.0706 0.188
8732.55156 -0.0421 0.231
8732.55156 -0.0615 0.166
8732.55156 -0.0561 0.178
8732.55156 -0.0487 0.334
8732.55156 -0.0138 0.159
8732.55156 -0.0876 0.204
8732.55156 -0.1137 0.148
8732.55156 -0.1523 0.179
8732.55156 -0.0948 0.637
8732.55156 -0.1561 0.592
8732.55156 -0.1452 0.206
8732.55156 -0.0961 0.199
8732.55156 -0.0660 0.165
8732.55156 -0.0877 0.163
8732.55156 -0.1593 0.343
8732.55156 -0.2120 0.420
8732.55156 -0.0085 0.196
8732.55156 -0.0605 1.244
8732.55156 0.0225 0.686
8732.55156 -0.0280 0.300
8732.55156 -0.0295 0.629
8732.55156 -0.0993 0.397
8732.55156 -0.1471 1.216
8732.55156 0.0715 0.385
8732.55156 -0.2969 2.067
8732.55156 -0.4713 1.844
