8746.39728 -0.3268 1.419
8746.39728 -0.2054 0.833
8746.39728 -0.2099 1.196
8746.39728 -0.9617 1.020
8746.39728 -6.7411 0.229
8746.39728 -6.3648 0.308
8746.39728 -0.9491 0.610
8746.39728 -1.6094 0.421
8746.39728 0.0199 0.207
8746.39728 -1.2594 0.359
8746.39728 -6.6918 0.229
8746.39728 -0.0020 0.147
8746.39728 -0.0980 0.211
8746.39728 -4.7043 0.471
8746.39728 -5.9435 0.429
8746.39728 -2.0991 0.720
8746.39728 -1.2739 1.116
8746.39728 -4.2968 0.866
8746.39728 -6.7345 0.204
8746.39728 -0.2061 2.447
8746.39728 -0.0425 0.408
8746.39728 0.0353 1.193
8746.39728 -0.3921 1.135
8746.39728 -0.4936 0.682
8746.39728 -0.0481 0.314
8746.39728 -0.0435 0.460
8746.39728 -1.1345 0.851
8746.39728 0.0104 1.460
8746.39728 -0.0442 0.281
8746.39728 0.0054 0.238
8746.39728 -0.0378 0.150
8746.39728 -0.4349 0.314
8746.39728 -0.1779 0.423
8746.39728 -0.0108 0.282
8746.39728 -0.0496 0.267
8746.39728 -0.6112 0.337
8746.39728 -0.0066 0.413
8746.39728 0.0497 0.248
8746.39728 -0.6393 0.850
8746.39728 0.0464 0.616
8746.39728 -0.0558 0.322
8746.39728 0.0473 0.206
8746.39728 0.0871 0.195
8746.39728 -0.6619 0.205
8746.39728 0.0281 0.162
8746.39728 -0.0069 0.136
8746.39728 0.0744 0.478
8746.39728 0.0239 0.153
8746.39728 -0.0104 0.115
8746.39728 -0.0251 0.093
8746.39728 0.0922 0.151
8746.39728 -0.0156 0.127
8746.39728 0.0695 0.148
8746.39728 -0.0360 0.158
8746.39728 -0.0046 0.132
8746.39728 -0.0344 0.242
8746.39728 0.0676 0.163
8746.39728 0.0037 0.162
8746.39728 0.0106 0.177
8746.39728 -0.0223 0.136
8746.39728 0.0281 0.151
8746.39728 0.0101 0.362
8746.39728 0.0233 0.132
8746.39728 0.0283 0.114
8746.39728 0.0274 0.188
8746.39728 -0.0237 0.168
8746.39728 0.0651 0.642
8746.39728 -0.0819 0.508
8746.39728 -0.0228 0.156
8746.39728 0.0365 1.000
8746.39728 -0.0369 0.646
8746.39728 -0.0760 0.145
8746.39728 0.0155 0.182
8746.39728 -0.1858 0.398
8746.39728 0.0976 0.441
8746.39728 0.0537 1.146
8746.39728 0.1139 0.912
8746.39728 0.0845 0.989
8746.39728 0.0108 0.760
8746.39728 -0.0705 0.418
8746.39728 0.0184 0.982
8746.39728 0.1757 0.457
8746.39728 -0.0817 1.481
8746.39728 -0.0978 2.048
