8749.28750 -0.8009 4.126
8749.28750 -0.2769 1.542
8749.28750 -0.1713 0.806
8749.28750 -1.6044 0.636
8749.28750 -7.9345 0.207
8749.28750 -7.6821 0.295
8749.28750 -1.2373 0.526
8749.28750 -2.2365 1.388
8749.28750 0.0909 0.259
8749.28750 -1.7072 0.416
8749.28750 -7.8112 1.541
8749.28750 -0.0368 0.157
8749.28750 -0.2350 0.190
8749.28750 -5.9713 0.411
8749.28750 -7.2885 0.337
8749.28750 -2.8770 0.554
8749.28750 -1.9228 0.746
8749.28750 -5.6473 0.523
8749.28750 -7.9153 0.162
8749.28750 -0.2471 1.452
8749.28750 -0.1095 0.485
8749.28750 -0.0733 1.335
8749.28750 -0.4997 1.129
8749.28750 -0.7200 0.529
8749.28750 -0.0464 0.792
8749.28750 -0.1418 0.964
8749.28750 -1.5626 1.031
8749.28750 -0.0266 1.665
8749.28750 -0.1353 0.338
8749.28750 -0.0239 1.374
8749.28750 -0.1263 0.298
8749.28750 -0.6668 0.910
8749.28750 -0.2322 0.472
8749.28750 -0.1616 2.721
8749.28750 -0.1507 1.784
8749.28750 -0.1636 0.411
8749.28750 -0.1001 0.546
8749.28750 -0.0410 0.326
8749.28750 -0.0439 1.029
8749.28750 -0.1285 0.651
8749.28750 -0.0719 0.429
8749.28750 -0.0486 0.302
8749.28750 -0.1653 0.243
8749.28750 -0.1336 0.285
8749.28750 -0.0279 0.106
8749.28750 -0.0177 0.123
8749.28750 -0.0729 0.323
8749.28750 -0.1145 0.179
8749.28750 -0.0423 0.180
8749.28750 -0.0615 0.082
8749.28750 -0.0380 0.293
8749.28750 -0.0600 0.119
8749.28750 -0.0547 0.282
8749.28750 -0.0155 0.184
8749.28750 -0.0987 0.175
8749.28750 -0.0497 0.144
8749.28750 -0.0732 0.355
8749.28750 -0.0985 0.145
8749.28750 -0.0165 0.198
8749.28750 -0.0430 0.233
8749.28750 -0.0055 0.201
8749.28750 -0.1076 0.370
8749.28750 0.0042 0.100
8749.28750 -0.0970 0.103
8749.28750 -0.0813 0.282
8749.28750 -0.1203 0.141
8749.28750 -0.0545 0.242
8749.28750 -0.1893 0.342
8749.28750 -0.0509 0.244
8749.28750 -0.0873 0.248
8749.28750 -0.0637 0.534
8749.28750 -0.0275 0.166
8749.28750 -0.1169 0.399
8749.28750 -0.3292 0.487
8749.28750 0.0042 0.175
8749.28750 -0.0390 0.914
8749.28750 -0.0544 0.470
8749.28750 0.0184 0.564
8749.28750 0.2212 0.763
8749.28750 -0.6720 1.303
8749.28750 0.0063 1.432
8749.28750 -0.1955 2.697
8749.28750 -0.1675 2.887
8749.28750 -0.3612 4.279
