8746.38138 -0.5300 2.649
8746.38138 -0.2232 1.494
8746.38138 -0.1989 0.645
8746.38138 -0.9965 0.442
8746.38138 -6.7141 0.222
8746.38138 -6.3526 0.351
8746.38138 -0.9759 0.486
8746.38138 -1.6002 0.530
8746.38138 0.0156 0.191
8746.38138 -1.2624 0.353
8746.38138 -6.6519 0.323
8746.38138 -0.0131 0.142
8746.38138 -0.1061 0.163
8746.38138 -4.7032 0.413
8746.38138 -5.9307 0.327
8746.38138 -2.1173 0.679
8746.38138 -1.2353 0.638
8746.38138 -4.2449 0.545
8746.38138 -6.7061 0.144
8746.38138 -0.1395 1.656
8746.38138 -0.0300 0.597
8746.38138 0.0183 0.932
8746.38138 -0.3487 1.046
8746.38138 -0.4589 0.531
8746.38138 -0.0547 0.825
8746.38138 -0.0354 0.886
8746.38138 -1.1717 1.018
8746.38138 -0.0224 1.708
8746.38138 -0.0465 0.334
8746.38138 -0.0125 1.496
8746.38138 -0.0404 0.372
8746.38138 -0.4241 0.991
8746.38138 -0.1443 0.456
8746.38138 -0.0724 2.961
8746.38138 -0.0856 2.117
8746.38138 -0.6120 0.402
8746.38138 -0.0118 0.544
8746.38138 0.0560 0.249
8746.38138 -0.6440 0.988
8746.38138 0.0296 0.648
8746.38138 -0.0494 0.501
8746.38138 0.0497 0.302
8746.38138 0.0856 0.182
8746.38138 -0.6620 0.292
8746.38138 0.0139 0.159
8746.38138 -0.0091 0.122
8746.38138 0.0653 0.430
8746.38138 0.0289 0.173
8746.38138 -0.0075 0.170
8746.38138 -0.0318 0.099
8746.38138 0.0941 0.140
8746.38138 -0.0103 0.130
8746.38138 0.0723 0.233
8746.38138 -0.0224 0.241
8746.38138 -0.0124 0.134
8746.38138 -0.0953 0.109
8746.38138 0.0747 0.198
8746.38138 0.0081 0.162
8746.38138 0.0289 0.217
8746.38138 -0.0196 0.111
8746.38138 0.0473 0.134
8746.38138 -0.0000 0.311
8746.38138 0.0290 0.127
8746.38138 0.0264 0.120
8746.38138 0.0321 0.160
8746.38138 -0.0331 0.134
8746.38138 0.0955 0.634
8746.38138 -0.0810 0.229
8746.38138 -0.0077 0.125
8746.38138 0.0565 0.141
8746.38138 -0.0339 0.417
8746.38138 -0.0636 0.148
8746.38138 0.0007 0.128
8746.38138 -0.1703 0.758
8746.38138 0.0954 0.485
8746.38138 0.0747 1.006
8746.38138 0.1038 0.804
8746.38138 0.0574 0.976
8746.38138 -0.0389 0.547
8746.38138 -0.0986 0.662
8746.38138 0.0362 0.980
8746.38138 0.1261 0.562
8746.38138 -0.1003 1.757
8746.38138 -0.3133 1.811
