8748.39697 -0.3636 2.308
8748.39697 -0.1751 1.367
8748.39697 -0.1565 1.579
8748.39697 -1.4381 1.866
8748.39697 -7.6648 0.211
8748.39697 -7.3788 0.315
8748.39697 -1.2292 3.548
8748.39697 -2.0367 2.140
8748.39697 0.0269 0.645
8748.39697 -1.3885 0.837
8748.39697 -7.6078 0.259
8748.39697 -0.0002 0.237
8748.39697 -0.2045 0.330
8748.39697 -5.6129 0.449
8748.39697 -6.9842 0.318
8748.39697 -2.5587 0.529
8748.39697 -1.6972 0.810
8748.39697 -5.3328 0.730
8748.39697 -7.7064 0.312
8748.39697 -0.3040 2.346
8748.39697 -0.1252 0.586
8748.39697 0.0290 1.501
8748.39697 -0.4765 1.091
8748.39697 -0.7074 0.624
8748.39697 -0.0018 0.777
8748.39697 -0.1031 0.348
8748.39697 -1.1501 0.637
8748.39697 -0.0842 0.925
8748.39697 -0.0052 0.186
8748.39697 -0.0568 0.378
8748.39697 -0.0917 0.222
8748.39697 -0.6822 0.750
8748.39697 -0.1948 0.346
8748.39697 -0.1596 2.699
8748.39697 -0.1344 2.013
8748.39697 -0.1582 0.469
8748.39697 -0.0729 0.610
8748.39697 -0.0057 0.325
8748.39697 -0.0281 0.983
8748.39697 -0.0960 0.652
8748.39697 -0.0624 0.578
8748.39697 -0.0222 0.405
8748.39697 -0.1342 0.277
8748.39697 -0.1404 0.340
8748.39697 -0.0131 0.168
8748.39697 0.0012 0.136
8748.39697 -0.0187 0.337
8748.39697 -0.0698 0.290
8748.39697 -0.0873 0.176
8748.39697 -0.0386 0.145
8748.39697 -0.0163 0.214
8748.39697 -0.0095 0.219
8748.39697 -0.0244 0.140
8748.39697 -0.0843 0.246
8748.39697 -0.0684 0.182
8748.39697 -0.1484 0.190
8748.39697 -0.0295 0.182
8748.39697 -0.0702 0.182
8748.39697 0.0245 0.188
8748.39697 -0.0674 0.185
8748.39697 -0.0310 0.228
8748.39697 -0.0818 0.425
8748.39697 -0.0355 0.144
8748.39697 -0.0742 0.158
8748.39697 -0.0601 0.256
8748.39697 -0.1201 0.216
8748.39697 0.0060 0.224
8748.39697 -0.1672 0.347
8748.39697 -0.0581 0.843
8748.39697 0.0244 0.216
8748.39697 -0.0995 0.373
8748.39697 -0.0241 0.159
8748.39697 -0.0713 0.244
8748.39697 -0.2756 0.730
8748.39697 0.0313 0.354
8748.39697 0.0228 0.625
8748.39697 -0.0193 0.476
8748.39697 0.0939 0.749
8748.39697 -0.0929 0.455
8748.39697 -0.0825 0.618
8748.39697 -0.1629 0.636
8748.39697 0.0776 0.427
8748.39697 -0.8959 3.034
8748.39697 -0.5317 2.404
