8743.50516 -0.5305 3.282
8743.50516 -0.2558 1.364
8743.50516 -0.3497 0.610
8743.50516 -1.4686 0.497
8743.50516 -5.6788 0.151
8743.50516 -5.5230 0.175
8743.50516 -1.1882 0.427
8743.50516 -1.8100 1.240
8743.50516 -0.0165 0.253
8743.50516 -1.6728 0.274
8743.50516 -5.6591 0.219
8743.50516 -0.0388 0.154
8743.50516 -0.1128 0.197
8743.50516 -4.3361 0.305
8743.50516 -5.1294 0.273
8743.50516 -2.2255 0.394
8743.50516 -1.7156 0.842
8743.50516 -3.9817 0.339
8743.50516 -5.6897 0.127
8743.50516 -0.2095 1.592
8743.50516 0.0495 0.422
8743.50516 -0.0003 1.330
8743.50516 -0.4148 1.096
8743.50516 -0.5680 0.542
8743.50516 -0.0842 0.783
8743.50516 -0.0316 1.021
8743.50516 -1.0551 0.799
8743.50516 -0.0728 1.588
8743.50516 -0.0686 0.365
8743.50516 -0.0547 1.486
8743.50516 -0.1722 0.346
8743.50516 -0.7269 0.895
8743.50516 -0.2503 0.560
8743.50516 -0.0732 2.902
8743.50516 -0.0850 1.991
8743.50516 -0.1804 0.445
8743.50516 0.0280 0.590
8743.50516 -0.0667 0.320
8743.50516 -0.0824 0.943
8743.50516 -0.0489 0.715
8743.50516 -0.1094 0.547
8743.50516 -0.0768 0.264
8743.50516 -0.1598 0.251
8743.50516 -0.0458 0.343
8743.50516 -0.0571 0.142
8743.50516 -0.0541 0.145
8743.50516 -0.0842 0.409
8743.50516 -0.1396 0.220
8743.50516 -0.0765 0.191
8743.50516 -0.0003 0.102
8743.50516 -0.0547 0.159
8743.50516 -0.0752 0.164
8743.50516 -0.0644 0.137
8743.50516 -0.0243 0.210
8743.50516 0.0051 0.157
8743.50516 -0.0718 0.138
8743.50516 -0.0885 0.451
8743.50516 -0.0289 0.145
8743.50516 -0.0178 0.267
8743.50516 -0.0901 0.170
8743.50516 -0.0463 0.198
8743.50516 -0.0506 0.374
8743.50516 -0.0481 0.140
8743.50516 -0.0205 0.142
8743.50516 -0.1031 0.226
8743.50516 -0.1282 0.186
8743.50516 -0.0256 0.417
8743.50516 -0.0582 0.231
8743.50516 -0.1319 0.888
8743.50516 -0.0673 0.187
8743.50516 -0.0749 0.353
8743.50516 -0.0736 0.211
8743.50516 -0.1243 0.338
8743.50516 -0.2691 0.606
8743.50516 0.0234 0.599
8743.50516 -0.0263 1.084
8743.50516 0.0001 0.697
8743.50516 0.0770 0.402
8743.50516 -0.2245 0.609
8743.50516 -0.1078 0.510
8743.50516 -0.0718 0.701
8743.50516 0.0636 0.443
8743.50516 -0.5936 2.459
8743.50516 -0.5479 1.987
