8746.35839 -0.5231 3.200
8746.35839 -0.2250 1.626
8746.35839 -0.2042 0.738
8746.35839 -1.0220 0.725
8746.35839 -6.6527 0.223
8746.35839 -6.3193 0.342
8746.35839 -0.9549 0.439
8746.35839 -1.6765 0.428
8746.35839 0.0255 0.202
8746.35839 -1.2920 0.358
8746.35839 -6.5997 0.234
8746.35839 0.0024 0.142
8746.35839 -0.1295 0.142
8746.35839 -4.7344 0.391
8746.35839 -5.9145 0.320
8746.35839 -2.1592 0.575
8746.35839 -1.2915 0.718
8746.35839 -4.3055 0.599
8746.35839 -6.6631 0.146
8746.35839 -0.1666 1.681
8746.35839 -0.0263 0.543
8746.35839 0.0257 0.793
8746.35839 -0.3418 1.002
8746.35839 -0.4746 0.518
8746.35839 -0.0614 0.859
8746.35839 -0.0452 0.870
8746.35839 -1.1973 1.017
8746.35839 0.0060 1.739
8746.35839 -0.0386 0.233
8746.35839 -0.0037 1.429
8746.35839 -0.0380 0.361
8746.35839 -0.4399 0.915
8746.35839 -0.1592 0.490
8746.35839 -0.0544 2.760
8746.35839 -0.0709 2.119
8746.35839 -0.6212 0.386
8746.35839 -0.0114 0.571
8746.35839 0.0503 0.288
8746.35839 -0.6360 1.005
8746.35839 0.0275 0.642
8746.35839 -0.0378 0.430
8746.35839 0.0506 0.229
8746.35839 0.0867 0.188
8746.35839 -0.6507 0.317
8746.35839 0.0181 0.112
8746.35839 0.0052 0.124
8746.35839 0.0769 0.359
8746.35839 0.0301 0.233
8746.35839 -0.0112 0.123
8746.35839 -0.0185 0.082
8746.35839 0.0880 0.124
8746.35839 -0.0185 0.151
8746.35839 0.0783 0.239
8746.35839 -0.0284 0.218
8746.35839 -0.0021 0.117
8746.35839 -0.0944 0.270
8746.35839 0.0789 0.188
8746.35839 0.0193 0.115
8746.35839 0.0342 0.157
8746.35839 -0.0057 0.134
8746.35839 0.0274 0.117
8746.35839 0.0073 0.371
8746.35839 0.0243 0.108
8746.35839 0.0413 0.178
8746.35839 0.0258 0.144
8746.35839 -0.0222 0.133
8746.35839 0.0856 0.753
8746.35839 -0.0780 0.321
8746.35839 -0.0061 0.148
8746.35839 0.0613 0.185
8746.35839 -0.0488 0.435
8746.35839 -0.0741 0.216
8746.35839 0.0132 0.147
8746.35839 -0.1989 0.369
8746.35839 0.1150 0.539
8746.35839 0.0510 0.816
8746.35839 0.1460 0.778
8746.35839 0.0769 0.810
8746.35839 -0.0619 0.457
8746.35839 -0.1406 0.604
8746.35839 -0.3272 1.254
8746.35839 0.0701 0.346
8746.35839 -0.0775 1.990
8746.35839 -0.3638 1.895
