8741.52893 -0.2339 0.223
8741.52893 -0.3199 0.848
8741.52893 -0.3685 0.402
8741.52893 -1.5371 0.682
8741.52893 -4.8395 0.150
8741.52893 -4.7538 0.245
8741.52893 -1.2365 0.767
8741.52893 -1.8840 0.542
8741.52893 -0.1159 0.457
8741.52893 -1.1836 0.284
8741.52893 -4.7974 0.137
8741.52893 -0.1226 0.150
8741.52893 -0.2819 0.219
8741.52893 -3.8185 0.342
8741.52893 -4.6048 0.205
8741.52893 -2.1777 0.498
8741.52893 -2.0541 0.673
8741.52893 -3.7279 0.707
8741.52893 -4.8415 0.270
8741.52893 -0.2978 2.712
8741.52893 -0.1100 0.553
8741.52893 -0.0479 1.037
8741.52893 -0.4906 1.816
8741.52893 -0.6577 0.860
8741.52893 -0.0285 1.059
8741.52893 -0.0633 0.493
8741.52893 -0.9953 0.812
8741.52893 -0.1018 1.571
8741.52893 -0.0259 0.576
8741.52893 -0.0801 0.336
8741.52893 -0.1269 0.206
8741.52893 -0.8286 0.319
8741.52893 -0.3591 0.351
8741.52893 -0.1495 0.344
8741.52893 -0.0518 0.307
8741.52893 -0.0884 0.209
8741.52893 -0.0082 0.195
8741.52893 -0.1099 0.188
8741.52893 -0.0402 0.157
8741.52893 -0.1081 0.269
8741.52893 -0.1361 0.135
8741.52893 -0.1236 0.347
8741.52893 -0.0864 0.141
8741.52893 -0.0277 0.203
8741.52893 -0.1182 0.123
8741.52893 -0.0811 0.150
8741.52893 -0.1496 0.136
8741.52893 -0.0884 0.118
8741.52893 -0.1014 0.119
8741.52893 -0.0273 0.109
8741.52893 -0.1193 0.133
8741.52893 -0.1141 0.193
8741.52893 -0.1404 0.177
8741.52893 -0.1446 0.271
8741.52893 -0.0467 0.156
8741.52893 -0.1172 0.118
8741.52893 -0.1253 0.254
8741.52893 -0.0597 0.137
8741.52893 -0.0927 0.187
8741.52893 -0.0971 0.132
8741.52893 -0.1030 0.190
8741.52893 -0.1357 0.287
8741.52893 -0.0422 0.127
8741.52893 -0.0408 0.134
8741.52893 -0.0909 0.119
8741.52893 -0.1263 0.154
8741.52893 -0.0873 0.418
8741.52893 -0.1988 0.186
8741.52893 -0.0439 0.397
8741.52893 -0.1149 0.159
8741.52893 -0.1038 0.339
8741.52893 -0.0979 0.146
8741.52893 -0.1770 0.281
8741.52893 -0.3284 0.705
8741.52893 -0.0263 0.594
8741.52893 -0.0924 1.130
8741.52893 -0.0699 0.399
8741.52893 0.0117 0.742
8741.52893 -0.1057 0.797
8741.52893 -0.1239 1.718
8741.52893 -0.1554 1.595
8741.52893 -0.0571 1.145
8741.52893 -0.4401 1.130
8741.52893 -0.1847 5.227
