8731.50431 0.1233 0.991
8731.50431 -0.0179 1.009
8731.50431 0.0197 1.709
8731.50431 0.0750 0.933
8731.50431 -0.2696 0.121
8731.50431 -0.1518 0.088
8731.50431 -0.1808 0.257
8731.50431 -0.1383 1.250
8731.50431 0.0986 0.506
8731.50431 -0.0385 0.067
8731.50431 -0.2482 0.219
8731.50431 -0.0036 0.222
8731.50431 0.0033 0.117
8731.50431 -0.2236 0.164
8731.50431 -0.1652 0.166
8731.50431 -0.1640 0.200
8731.50431 -0.0794 0.749
8731.50431 -0.1478 0.120
8731.50431 -0.2520 0.139
8731.50431 -0.0683 1.812
8731.50431 0.0255 0.585
8731.50431 0.0160 1.058
8731.50431 -0.0210 0.991
8731.50431 -0.0702 0.488
8731.50431 -0.0148 0.467
8731.50431 0.0227 0.364
8731.50431 -0.0864 0.210
8731.50431 -0.0449 0.949
8731.50431 0.0052 0.390
8731.50431 -0.0327 0.319
8731.50431 -0.0183 0.164
8731.50431 -0.0211 0.242
8731.50431 -0.0310 0.378
8731.50431 0.0035 0.187
8731.50431 0.0096 0.303
8731.50431 -0.0010 0.213
8731.50431 -0.0027 0.195
8731.50431 -0.0288 0.119
8731.50431 -0.0202 0.063
8731.50431 -0.0334 0.364
8731.50431 -0.0293 0.100
8731.50431 -0.0185 0.053
8731.50431 -0.0104 0.158
8731.50431 -0.0539 0.125
8731.50431 -0.0040 0.115
8731.50431 -0.0378 0.142
8731.50431 -0.0342 0.066
8731.50431 -0.0023 0.356
8731.50431 -0.0546 0.084
8731.50431 -0.0268 0.045
8731.50431 -0.0357 0.107
8731.50431 -0.0037 0.154
8731.50431 -0.0139 0.142
8731.50431 -0.0096 0.253
8731.50431 -0.0331 0.196
8731.50431 -0.0374 0.107
8731.50431 -0.0140 0.158
8731.50431 0.0047 0.083
8731.50431 -0.0284 0.123
8731.50431 -0.0449 0.112
8731.50431 -0.0271 0.136
8731.50431 -0.0173 0.177
8731.50431 0.0061 0.144
8731.50431 -0.0255 0.127
8731.50431 -0.0248 0.156
8731.50431 0.0043 0.104
8731.50431 0.0431 0.779
8731.50431 -0.1285 0.716
8731.50431 -0.0118 0.203
8731.50431 -0.0083 0.169
8731.50431 -0.0834 0.661
8731.50431 0.0023 0.216
8731.50431 -0.0448 0.171
8731.50431 -0.1515 0.622
8731.50431 0.0810 0.565
8731.50431 0.0223 0.325
8731.50431 0.1835 0.665
8731.50431 -0.4875 1.671
8731.50431 -0.0234 0.450
8731.50431 0.0189 0.459
8731.50431 0.0193 1.316
8731.50431 0.0978 2.221
8731.50431 -0.0813 3.661
8731.50431 1.6634 5.274
