8749.34869 -0.6066 3.700
8749.34869 -0.2042 0.849
8749.34869 -0.1056 0.544
8749.34869 -1.3717 1.332
8749.34869 -8.0156 0.223
8749.34869 -7.6941 0.289
8749.34869 -1.1007 0.472
8749.34869 -1.9731 1.040
8749.34869 0.0735 0.257
8749.34869 -1.5362 0.411
8749.34869 -7.9612 0.182
8749.34869 -0.0440 0.092
8749.34869 -0.2047 0.194
8749.34869 -5.7751 0.463
8749.34869 -7.2198 0.386
8749.34869 -2.6596 0.758
8749.34869 -1.6526 1.048
8749.34869 -5.3689 0.518
8749.34869 -8.0192 0.154
8749.34869 -0.2578 1.101
8749.34869 -0.1084 0.620
8749.34869 -0.0183 1.215
8749.34869 -0.4814 0.774
8749.34869 -0.6291 0.569
8749.34869 -0.0325 0.594
8749.34869 -0.1359 0.504
8749.34869 -1.3954 0.788
8749.34869 0.0018 1.508
8749.34869 -0.1096 0.298
8749.34869 -0.0252 0.739
8749.34869 -0.1035 0.401
8749.34869 -0.5635 0.631
8749.34869 -0.1822 0.326
8749.34869 -0.1428 1.267
8749.34869 -0.1369 0.538
8749.34869 -0.1359 0.604
8749.34869 -0.0963 0.476
8749.34869 -0.0296 0.524
8749.34869 -0.0430 1.014
8749.34869 -0.1285 0.587
8749.34869 -0.0813 0.400
8749.34869 -0.0399 0.123
8749.34869 -0.1727 0.188
8749.34869 -0.1333 0.205
8749.34869 -0.0396 0.097
8749.34869 -0.0094 0.106
8749.34869 -0.0723 0.213
8749.34869 -0.1261 0.184
8749.34869 -0.0494 0.111
8749.34869 -0.0639 0.099
8749.34869 -0.0254 0.095
8749.34869 -0.0554 0.128
8749.34869 -0.0989 0.258
8749.34869 -0.0495 0.163
8749.34869 -0.1128 0.188
8749.34869 -0.0586 0.102
8749.34869 -0.0658 0.406
8749.34869 -0.0967 0.121
8749.34869 -0.0518 0.218
8749.34869 -0.0575 0.236
8749.34869 -0.0231 0.105
8749.34869 -0.1367 0.326
8749.34869 -0.0051 0.087
8749.34869 -0.0928 0.088
8749.34869 -0.1142 0.114
8749.34869 -0.1686 0.208
8749.34869 -0.0432 0.324
8749.34869 -0.2160 0.227
8749.34869 -0.0869 0.551
8749.34869 -0.0736 0.215
8749.34869 -0.0759 0.256
8749.34869 -0.0563 0.112
8749.34869 -0.1075 0.151
8749.34869 -0.2638 0.486
8749.34869 0.0201 0.206
8749.34869 -0.0802 1.073
8749.34869 -0.0898 0.637
8749.34869 -0.0380 0.312
8749.34869 -0.1616 0.415
8749.34869 -0.0493 0.738
8749.34869 -0.1060 0.700
8749.34869 0.1499 0.506
8749.34869 -0.8773 1.567
8749.34869 -0.6626 2.561
