8747.47632 -0.3470 2.178
8747.47632 -0.0726 0.900
8747.47632 -0.0387 0.902
8747.47632 -0.6278 0.804
8747.47632 -7.3000 0.411
8747.47632 -6.7103 0.490
8747.47632 -0.7051 0.679
8747.47632 -1.2126 0.938
8747.47632 0.1101 0.368
8747.47632 -1.2940 0.372
8747.47632 -7.2985 0.155
8747.47632 0.0204 0.250
8747.47632 -0.0592 0.218
8747.47632 -4.3799 0.778
8747.47632 -6.0159 0.440
8747.47632 -1.6846 0.790
8747.47632 -0.6200 0.723
8747.47632 -3.6662 0.821
8747.47632 -7.3670 0.162
8747.47632 -0.1021 1.142
8747.47632 0.0281 0.500
8747.47632 0.0129 1.735
8747.47632 -0.1818 1.219
8747.47632 -0.2820 0.655
8747.47632 -0.6474 0.767
8747.47632 -0.0255 0.939
8747.47632 -1.1899 1.284
8747.47632 0.0493 1.470
8747.47632 -0.6213 0.346
8747.47632 0.0399 1.288
8747.47632 0.0189 0.388
8747.47632 -0.8474 0.820
8747.47632 -0.0220 0.461
8747.47632 -0.0051 2.643
8747.47632 0.1140 2.312
8747.47632 0.1102 0.369
8747.47632 0.1325 0.504
8747.47632 -0.0067 0.309
8747.47632 0.0489 0.935
8747.47632 0.1010 0.752
8747.47632 -0.0344 0.534
8747.47632 -0.0084 0.310
8747.47632 0.0163 0.249
8747.47632 0.0724 0.375
8747.47632 0.0801 0.187
8747.47632 -0.0148 0.200
8747.47632 0.0304 0.301
8747.47632 0.0882 0.402
8747.47632 -0.0543 0.252
8747.47632 0.0602 0.159
8747.47632 0.0611 0.243
8747.47632 0.1306 0.174
8747.47632 0.0258 0.348
8747.47632 0.0202 0.326
8747.47632 0.1054 0.237
8747.47632 -0.0449 0.196
8747.47632 0.0254 0.286
8747.47632 0.1232 0.228
8747.47632 0.0966 0.222
8747.47632 -0.0267 0.194
8747.47632 0.0411 0.182
8747.47632 0.0773 0.225
8747.47632 0.0264 0.198
8747.47632 0.1229 0.163
8747.47632 0.0177 0.245
8747.47632 0.0409 0.235
8747.47632 -0.0083 0.330
8747.47632 0.0204 0.386
8747.47632 0.0557 0.389
8747.47632 0.1401 0.536
8747.47632 -0.0374 0.484
8747.47632 -0.7111 0.167
8747.47632 0.1415 0.202
8747.47632 -0.1878 0.817
8747.47632 0.2172 0.946
8747.47632 -0.0119 1.021
8747.47632 0.0830 0.991
8747.47632 0.1350 0.904
8747.47632 -0.0257 0.946
8747.47632 -0.0570 0.681
8747.47632 -0.0562 1.607
8747.47632 0.1809 0.517
8747.47632 -0.2090 2.441
8747.47632 0.1416 2.895
