8740.40908 -0.2295 0.419
8740.40908 -0.1523 1.099
8740.40908 -0.2678 1.348
8740.40908 -1.1598 0.910
8740.40908 -4.0518 0.124
8740.40908 -3.9559 0.142
8740.40908 -0.9936 0.426
8740.40908 -1.4965 0.289
8740.40908 -0.0131 0.173
8740.40908 -0.9851 0.265
8740.40908 -4.0443 0.156
8740.40908 -0.0849 0.089
8740.40908 -0.1551 0.186
8740.40908 -3.1051 0.291
8740.40908 -3.6939 0.192
8740.40908 -1.6221 0.388
8740.40908 -1.4040 0.712
8740.40908 -2.8559 0.655
8740.40908 -4.0113 0.131
8740.40908 -0.2861 2.110
8740.40908 -0.1287 0.320
8740.40908 -0.0326 0.669
8740.40908 -0.4606 1.008
8740.40908 -0.5898 0.501
8740.40908 -0.0651 0.202
8740.40908 -0.1523 0.394
8740.40908 -0.8340 0.698
8740.40908 -0.1525 1.205
8740.40908 -0.1347 0.235
8740.40908 -0.0693 0.142
8740.40908 -0.1593 0.112
8740.40908 -0.5797 0.263
8740.40908 -0.2419 0.259
8740.40908 -0.0825 0.695
8740.40908 -0.1201 0.151
8740.40908 -0.1106 0.328
8740.40908 -0.1176 0.361
8740.40908 -0.0474 0.262
8740.40908 -0.1487 0.787
8740.40908 -0.1344 0.451
8740.40908 -0.0879 0.070
8740.40908 -0.0564 0.108
8740.40908 -0.0889 0.202
8740.40908 -0.1402 0.211
8740.40908 -0.0371 0.117
8740.40908 -0.1112 0.083
8740.40908 -0.0558 0.186
8740.40908 -0.0879 0.067
8740.40908 -0.1085 0.062
8740.40908 -0.1361 0.043
8740.40908 -0.0600 0.051
8740.40908 -0.1300 0.154
8740.40908 -0.0328 0.054
8740.40908 -0.0971 0.266
8740.40908 -0.1130 0.131
8740.40908 -0.0950 0.111
8740.40908 -0.0733 0.392
8740.40908 -0.1163 0.093
8740.40908 -0.0864 0.149
8740.40908 -0.1068 0.107
8740.40908 -0.0576 0.146
8740.40908 -0.0278 0.219
8740.40908 -0.0723 0.119
8740.40908 -0.1228 0.098
8740.40908 -0.0680 0.124
8740.40908 -0.1106 0.078
8740.40908 -0.0559 0.221
8740.40908 -0.2043 0.236
8740.40908 -0.0854 0.129
8740.40908 -0.1116 0.289
8740.40908 -0.1274 0.712
8740.40908 -0.0814 0.165
8740.40908 -0.0938 0.424
8740.40908 -0.2962 0.736
8740.40908 -0.0161 0.306
8740.40908 -0.0725 0.436
8740.40908 -0.0061 0.712
8740.40908 0.0702 0.435
8740.40908 -0.2565 0.408
8740.40908 -0.0875 0.529
8740.40908 -0.2018 0.642
8740.40908 0.0727 0.449
8740.40908 -0.3006 1.804
8740.40908 -0.5869 1.864
