8794.48325 -1.1605 9.180
8794.48325 -0.1733 1.622
8794.48325 0.0051 0.547
8794.48325 -0.0278 1.107
8794.48325 -26.9556 0.321
8794.48325 -27.1961 0.487
8794.48325 -1.0588 1.084
8794.48325 -0.9041 1.130
8794.48325 0.0509 0.444
8794.48325 0.7595 0.795
8794.48325 -26.6965 1.968
8794.48325 0.1010 0.199
8794.48325 -0.1478 0.206
8794.48325 -26.3450 0.904
8794.48325 -27.0796 0.599
8794.48325 -1.3440 1.418
8794.48325 -0.0818 1.310
8794.48325 -26.9923 0.868
8794.48325 -26.9749 0.227
8794.48325 -0.1033 1.954
8794.48325 -0.2241 0.555
8794.48325 -0.1647 0.750
8794.48325 0.1488 1.042
8794.48325 -0.0525 0.604
8794.48325 -0.0580 0.824
8794.48325 0.0610 1.015
8794.48325 0.1926 1.383
8794.48325 0.0466 1.627
8794.48325 0.1335 0.276
8794.48325 0.0129 1.704
8794.48325 0.0359 0.404
8794.48325 0.1562 1.191
8794.48325 0.1937 0.592
8794.48325 0.0129 3.247
8794.48325 0.0851 2.172
8794.48325 0.0925 0.425
8794.48325 0.0975 0.675
8794.48325 0.1091 0.525
8794.48325 0.0070 1.173
8794.48325 0.1007 0.725
8794.48325 0.0691 0.791
8794.48325 0.0763 0.376
8794.48325 0.0669 0.215
8794.48325 0.0383 0.647
8794.48325 0.0476 0.139
8794.48325 0.0672 0.124
8794.48325 0.0861 0.247
8794.48325 0.0580 0.126
8794.48325 0.0207 0.265
8794.48325 -0.0006 0.227
8794.48325 0.0519 0.294
8794.48325 0.0431 0.179
8794.48325 0.0730 0.849
8794.48325 0.0379 0.379
8794.48325 0.0523 0.219
8794.48325 0.0317 0.170
8794.48325 0.0950 0.288
8794.48325 0.0426 0.306
8794.48325 0.0525 0.396
8794.48325 0.0544 0.232
8794.48325 0.0496 0.221
8794.48325 0.1114 0.242
8794.48325 0.2207 0.221
8794.48325 0.0435 0.180
8794.48325 0.0175 0.314
8794.48325 0.1440 0.186
8794.48325 0.1598 0.547
8794.48325 -0.1277 1.326
8794.48325 0.0793 0.604
8794.48325 0.1153 0.289
8794.48325 -0.0624 0.766
8794.48325 -0.0201 0.251
8794.48325 -0.0278 0.462
8794.48325 -0.1370 0.553
8794.48325 0.1300 0.602
8794.48325 0.0760 0.264
8794.48325 0.1474 0.870
8794.48325 0.1667 0.769
8794.48325 0.0025 0.400
8794.48325 0.2747 0.880
8794.48325 0.1231 4.393
8794.48325 0.0559 4.299
8794.48325 -24.7972 6.662
8794.48325 -3.4039 5.694
