8742.53805 -1.2612 1.150
8742.53805 -1.4011 1.155
8742.53805 -1.2922 0.562
8742.53805 -1.7757 0.614
8742.53805 -6.3013 0.207
8742.53805 -5.9469 0.175
8742.53805 -1.6121 0.288
8742.53805 -2.3420 0.230
8742.53805 -0.6430 0.196
8742.53805 -1.7325 0.208
8742.53805 -5.9580 0.113
8742.53805 -0.5997 0.198
8742.53805 -0.5845 0.318
8742.53805 -4.0827 0.346
8742.53805 -4.9547 0.204
8742.53805 -2.0578 0.464
8742.53805 -1.4436 0.963
8742.53805 -3.6312 0.717
8742.53805 -5.5908 0.176
8742.53805 -0.4376 2.352
8742.53805 -0.3097 0.341
8742.53805 -0.1292 0.905
8742.53805 -0.5898 0.971
8742.53805 -0.6011 0.610
8742.53805 1.2698 0.688
8742.53805 -0.1389 0.401
8742.53805 -1.0695 0.680
8742.53805 -0.0262 1.118
8742.53805 -0.0749 0.467
8742.53805 -0.0153 0.270
8742.53805 1.2553 0.629
8742.53805 0.8243 0.708
8742.53805 4.8241 4.577
8742.53805 0.0276 0.479
8742.53805 0.0136 0.608
8742.53805 -0.2722 0.236
8742.53805 0.1330 0.406
8742.53805 0.1248 0.302
8742.53805 0.0305 0.865
8742.53805 0.0666 0.654
8742.53805 0.0248 0.268
8742.53805 0.0752 0.183
8742.53805 0.1359 0.243
8742.53805 0.0663 0.291
8742.53805 0.0120 0.206
8742.53805 0.0289 0.208
8742.53805 0.0765 0.291
8742.53805 0.0407 0.193
8742.53805 0.0904 0.247
8742.53805 0.0559 0.157
8742.53805 0.0634 0.262
8742.53805 0.0646 0.200
8742.53805 0.0282 0.272
8742.53805 -0.0069 0.235
8742.53805 -0.0200 0.206
8742.53805 -0.1068 0.239
8742.53805 -0.0595 0.301
8742.53805 -0.0370 0.218
8742.53805 -0.0293 0.218
8742.53805 -0.0470 0.292
8742.53805 -0.0346 0.229
8742.53805 -0.0491 0.375
8742.53805 -0.0633 0.207
8742.53805 -0.1120 0.186
8742.53805 -0.0149 0.213
8742.53805 0.0360 0.293
8742.53805 -0.0410 0.279
8742.53805 -0.2632 0.608
8742.53805 -0.0893 0.241
8742.53805 -0.1215 0.418
8742.53805 -0.1580 0.338
8742.53805 -0.1769 0.209
8742.53805 -0.1354 0.305
8742.53805 -0.3178 0.422
8742.53805 -0.0007 0.428
8742.53805 -0.1160 1.068
8742.53805 0.0775 0.367
8742.53805 0.0945 0.619
8742.53805 -0.0712 0.579
8742.53805 -0.0557 0.775
8742.53805 -0.0513 0.836
8742.53805 0.2850 1.097
8742.53805 -0.1573 0.680
8742.53805 -0.0985 1.705
