8731.49742 -0.1494 0.784
8731.49742 -0.0625 0.522
8731.49742 -0.0133 0.230
8731.49742 -0.0013 0.289
8731.49742 -0.2304 0.087
8731.49742 -0.1156 0.124
8731.49742 -0.1366 0.267
8731.49742 -0.1872 0.480
8731.49742 0.0566 0.149
8731.49742 -0.0312 0.071
8731.49742 -0.2208 0.095
8731.49742 -0.0459 0.079
8731.49742 -0.0217 0.145
8731.49742 -0.2011 0.153
8731.49742 -0.1245 0.208
8731.49742 -0.1484 0.267
8731.49742 -0.1242 0.632
8731.49742 -0.1465 0.400
8731.49742 -0.2285 0.193
8731.49742 -0.1084 1.376
8731.49742 -0.0089 0.226
8731.49742 0.0054 0.530
8731.49742 -0.0150 0.793
8731.49742 -0.0398 0.396
8731.49742 -0.0092 0.691
8731.49742 0.0020 0.234
8731.49742 -0.0675 0.178
8731.49742 -0.0369 0.990
8731.49742 0.0106 0.417
8731.49742 -0.0218 0.761
8731.49742 -0.0300 0.148
8731.49742 0.0110 0.244
8731.49742 -0.0317 0.393
8731.49742 -0.0360 0.620
8731.49742 0.0100 0.241
8731.49742 0.0175 0.169
8731.49742 0.0055 0.244
8731.49742 -0.0138 0.186
8731.49742 -0.0131 0.131
8731.49742 -0.0327 0.169
8731.49742 -0.0283 0.112
8731.49742 -0.0136 0.330
8731.49742 -0.0239 0.116
8731.49742 -0.0391 0.206
8731.49742 -0.0099 0.087
8731.49742 -0.0342 0.109
8731.49742 -0.0202 0.140
8731.49742 0.0088 0.339
8731.49742 -0.0487 0.096
8731.49742 -0.0211 0.046
8731.49742 -0.0087 0.104
8731.49742 -0.0033 0.149
8731.49742 -0.0066 0.059
8731.49742 -0.0466 0.080
8731.49742 -0.0220 0.068
8731.49742 -0.0299 0.092
8731.49742 -0.0227 0.195
8731.49742 -0.0050 0.071
8731.49742 -0.0286 0.168
8731.49742 -0.0404 0.067
8731.49742 0.0100 0.286
8731.49742 -0.0225 0.253
8731.49742 0.0243 0.102
8731.49742 -0.0281 0.154
8731.49742 -0.0154 0.116
8731.49742 -0.0323 0.091
8731.49742 0.0475 0.148
8731.49742 -0.1013 0.143
8731.49742 -0.0129 0.098
8731.49742 -0.0262 0.075
8731.49742 -0.0485 0.235
8731.49742 -0.0014 0.116
8731.49742 -0.0649 0.112
8731.49742 -0.1346 0.527
8731.49742 0.0583 0.265
8731.49742 0.0470 1.191
8731.49742 0.0300 0.682
8731.49742 0.1027 0.677
8731.49742 -0.0411 0.712
8731.49742 -0.2305 1.136
8731.49742 -0.0312 0.996
8731.49742 0.1992 1.462
8731.49742 -0.2174 4.149
8731.49742 -0.0152 3.537
