8741.46903 -0.4640 2.440
8741.46903 -0.3417 1.067
8741.46903 -0.3689 0.711
8741.46903 -1.3972 0.712
8741.46903 -4.6983 0.135
8741.46903 -4.5957 0.164
8741.46903 -1.1624 0.515
8741.46903 -1.7467 1.172
8741.46903 -0.0965 0.204
8741.46903 -1.1061 0.248
8741.46903 -4.6621 0.166
8741.46903 -0.0935 0.124
8741.46903 -0.2631 0.118
8741.46903 -3.6832 0.314
8741.46903 -4.4584 0.251
8741.46903 -2.1111 0.331
8741.46903 -1.8610 0.733
8741.46903 -3.5398 0.290
8741.46903 -4.7051 0.116
8741.46903 -0.2754 1.769
8741.46903 -0.0726 0.433
8741.46903 -0.0378 0.898
8741.46903 -0.4002 0.894
8741.46903 -0.5824 0.480
8741.46903 -0.0399 0.834
8741.46903 -0.0650 0.958
8741.46903 -0.9723 0.786
8741.46903 -0.1004 1.677
8741.46903 -0.0324 0.342
8741.46903 -0.0943 1.372
8741.46903 -0.1157 0.397
8741.46903 -0.7787 0.879
8741.46903 -0.3555 0.456
8741.46903 -0.1760 2.620
8741.46903 -0.0430 1.946
8741.46903 -0.0931 0.443
8741.46903 -0.0228 0.546
8741.46903 -0.1121 0.259
8741.46903 -0.0669 0.959
8741.46903 -0.1130 0.666
8741.46903 -0.1359 0.306
8741.46903 -0.1243 0.295
8741.46903 -0.0779 0.246
8741.46903 -0.0342 0.256
8741.46903 -0.1114 0.097
8741.46903 -0.0766 0.129
8741.46903 -0.1398 0.146
8741.46903 -0.0764 0.139
8741.46903 -0.0988 0.169
8741.46903 -0.0261 0.089
8741.46903 -0.1124 0.103
8741.46903 -0.1115 0.175
8741.46903 -0.1226 0.240
8741.46903 -0.0846 0.351
8741.46903 -0.0683 0.128
8741.46903 -0.0936 0.098
8741.46903 -0.1157 0.138
8741.46903 -0.0684 0.122
8741.46903 -0.0901 0.219
8741.46903 -0.0824 0.126
8741.46903 -0.0729 0.168
8741.46903 -0.1244 0.236
8741.46903 -0.0394 0.103
8741.46903 -0.0542 0.096
8741.46903 -0.0761 0.188
8741.46903 -0.1090 0.148
8741.46903 -0.1141 0.317
8741.46903 -0.2180 0.199
8741.46903 -0.0463 0.243
8741.46903 -0.1386 0.222
8741.46903 -0.1024 0.620
8741.46903 -0.0899 0.146
8741.46903 -0.1846 0.248
8741.46903 -0.2319 0.900
8741.46903 -0.0518 0.375
8741.46903 -0.0862 0.976
8741.46903 -0.2577 0.917
8741.46903 -0.0313 0.266
8741.46903 -0.1355 0.523
8741.46903 -0.0874 0.523
8741.46903 -0.1907 0.834
8741.46903 0.4486 0.815
8741.46903 -0.0863 2.767
8741.46903 -0.4305 1.997
