8731.46989 -0.0646 0.689
8731.46989 -0.0288 1.491
8731.46989 -0.0300 1.733
8731.46989 0.0519 0.784
8731.46989 -0.1796 0.114
8731.46989 -0.0900 0.060
8731.46989 -0.1363 0.339
8731.46989 -0.1084 1.479
8731.46989 0.0576 0.565
8731.46989 -0.0037 0.091
8731.46989 -0.1506 0.147
8731.46989 -0.0065 0.072
8731.46989 -0.0151 0.071
8731.46989 -0.1551 0.086
8731.46989 -0.0976 0.101
8731.46989 -0.1318 0.135
8731.46989 -0.0710 0.557
8731.46989 -0.0961 0.387
8731.46989 -0.1664 0.225
8731.46989 -0.0936 2.031
8731.46989 -0.0154 0.381
8731.46989 0.0140 1.333
8731.46989 -0.0350 1.490
8731.46989 -0.0276 0.657
8731.46989 -0.0192 1.104
8731.46989 -0.0102 0.274
8731.46989 -0.0432 0.297
8731.46989 -0.0322 1.441
8731.46989 -0.0056 0.641
8731.46989 -0.0104 0.412
8731.46989 -0.0387 0.085
8731.46989 -0.0400 0.190
8731.46989 -0.0009 0.331
8731.46989 -0.0362 0.453
8731.46989 -0.0210 0.191
8731.46989 -0.0064 0.243
8731.46989 0.0154 0.290
8731.46989 -0.0103 0.210
8731.46989 -0.0124 0.716
8731.46989 -0.0329 0.582
8731.46989 -0.0200 0.121
8731.46989 -0.0170 0.218
8731.46989 -0.0307 0.162
8731.46989 -0.0299 0.221
8731.46989 -0.0215 0.089
8731.46989 -0.0384 0.084
8731.46989 -0.0079 0.131
8731.46989 -0.0008 0.153
8731.46989 -0.0316 0.047
8731.46989 -0.0251 0.036
8731.46989 -0.0189 0.063
8731.46989 -0.0079 0.164
8731.46989 -0.0065 0.051
8731.46989 -0.0061 0.218
8731.46989 -0.0123 0.057
8731.46989 -0.0321 0.091
8731.46989 -0.0193 0.333
8731.46989 -0.0163 0.096
8731.46989 -0.0323 0.084
8731.46989 -0.0299 0.075
8731.46989 -0.0053 0.155
8731.46989 -0.0185 0.209
8731.46989 0.0145 0.068
8731.46989 -0.0271 0.075
8731.46989 -0.0205 0.114
8731.46989 -0.0589 0.138
8731.46989 0.0148 0.135
8731.46989 0.0060 0.327
8731.46989 -0.0711 0.330
8731.46989 0.0039 0.088
8731.46989 -0.0171 0.463
8731.46989 0.0044 0.138
8731.46989 -0.0605 0.188
8731.46989 -0.1709 0.413
8731.46989 0.0554 0.352
8731.46989 0.0274 0.940
8731.46989 0.0591 0.905
8731.46989 0.1075 0.628
8731.46989 -0.0135 0.937
8731.46989 -0.2265 1.110
8731.46989 0.0446 1.010
8731.46989 0.2486 0.485
8731.46989 -0.0417 2.951
8731.46989 -0.1051 3.045
