8742.50870 -1.3308 1.620
8742.50870 -1.4467 1.002
8742.50870 -1.3228 0.426
8742.50870 -1.8179 0.337
8742.50870 -6.2394 0.199
8742.50870 -5.8966 0.168
8742.50870 -1.5596 0.314
8742.50870 -2.3580 0.286
8742.50870 -0.6440 0.138
8742.50870 -1.6974 0.195
8742.50870 -5.9070 0.163
8742.50870 -0.6193 0.112
8742.50870 -0.6007 0.107
8742.50870 -4.0468 0.255
8742.50870 -4.9004 0.193
8742.50870 -2.0232 0.393
8742.50870 -1.4129 0.540
8742.50870 -3.5479 0.446
8742.50870 -5.5271 0.140
8742.50870 -0.3417 1.737
8742.50870 -0.2618 0.487
8742.50870 -0.1528 0.750
8742.50870 -0.4951 1.098
8742.50870 -0.5488 0.507
8742.50870 1.1263 0.829
8742.50870 -0.1370 1.089
8742.50870 -1.0698 0.981
8742.50870 -0.0485 1.488
8742.50870 -0.0801 0.332
8742.50870 -0.0302 1.500
8742.50870 1.2154 0.669
8742.50870 0.6332 0.943
8742.50870 4.6037 4.503
8742.50870 -0.0428 2.859
8742.50870 -0.0273 1.882
8742.50870 -0.2783 0.448
8742.50870 0.1187 0.604
8742.50870 0.1108 0.349
8742.50870 0.0250 0.997
8742.50870 0.0549 0.772
8742.50870 0.0245 0.464
8742.50870 0.0632 0.269
8742.50870 0.1322 0.245
8742.50870 0.0700 0.353
8742.50870 0.0074 0.206
8742.50870 0.0296 0.215
8742.50870 0.0623 0.225
8742.50870 0.0341 0.202
8742.50870 0.0715 0.226
8742.50870 0.0516 0.169
8742.50870 0.0834 0.233
8742.50870 0.0491 0.224
8742.50870 0.0177 0.417
8742.50870 0.0179 0.328
8742.50870 -0.0332 0.216
8742.50870 -0.1201 0.185
8742.50870 -0.0898 0.380
8742.50870 -0.0592 0.212
8742.50870 -0.0561 0.219
8742.50870 -0.0645 0.247
8742.50870 -0.0417 0.210
8742.50870 -0.0689 0.369
8742.50870 -0.0873 0.205
8742.50870 -0.1222 0.241
8742.50870 -0.0050 0.221
8742.50870 -0.1456 0.258
8742.50870 -0.0835 0.254
8742.50870 -0.2451 0.403
8742.50870 -0.0884 0.236
8742.50870 -0.1222 0.206
8742.50870 -0.1263 0.255
8742.50870 -0.1604 0.211
8742.50870 -0.1389 0.260
8742.50870 -0.2814 0.423
8742.50870 -0.0214 0.462
8742.50870 -0.1018 0.869
8742.50870 0.0372 0.961
8742.50870 0.0387 0.616
8742.50870 -0.0540 0.584
8742.50870 -0.1092 0.480
8742.50870 -0.0454 1.024
8742.50870 0.2909 0.393
8742.50870 -0.2194 2.114
8742.50870 -0.2631 1.772
