8741.50492 -0.4132 2.231
8741.50492 -0.2737 1.369
8741.50492 -0.2861 1.304
8741.50492 -1.4848 0.673
8741.50492 -4.7824 0.145
8741.50492 -4.7028 0.166
8741.50492 -1.1747 0.711
8741.50492 -1.8524 0.579
8741.50492 -0.0863 0.602
8741.50492 -1.1336 0.255
8741.50492 -4.7471 0.183
8741.50492 -0.1105 0.136
8741.50492 -0.2755 0.260
8741.50492 -3.7602 0.375
8741.50492 -4.5549 0.204
8741.50492 -2.1821 0.497
8741.50492 -2.0017 0.551
8741.50492 -3.6969 0.594
8741.50492 -4.7870 0.222
8741.50492 -0.3462 1.991
8741.50492 -0.1229 0.526
8741.50492 -0.0651 1.057
8741.50492 -0.4336 1.072
8741.50492 -0.6564 0.561
8741.50492 -0.0449 1.007
8741.50492 -0.0926 0.437
8741.50492 -0.9762 0.629
8741.50492 -0.1107 1.175
8741.50492 -0.0309 0.565
8741.50492 -0.1169 0.933
8741.50492 -0.1522 0.172
8741.50492 -0.8474 0.463
8741.50492 -0.3972 0.495
8741.50492 -0.2170 0.346
8741.50492 -0.0433 0.357
8741.50492 -0.1084 0.242
8741.50492 -0.0238 0.226
8741.50492 -0.1130 0.229
8741.50492 -0.0540 0.259
8741.50492 -0.1180 0.452
8741.50492 -0.1396 0.139
8741.50492 -0.1379 0.108
8741.50492 -0.0992 0.149
8741.50492 -0.0309 0.189
8741.50492 -0.1238 0.140
8741.50492 -0.0896 0.140
8741.50492 -0.1532 0.147
8741.50492 -0.0683 0.113
8741.50492 -0.0945 0.151
8741.50492 -0.0368 0.102
8741.50492 -0.1168 0.128
8741.50492 -0.1242 0.149
8741.50492 -0.1278 0.250
8741.50492 -0.1160 0.131
8741.50492 -0.0850 0.154
8741.50492 -0.1165 0.126
8741.50492 -0.1232 0.428
8741.50492 -0.0953 0.135
8741.50492 -0.0935 0.162
8741.50492 -0.0916 0.157
8741.50492 -0.0878 0.160
8741.50492 -0.1437 0.232
8741.50492 -0.0323 0.133
8741.50492 -0.0901 0.180
8741.50492 -0.0742 0.213
8741.50492 -0.1554 0.158
8741.50492 -0.1184 0.362
8741.50492 -0.2007 0.204
8741.50492 0.0181 0.644
8741.50492 -0.1095 0.284
8741.50492 -0.1123 0.191
8741.50492 -0.1060 0.120
8741.50492 -0.1844 0.505
8741.50492 -0.2281 0.786
8741.50492 0.0126 0.388
8741.50492 -0.0879 0.665
8741.50492 -0.0727 0.902
8741.50492 0.0409 1.128
8741.50492 -0.1234 0.919
8741.50492 -0.0286 0.565
8741.50492 0.0320 2.051
8741.50492 0.1163 0.356
8741.50492 -0.2697 2.606
8741.50492 -0.9928 2.297
