8742.55519 -1.2791 1.338
8742.55519 -1.4106 1.143
8742.55519 -1.2909 0.536
8742.55519 -1.7930 0.324
8742.55519 -6.3426 0.196
8742.55519 -6.0156 0.176
8742.55519 -1.5579 0.282
8742.55519 -2.4244 0.240
8742.55519 -0.6225 0.170
8742.55519 -1.7693 0.238
8742.55519 -5.9954 0.133
8742.55519 -0.6112 0.099
8742.55519 -0.6053 0.185
8742.55519 -4.1630 0.282
8742.55519 -5.0272 0.168
8742.55519 -2.0974 0.387
8742.55519 -1.5181 0.489
8742.55519 -3.7064 0.283
8742.55519 -5.6225 0.121
8742.55519 -0.4330 1.812
8742.55519 -0.2812 0.296
8742.55519 -0.1742 0.788
8742.55519 -0.5547 0.554
8742.55519 -0.6152 0.374
8742.55519 1.2294 0.670
8742.55519 -0.1522 0.324
8742.55519 -1.0908 0.654
8742.55519 -0.0420 1.134
8742.55519 -0.0703 0.288
8742.55519 -0.0091 0.300
8742.55519 1.2492 0.629
8742.55519 0.7672 0.761
8742.55519 4.8109 4.576
8742.55519 -0.0019 0.345
8742.55519 -0.0017 0.346
8742.55519 -0.2564 0.309
8742.55519 0.1310 0.297
8742.55519 0.1105 0.323
8742.55519 0.0385 0.264
8742.55519 0.0567 0.331
8742.55519 0.0209 0.224
8742.55519 0.0675 0.177
8742.55519 0.1257 0.176
8742.55519 0.0745 0.266
8742.55519 0.0308 0.189
8742.55519 0.0319 0.202
8742.55519 0.0726 0.277
8742.55519 0.0340 0.179
8742.55519 0.0952 0.199
8742.55519 0.0525 0.188
8742.55519 0.0735 0.192
8742.55519 0.0552 0.193
8742.55519 0.0282 0.327
8742.55519 0.0065 0.283
8742.55519 -0.0405 0.220
8742.55519 -0.1044 0.198
8742.55519 -0.0529 0.510
8742.55519 -0.0223 0.245
8742.55519 -0.1153 0.288
8742.55519 -0.0644 0.226
8742.55519 -0.0370 0.234
8742.55519 -0.0118 0.378
8742.55519 -0.0551 0.215
8742.55519 -0.0976 0.204
8742.55519 -0.0171 0.209
8742.55519 -0.1357 0.266
8742.55519 -0.1107 0.553
8742.55519 -0.2649 0.393
8742.55519 -0.0849 0.291
8742.55519 -0.1118 0.399
8742.55519 -0.1298 0.235
8742.55519 -0.1807 0.281
8742.55519 -0.1269 0.216
8742.55519 -0.2642 0.676
8742.55519 -0.1612 0.381
8742.55519 -0.0783 1.384
8742.55519 0.0717 1.075
8742.55519 0.1155 0.827
8742.55519 -0.0335 0.749
8742.55519 0.0623 0.893
8742.55519 -0.0558 1.144
8742.55519 0.2195 0.611
8742.55519 -0.1541 3.411
8742.55519 -0.1942 2.188
