8741.51687 -0.4515 2.138
8741.51687 -0.3867 1.783
8741.51687 -0.3992 1.617
8741.51687 -1.5139 0.802
8741.51687 -4.8085 0.152
8741.51687 -4.7242 0.228
8741.51687 -1.1872 0.510
8741.51687 -1.8109 1.369
8741.51687 -0.0845 0.717
8741.51687 -1.1695 0.275
8741.51687 -4.7810 0.229
8741.51687 -0.0992 0.181
8741.51687 -0.2692 0.130
8741.51687 -3.7807 0.320
8741.51687 -4.5808 0.197
8741.51687 -2.1700 0.377
8741.51687 -1.9971 0.541
8741.51687 -3.7083 0.632
8741.51687 -4.8218 0.236
8741.51687 -0.3481 2.467
8741.51687 -0.1421 0.637
8741.51687 -0.0689 1.505
8741.51687 -0.4570 1.736
8741.51687 -0.6765 0.807
8741.51687 -0.0452 1.272
8741.51687 -0.0863 0.623
8741.51687 -0.9778 0.619
8741.51687 -0.1093 1.752
8741.51687 -0.0268 0.764
8741.51687 -0.1006 0.623
8741.51687 -0.1415 0.232
8741.51687 -0.8294 0.448
8741.51687 -0.3893 0.313
8741.51687 -0.1277 0.335
8741.51687 -0.0399 0.276
8741.51687 -0.1074 0.395
8741.51687 -0.0322 0.403
8741.51687 -0.1263 0.245
8741.51687 -0.0646 0.819
8741.51687 -0.1434 0.534
8741.51687 -0.1393 0.164
8741.51687 -0.1424 0.169
8741.51687 -0.0977 0.188
8741.51687 -0.0397 0.168
8741.51687 -0.1196 0.206
8741.51687 -0.0799 0.129
8741.51687 -0.1400 0.146
8741.51687 -0.1083 0.164
8741.51687 -0.1045 0.117
8741.51687 -0.0322 0.114
8741.51687 -0.1046 0.121
8741.51687 -0.1173 0.180
8741.51687 -0.1274 0.213
8741.51687 -0.1121 0.201
8741.51687 -0.0692 0.133
8741.51687 -0.1014 0.110
8741.51687 -0.1232 0.214
8741.51687 -0.0787 0.184
8741.51687 -0.0856 0.124
8741.51687 -0.1017 0.124
8741.51687 -0.0868 0.113
8741.51687 -0.1441 0.257
8741.51687 -0.0231 0.153
8741.51687 -0.0589 0.111
8741.51687 -0.0712 0.182
8741.51687 -0.1117 0.146
8741.51687 -0.1004 0.258
8741.51687 -0.2043 0.209
8741.51687 -0.0223 0.174
8741.51687 -0.1366 0.132
8741.51687 -0.0867 0.297
8741.51687 -0.0901 0.149
8741.51687 -0.1554 0.329
8741.51687 -0.1122 0.536
8741.51687 0.0344 0.605
8741.51687 -0.1122 0.274
8741.51687 -0.0804 0.701
8741.51687 -0.0198 1.168
8741.51687 -0.1265 0.754
8741.51687 -0.2444 1.245
8741.51687 -0.1618 1.126
8741.51687 0.2656 2.744
8741.51687 -0.2328 3.054
8741.51687 -0.2814 4.689
