8747.51933 -0.2047 1.348
8747.51933 -0.1405 0.761
8747.51933 0.0121 0.359
8747.51933 -0.6959 1.823
8747.51933 -7.4713 0.453
8747.51933 -6.8564 0.421
8747.51933 -0.7134 1.240
8747.51933 -1.4062 1.838
8747.51933 -0.0156 0.683
8747.51933 -1.3760 0.464
8747.51933 -7.3980 0.270
8747.51933 0.0111 0.200
8747.51933 -0.0700 0.302
8747.51933 -4.5441 0.700
8747.51933 -6.2160 0.494
8747.51933 -1.7725 0.929
8747.51933 -0.8408 0.739
8747.51933 -3.9161 0.805
8747.51933 -7.4806 0.148
8747.51933 -0.1241 1.416
8747.51933 -0.0341 0.326
8747.51933 0.0912 1.241
8747.51933 -0.2729 1.263
8747.51933 -0.3519 0.709
8747.51933 -0.6068 0.357
8747.51933 -0.0204 0.436
8747.51933 -1.2483 0.844
8747.51933 0.0354 0.904
8747.51933 -0.6078 0.290
8747.51933 0.0369 0.244
8747.51933 -0.0125 0.207
8747.51933 -0.9288 0.380
8747.51933 -0.0808 0.502
8747.51933 -0.0022 0.238
8747.51933 0.1006 0.202
8747.51933 0.0689 0.331
8747.51933 0.1086 0.357
8747.51933 -0.0344 0.311
8747.51933 0.0387 0.852
8747.51933 0.0756 0.666
8747.51933 -0.0493 0.367
8747.51933 -0.0171 0.165
8747.51933 0.0141 0.211
8747.51933 0.0646 0.304
8747.51933 0.0598 0.220
8747.51933 -0.0102 0.173
8747.51933 0.0435 0.350
8747.51933 0.0617 0.256
8747.51933 -0.0381 0.191
8747.51933 0.0469 0.132
8747.51933 0.0545 0.207
8747.51933 0.1069 0.168
8747.51933 0.0350 0.213
8747.51933 -0.0014 0.187
8747.51933 0.0554 0.154
8747.51933 -0.0304 0.278
8747.51933 0.0307 0.219
8747.51933 0.1063 0.173
8747.51933 0.0449 0.254
8747.51933 -0.0332 0.171
8747.51933 0.0155 0.184
8747.51933 0.0574 0.415
8747.51933 0.0338 0.172
8747.51933 0.0826 0.194
8747.51933 0.0047 0.235
8747.51933 0.0237 0.189
8747.51933 0.1637 0.493
8747.51933 -0.0371 0.292
8747.51933 0.0548 0.388
8747.51933 0.1194 0.201
8747.51933 -0.0365 0.663
8747.51933 -0.6505 0.169
8747.51933 0.1051 0.263
8747.51933 -0.1462 0.434
8747.51933 0.0688 0.346
8747.51933 0.0110 0.411
8747.51933 0.0294 0.508
8747.51933 0.1178 0.609
8747.51933 -0.0546 0.742
8747.51933 -0.1192 0.797
8747.51933 0.0850 1.235
8747.51933 0.1960 0.681
8747.51933 -0.1454 1.289
8747.51933 -0.2620 2.567
