8742.49093 -1.3960 1.780
8742.49093 -1.4387 1.105
8742.49093 -1.3270 0.457
8742.49093 -1.7919 0.390
8742.49093 -6.1834 0.194
8742.49093 -5.8570 0.162
8742.49093 -1.6178 0.289
8742.49093 -2.3635 0.283
8742.49093 -0.6400 0.148
8742.49093 -1.6837 0.200
8742.49093 -5.8649 0.168
8742.49093 -0.6351 0.118
8742.49093 -0.5836 0.105
8742.49093 -4.0200 0.243
8742.49093 -4.8730 0.195
8742.49093 -2.0280 0.431
8742.49093 -1.4365 0.529
8742.49093 -3.5243 0.440
8742.49093 -5.4943 0.135
8742.49093 -0.3347 1.752
8742.49093 -0.2497 0.442
8742.49093 -0.1220 0.554
8742.49093 -0.4853 1.099
8742.49093 -0.5617 0.496
8742.49093 1.1185 0.842
8742.49093 -0.1365 1.090
8742.49093 -1.0422 0.953
8742.49093 -0.0487 1.628
8742.49093 -0.0850 0.352
8742.49093 -0.0273 1.527
8742.49093 1.2342 0.671
8742.49093 0.6304 0.905
8742.49093 4.5264 4.489
8742.49093 -0.0002 2.689
8742.49093 -0.0271 1.874
8742.49093 -0.2833 0.433
8742.49093 0.1105 0.590
8742.49093 0.0898 0.367
8742.49093 0.0357 1.001
8742.49093 0.0522 0.687
8742.49093 0.0190 0.416
8742.49093 0.0554 0.322
8742.49093 0.1261 0.288
8742.49093 0.0768 0.367
8742.49093 -0.0051 0.229
8742.49093 0.0301 0.223
8742.49093 0.0526 0.271
8742.49093 0.0332 0.262
8742.49093 0.0708 0.218
8742.49093 0.0546 0.172
8742.49093 0.0623 0.231
8742.49093 0.0586 0.213
8742.49093 0.0065 0.262
8742.49093 -0.0591 0.235
8742.49093 -0.0357 0.195
8742.49093 -0.1263 0.180
8742.49093 -0.0794 0.464
8742.49093 -0.0634 0.193
8742.49093 -0.0620 0.221
8742.49093 -0.0682 0.203
8742.49093 -0.0611 0.251
8742.49093 -0.0622 0.404
8742.49093 -0.0636 0.215
8742.49093 -0.1328 0.167
8742.49093 -0.0088 0.211
8742.49093 -0.1438 0.247
8742.49093 -0.0945 0.238
8742.49093 -0.2600 0.250
8742.49093 -0.0734 0.308
8742.49093 -0.1263 0.302
8742.49093 -0.1123 0.514
8742.49093 -0.1704 0.261
8742.49093 -0.1494 0.283
8742.49093 -0.3021 0.422
8742.49093 -0.0340 0.388
8742.49093 -0.1092 1.029
8742.49093 0.0274 1.045
8742.49093 0.0882 0.829
8742.49093 0.0132 0.872
8742.49093 -0.1302 0.699
8742.49093 -0.0850 0.946
8742.49093 0.1135 0.429
8742.49093 -0.1763 2.234
8742.49093 -0.3489 1.937
