8748.33134 -0.5154 2.712
8748.33134 -0.2820 1.706
8748.33134 -0.3121 0.879
8748.33134 -1.6166 0.722
8748.33134 -7.5732 0.192
8748.33134 -7.3265 0.312
8748.33134 -1.3417 0.570
8748.33134 -2.2671 1.409
8748.33134 -0.0303 0.322
8748.33134 -1.4978 0.379
8748.33134 -7.4741 0.142
8748.33134 -0.0086 0.245
8748.33134 -0.2149 0.269
8748.33134 -5.6999 0.385
8748.33134 -6.9655 0.327
8748.33134 -2.6752 0.564
8748.33134 -1.9394 0.786
8748.33134 -5.4857 0.447
8748.33134 -7.5930 0.166
8748.33134 -0.2270 1.595
8748.33134 -0.1081 0.597
8748.33134 -0.0605 1.203
8748.33134 -0.5615 1.122
8748.33134 -0.7392 0.534
8748.33134 -0.0140 0.789
8748.33134 -0.1257 1.161
8748.33134 -1.2593 1.024
8748.33134 -0.1078 1.676
8748.33134 -0.0136 0.429
8748.33134 -0.0957 1.533
8748.33134 -0.0899 0.329
8748.33134 -0.7662 0.931
8748.33134 -0.2406 0.537
8748.33134 -0.1695 2.655
8748.33134 -0.1616 2.279
8748.33134 -0.1522 0.429
8748.33134 -0.1003 0.592
8748.33134 -0.0227 0.373
8748.33134 -0.0223 1.054
8748.33134 -0.1148 0.675
8748.33134 -0.0594 0.600
8748.33134 -0.0280 0.355
8748.33134 -0.1500 0.285
8748.33134 -0.1286 0.330
8748.33134 -0.0224 0.157
8748.33134 0.0007 0.167
8748.33134 -0.0547 0.460
8748.33134 -0.0902 0.265
8748.33134 -0.0853 0.189
8748.33134 -0.0528 0.151
8748.33134 -0.0092 0.188
8748.33134 -0.0264 0.189
8748.33134 -0.0308 0.309
8748.33134 -0.0758 0.269
8748.33134 -0.0764 0.195
8748.33134 -0.1619 0.211
8748.33134 -0.0339 0.201
8748.33134 -0.0773 0.174
8748.33134 0.0086 0.259
8748.33134 -0.0870 0.207
8748.33134 -0.0447 0.251
8748.33134 -0.0863 0.382
8748.33134 -0.0446 0.178
8748.33134 -0.0473 0.175
8748.33134 -0.0827 0.254
8748.33134 -0.1048 0.253
8748.33134 0.0124 0.360
8748.33134 -0.1310 0.274
8748.33134 -0.0707 0.685
8748.33134 -0.0109 0.239
8748.33134 -0.1471 0.775
8748.33134 -0.0179 0.182
8748.33134 -0.1115 0.382
8748.33134 -0.2659 0.389
8748.33134 0.0371 0.564
8748.33134 0.0171 0.795
8748.33134 0.0118 0.661
8748.33134 0.0160 0.723
8748.33134 -0.0893 0.504
8748.33134 -0.0615 0.698
8748.33134 -0.0897 0.904
8748.33134 0.2263 0.313
8748.33134 -0.2567 2.428
8748.33134 -0.5262 3.045
