8731.42180 0.1633 1.544
8731.42180 -0.0297 1.077
8731.42180 0.0513 0.479
8731.42180 0.0685 1.006
8731.42180 -0.0715 0.047
8731.42180 -0.0298 0.080
8731.42180 -0.0594 0.675
8731.42180 -0.0100 1.549
8731.42180 0.0325 0.362
8731.42180 0.0166 0.097
8731.42180 -0.0522 0.160
8731.42180 -0.0324 0.142
8731.42180 -0.0080 0.117
8731.42180 -0.0478 0.061
8731.42180 -0.0275 0.033
8731.42180 -0.0405 0.100
8731.42180 -0.0410 0.446
8731.42180 -0.0237 0.183
8731.42180 -0.0533 0.210
8731.42180 -0.0370 2.006
8731.42180 0.0013 0.366
8731.42180 0.0217 0.983
8731.42180 0.0003 1.135
8731.42180 -0.0058 0.611
8731.42180 -0.0099 0.924
8731.42180 0.0337 0.328
8731.42180 -0.0198 0.249
8731.42180 -0.0319 0.958
8731.42180 0.0094 0.373
8731.42180 -0.0297 0.399
8731.42180 -0.0351 0.154
8731.42180 -0.0173 0.322
8731.42180 -0.0290 0.352
8731.42180 -0.0307 0.169
8731.42180 -0.0091 0.087
8731.42180 -0.0037 0.137
8731.42180 -0.0143 0.084
8731.42180 -0.0187 0.117
8731.42180 -0.0261 0.796
8731.42180 -0.0327 0.587
8731.42180 -0.0318 0.052
8731.42180 -0.0320 0.209
8731.42180 -0.0167 0.168
8731.42180 -0.0293 0.190
8731.42180 0.0040 0.098
8731.42180 -0.0397 0.091
8731.42180 -0.0062 0.170
8731.42180 -0.0005 0.055
8731.42180 -0.0293 0.041
8731.42180 -0.0101 0.034
8731.42180 -0.0159 0.075
8731.42180 -0.0139 0.084
8731.42180 -0.0039 0.179
8731.42180 -0.0060 0.258
8731.42180 -0.0344 0.056
8731.42180 -0.0169 0.058
8731.42180 0.0031 0.329
8731.42180 0.0104 0.077
8731.42180 -0.0078 0.071
8731.42180 -0.0097 0.072
8731.42180 0.0101 0.084
8731.42180 -0.0094 0.097
8731.42180 0.0357 0.047
8731.42180 -0.0086 0.092
8731.42180 -0.0090 0.060
8731.42180 -0.0386 0.093
8731.42180 0.0335 0.145
8731.42180 -0.0770 0.557
8731.42180 0.0126 0.051
8731.42180 0.0317 0.060
8731.42180 -0.0555 0.459
8731.42180 -0.0150 0.148
8731.42180 -0.0495 0.350
8731.42180 -0.1436 0.710
8731.42180 0.0583 0.433
8731.42180 0.0470 0.742
8731.42180 0.0579 0.384
8731.42180 0.1031 0.734
8731.42180 -0.0724 0.929
8731.42180 0.2388 1.081
8731.42180 -0.0269 0.851
8731.42180 0.4144 0.982
8731.42180 -0.1377 2.317
8731.42180 -0.0802 3.150
