8740.38811 -0.3935 2.092
8740.38811 -0.2309 1.500
8740.38811 -0.3075 0.739
8740.38811 -1.1753 0.327
8740.38811 -4.0100 0.117
8740.38811 -3.9248 0.142
8740.38811 -0.9969 0.461
8740.38811 -1.4631 0.883
8740.38811 0.0148 0.148
8740.38811 -0.9930 0.247
8740.38811 -3.9988 0.087
8740.38811 -0.0820 0.103
8740.38811 -0.1508 0.112
8740.38811 -3.0835 0.274
8740.38811 -3.6677 0.211
8740.38811 -1.6007 0.286
8740.38811 -1.3983 0.636
8740.38811 -2.8196 0.259
8740.38811 -3.9719 0.107
8740.38811 -0.2341 1.746
8740.38811 -0.0883 0.578
8740.38811 -0.0069 1.294
8740.38811 -0.3723 0.912
8740.38811 -0.5724 0.441
8740.38811 -0.0640 0.759
8740.38811 -0.1518 0.936
8740.38811 -0.8539 0.768
8740.38811 -0.1362 1.478
8740.38811 -0.1232 0.290
8740.38811 -0.0651 1.137
8740.38811 -0.1482 0.273
8740.38811 -0.5968 0.893
8740.38811 -0.2173 0.506
8740.38811 -0.1513 2.527
8740.38811 -0.1451 2.014
8740.38811 -0.0957 0.432
8740.38811 -0.1138 0.549
8740.38811 -0.0386 0.236
8740.38811 -0.1273 0.851
8740.38811 -0.1266 0.581
8740.38811 -0.0654 0.311
8740.38811 -0.0519 0.204
8740.38811 -0.0912 0.182
8740.38811 -0.1381 0.267
8740.38811 -0.0189 0.076
8740.38811 -0.1122 0.118
8740.38811 -0.0499 0.238
8740.38811 -0.0801 0.092
8740.38811 -0.1040 0.092
8740.38811 -0.1329 0.050
8740.38811 -0.0369 0.066
8740.38811 -0.1191 0.131
8740.38811 -0.0466 0.107
8740.38811 -0.0905 0.188
8740.38811 -0.0959 0.128
8740.38811 -0.0934 0.114
8740.38811 -0.0601 0.387
8740.38811 -0.0862 0.122
8740.38811 -0.0739 0.128
8740.38811 -0.0906 0.119
8740.38811 -0.0484 0.062
8740.38811 -0.0259 0.216
8740.38811 -0.0922 0.096
8740.38811 -0.1290 0.121
8740.38811 -0.0740 0.134
8740.38811 -0.1140 0.137
8740.38811 -0.0592 0.232
8740.38811 -0.2106 0.757
8740.38811 -0.0811 0.231
8740.38811 -0.0978 0.085
8740.38811 -0.1428 0.096
8740.38811 -0.0908 0.122
8740.38811 -0.1140 0.118
8740.38811 -0.2960 0.503
8740.38811 -0.0192 0.639
8740.38811 -0.0706 0.707
8740.38811 -0.0217 0.927
8740.38811 0.0905 0.587
8740.38811 -0.2638 0.679
8740.38811 -0.1451 0.587
8740.38811 -0.3131 1.063
8740.38811 0.0386 0.585
8740.38811 -0.2708 1.899
8740.38811 -0.1135 2.358
