8757.50470 -0.8641 4.654
8757.50470 -0.2369 1.369
8757.50470 -0.2774 0.881
8757.50470 -1.2520 1.407
8757.50470 -12.1545 0.248
8757.50470 -12.0087 0.335
8757.50470 -1.9017 1.177
8757.50470 -3.5480 2.019
8757.50470 0.0622 0.182
8757.50470 -1.2997 0.637
8757.50470 -11.8932 0.337
8757.50470 -0.0951 0.165
8757.50470 -0.1622 0.216
8757.50470 -10.7006 0.749
8757.50470 -11.6151 0.465
8757.50470 -4.0533 1.091
8757.50470 -0.3550 2.311
8757.50470 -10.3650 0.810
8757.50470 -12.1572 0.182
8757.50470 -0.1620 1.772
8757.50470 0.0022 0.425
8757.50470 -0.0747 0.939
8757.50470 -0.4799 1.051
8757.50470 -0.8402 0.620
8757.50470 -0.1706 0.792
8757.50470 -0.0689 0.972
8757.50470 -1.3814 1.090
8757.50470 -0.1138 1.708
8757.50470 -0.0208 0.324
8757.50470 -0.1162 1.454
8757.50470 -0.1114 0.342
8757.50470 -0.7196 1.322
8757.50470 -0.3759 0.614
8757.50470 -0.1668 2.665
8757.50470 -0.0409 1.989
8757.50470 -0.0335 0.456
8757.50470 -0.0301 0.588
8757.50470 -0.1121 0.314
8757.50470 -0.0420 0.850
8757.50470 -0.1230 0.512
8757.50470 -0.1435 0.457
8757.50470 -0.1317 0.227
8757.50470 -0.0639 0.244
8757.50470 -0.0278 0.283
8757.50470 -0.4041 0.187
8757.50470 -0.1132 0.141
8757.50470 -0.0348 0.230
8757.50470 -0.0834 0.173
8757.50470 -0.0866 0.132
8757.50470 -0.0589 0.125
8757.50470 -0.0721 0.119
8757.50470 -0.3793 0.235
8757.50470 -0.1109 0.184
8757.50470 -0.4042 0.351
8757.50470 -0.0832 0.169
8757.50470 -0.0522 0.133
8757.50470 -0.1263 0.390
8757.50470 -0.0999 0.163
8757.50470 -0.0628 0.274
8757.50470 -0.0887 0.259
8757.50470 -0.0308 0.133
8757.50470 -0.0641 0.233
8757.50470 -0.0255 0.166
8757.50470 -0.3856 0.176
8757.50470 -0.4034 0.268
8757.50470 -0.4270 0.221
8757.50470 0.0324 0.384
8757.50470 -0.1168 0.450
8757.50470 0.0000 0.257
8757.50470 -0.0213 1.027
8757.50470 -0.1001 0.788
8757.50470 0.1714 0.654
8757.50470 -0.1761 0.282
8757.50470 -0.3213 0.498
8757.50470 -0.0440 0.482
8757.50470 -0.0112 0.491
8757.50470 -0.0213 0.479
8757.50470 -0.0109 0.820
8757.50470 -0.0803 0.418
8757.50470 -0.0965 0.904
8757.50470 -0.0422 0.853
8757.50470 0.0821 0.343
8757.50470 -0.3188 1.681
8757.50470 -0.7131 1.942
