8743.53820 -0.5411 3.184
8743.53820 -0.2756 1.419
8743.53820 -0.3717 0.746
8743.53820 -1.5641 0.656
8743.53820 -5.7619 0.151
8743.53820 -5.6188 0.178
8743.53820 -1.2460 0.482
8743.53820 -1.9192 1.331
8743.53820 -0.0914 0.233
8743.53820 -1.7113 0.274
8743.53820 -5.7191 0.219
8743.53820 -0.0595 0.166
8743.53820 -0.1283 0.164
8743.53820 -4.4418 0.315
8743.53820 -5.2347 0.304
8743.53820 -2.3091 0.407
8743.53820 -1.8678 0.874
8743.53820 -4.1138 0.336
8743.53820 -5.7598 0.134
8743.53820 -0.2165 1.500
8743.53820 0.0482 0.567
8743.53820 0.0062 0.964
8743.53820 -0.4194 1.120
8743.53820 -0.6208 0.526
8743.53820 -0.0851 0.797
8743.53820 -0.0328 1.003
8743.53820 -1.1073 0.927
8743.53820 -0.0664 1.603
8743.53820 -0.0668 0.347
8743.53820 -0.0622 1.564
8743.53820 -0.1663 0.340
8743.53820 -0.7718 0.886
8743.53820 -0.2621 0.519
8743.53820 -0.0816 2.802
8743.53820 -0.0840 2.009
8743.53820 -0.1833 0.432
8743.53820 0.0278 0.572
8743.53820 -0.0608 0.355
8743.53820 -0.0845 0.938
8743.53820 -0.0549 0.614
8743.53820 -0.1146 0.472
8743.53820 -0.0755 0.305
8743.53820 -0.1623 0.247
8743.53820 -0.0428 0.341
8743.53820 -0.0562 0.128
8743.53820 -0.0443 0.134
8743.53820 -0.0734 0.313
8743.53820 -0.1392 0.229
8743.53820 -0.0703 0.178
8743.53820 -0.0059 0.092
8743.53820 -0.0490 0.195
8743.53820 -0.0837 0.156
8743.53820 -0.0761 0.149
8743.53820 -0.0202 0.212
8743.53820 -0.0099 0.149
8743.53820 -0.0556 0.118
8743.53820 -0.0656 0.433
8743.53820 -0.0434 0.133
8743.53820 -0.0182 0.330
8743.53820 -0.0981 0.163
8743.53820 -0.0497 0.196
8743.53820 -0.0564 0.382
8743.53820 -0.0583 0.132
8743.53820 0.0289 0.129
8743.53820 -0.1084 0.197
8743.53820 -0.1284 0.162
8743.53820 -0.0468 0.212
8743.53820 -0.1295 0.203
8743.53820 -0.1334 0.335
8743.53820 -0.0625 0.147
8743.53820 -0.0879 0.255
8743.53820 -0.0734 0.148
8743.53820 -0.1266 0.212
8743.53820 -0.2935 0.363
8743.53820 0.0378 0.372
8743.53820 -0.0438 0.922
8743.53820 0.0307 1.117
8743.53820 0.0868 0.226
8743.53820 -0.1155 0.502
8743.53820 -0.1034 0.715
8743.53820 -0.0584 0.943
8743.53820 0.0915 0.329
8743.53820 -0.3128 2.496
8743.53820 -0.4132 2.145
