8731.51120 -0.0322 0.450
8731.51120 -0.0716 1.206
8731.51120 0.0114 0.836
8731.51120 0.0427 0.891
8731.51120 -0.2415 0.088
8731.51120 -0.1614 0.105
8731.51120 -0.1174 0.513
8731.51120 -0.0949 1.170
8731.51120 0.1097 0.175
8731.51120 -0.0503 0.085
8731.51120 -0.2576 0.129
8731.51120 -0.0263 0.079
8731.51120 -0.0182 0.121
8731.51120 -0.2237 0.153
8731.51120 -0.1582 0.221
8731.51120 -0.1804 0.441
8731.51120 -0.1208 0.935
8731.51120 -0.1352 0.552
8731.51120 -0.2513 0.423
8731.51120 -0.0956 2.537
8731.51120 -0.0593 0.490
8731.51120 0.0028 1.545
8731.51120 -0.0054 1.921
8731.51120 -0.0687 0.748
8731.51120 -0.0434 1.153
8731.51120 -0.0047 0.702
8731.51120 -0.0679 0.295
8731.51120 -0.0352 1.666
8731.51120 0.0020 0.708
8731.51120 -0.0249 1.022
8731.51120 -0.0323 0.165
8731.51120 -0.0432 0.224
8731.51120 -0.0104 0.374
8731.51120 -0.0536 0.990
8731.51120 -0.0265 0.171
8731.51120 -0.0121 0.318
8731.51120 -0.0088 0.344
8731.51120 -0.0174 0.201
8731.51120 -0.0247 0.817
8731.51120 -0.0455 0.625
8731.51120 -0.0394 0.181
8731.51120 -0.0276 0.163
8731.51120 -0.0152 0.191
8731.51120 -0.0371 0.191
8731.51120 -0.0309 0.101
8731.51120 -0.0467 0.121
8731.51120 0.0030 0.136
8731.51120 -0.0106 0.098
8731.51120 -0.0414 0.099
8731.51120 -0.0273 0.046
8731.51120 -0.0111 0.108
8731.51120 -0.0183 0.116
8731.51120 -0.0089 0.130
8731.51120 -0.0010 0.179
8731.51120 -0.0173 0.184
8731.51120 -0.0311 0.069
8731.51120 -0.0149 0.127
8731.51120 -0.0352 0.074
8731.51120 -0.0256 0.080
8731.51120 -0.0418 0.086
8731.51120 0.0020 0.198
8731.51120 -0.0251 0.205
8731.51120 0.0138 0.097
8731.51120 -0.0344 0.162
8731.51120 -0.0260 0.188
8731.51120 -0.0563 0.101
8731.51120 0.0340 0.106
8731.51120 -0.0708 0.362
8731.51120 -0.0169 0.166
8731.51120 0.0012 0.176
8731.51120 -0.0669 0.633
8731.51120 -0.0232 0.172
8731.51120 -0.0728 0.561
8731.51120 -0.1429 0.406
8731.51120 0.0357 0.381
8731.51120 0.0140 1.255
8731.51120 0.0692 0.835
8731.51120 0.0845 0.774
8731.51120 -0.1099 0.850
8731.51120 -0.0125 0.933
8731.51120 -0.0321 1.608
8731.51120 0.0345 0.643
8731.51120 -0.2015 1.412
8731.51120 -0.2581 1.844
