8747.50138 -0.4300 2.318
8747.50138 -0.1700 1.525
8747.50138 -0.0324 0.825
8747.50138 -0.6119 0.911
8747.50138 -7.3886 0.453
8747.50138 -6.7211 0.544
8747.50138 -0.7139 0.652
8747.50138 -1.2425 0.861
8747.50138 0.0708 0.379
8747.50138 -1.3095 0.362
8747.50138 -7.3681 0.232
8747.50138 -0.0240 0.189
8747.50138 -0.0782 0.241
8747.50138 -4.3809 0.780
8747.50138 -6.0702 0.459
8747.50138 -1.6231 0.971
8747.50138 -0.6253 0.670
8747.50138 -3.5794 1.086
8747.50138 -7.4504 0.162
8747.50138 -0.0879 1.242
8747.50138 0.0058 0.713
8747.50138 0.0627 1.546
8747.50138 -0.2142 1.153
8747.50138 -0.3021 0.667
8747.50138 -0.6506 0.833
8747.50138 -0.0094 1.046
8747.50138 -1.2395 1.064
8747.50138 0.0190 1.622
8747.50138 -0.6356 0.299
8747.50138 0.0053 1.430
8747.50138 -0.0375 0.329
8747.50138 -0.9088 0.849
8747.50138 -0.0594 0.432
8747.50138 -0.0156 2.708
8747.50138 0.0491 2.241
8747.50138 0.0704 0.341
8747.50138 0.0957 0.558
8747.50138 -0.0431 0.323
8747.50138 0.0491 1.084
8747.50138 0.0539 0.695
8747.50138 -0.0369 0.548
8747.50138 -0.0428 0.317
8747.50138 0.0212 0.248
8747.50138 0.0797 0.313
8747.50138 0.0599 0.163
8747.50138 -0.0069 0.185
8747.50138 0.0390 0.284
8747.50138 0.0678 0.294
8747.50138 -0.0466 0.235
8747.50138 0.0462 0.137
8747.50138 0.0504 0.214
8747.50138 0.1074 0.181
8747.50138 0.0186 0.298
8747.50138 -0.0106 0.257
8747.50138 0.0802 0.184
8747.50138 -0.0581 0.211
8747.50138 0.0499 0.287
8747.50138 0.0959 0.174
8747.50138 0.0224 0.490
8747.50138 -0.0444 0.217
8747.50138 0.0132 0.176
8747.50138 0.0352 0.477
8747.50138 0.0257 0.202
8747.50138 0.0865 0.163
8747.50138 -0.0012 0.252
8747.50138 0.0454 0.195
8747.50138 0.1472 0.401
8747.50138 0.0978 0.510
8747.50138 0.0513 0.561
8747.50138 0.1262 0.352
8747.50138 -0.0536 0.665
8747.50138 -0.6598 0.189
8747.50138 0.0874 0.459
8747.50138 -0.1705 0.373
8747.50138 0.1221 0.602
8747.50138 -0.0379 0.239
8747.50138 0.0501 0.629
8747.50138 0.0985 0.493
8747.50138 -0.0391 0.710
8747.50138 0.0983 0.619
8747.50138 0.0267 1.007
8747.50138 0.2111 0.676
8747.50138 -0.1223 1.969
8747.50138 -0.4274 1.828
