8731.52430 -0.1540 0.639
8731.52430 -0.0883 1.227
8731.52430 0.0021 0.263
8731.52430 -0.0201 0.466
8731.52430 -0.2888 0.073
8731.52430 -0.1919 0.107
8731.52430 -0.1319 0.198
8731.52430 -0.1517 0.498
8731.52430 0.0920 0.157
8731.52430 -0.0801 0.065
8731.52430 -0.2882 0.079
8731.52430 -0.0501 0.083
8731.52430 -0.0228 0.088
8731.52430 -0.2525 0.121
8731.52430 -0.2096 0.087
8731.52430 -0.1754 0.199
8731.52430 -0.0872 0.496
8731.52430 -0.1637 0.281
8731.52430 -0.3074 0.055
8731.52430 -0.0996 1.646
8731.52430 -0.0225 0.422
8731.52430 0.0100 0.295
8731.52430 0.0046 1.043
8731.52430 -0.0554 0.396
8731.52430 -0.0535 0.801
8731.52430 -0.0194 1.012
8731.52430 -0.1049 0.616
8731.52430 -0.0578 1.435
8731.52430 -0.0246 0.221
8731.52430 -0.0590 1.346
8731.52430 -0.0420 0.342
8731.52430 -0.0474 0.784
8731.52430 -0.0116 0.298
8731.52430 -0.0821 2.482
8731.52430 -0.0503 2.031
8731.52430 -0.0214 0.412
8731.52430 -0.0136 0.467
8731.52430 -0.0364 0.166
8731.52430 -0.0438 0.927
8731.52430 -0.0675 0.570
8731.52430 -0.0644 0.344
8731.52430 -0.0359 0.248
8731.52430 -0.0398 0.179
8731.52430 -0.0698 0.236
8731.52430 -0.0351 0.139
8731.52430 -0.0590 0.123
8731.52430 -0.0435 0.259
8731.52430 -0.0159 0.070
8731.52430 -0.0492 0.107
8731.52430 -0.0423 0.050
8731.52430 -0.0479 0.095
8731.52430 -0.0507 0.155
8731.52430 -0.0346 0.067
8731.52430 -0.0324 0.117
8731.52430 -0.0248 0.083
8731.52430 -0.0521 0.067
8731.52430 -0.0400 0.336
8731.52430 -0.0143 0.127
8731.52430 -0.0323 0.157
8731.52430 -0.0513 0.083
8731.52430 -0.0170 0.104
8731.52430 -0.0272 0.306
8731.52430 -0.0133 0.116
8731.52430 -0.0508 0.209
8731.52430 -0.0366 0.089
8731.52430 -0.0445 0.242
8731.52430 0.0006 0.206
8731.52430 -0.1274 0.998
8731.52430 -0.0235 0.092
8731.52430 -0.0201 0.143
8731.52430 -0.0574 0.266
8731.52430 -0.0385 0.170
8731.52430 -0.0969 0.240
8731.52430 -0.1228 0.559
8731.52430 0.0325 0.501
8731.52430 -0.0259 1.074
8731.52430 0.0289 0.521
8731.52430 0.0726 0.578
8731.52430 -0.0589 0.574
8731.52430 -0.0503 0.597
8731.52430 -0.0420 1.223
8731.52430 0.1406 0.432
8731.52430 -0.1882 2.489
8731.52430 -0.0856 1.902
