8739.53855 -0.3352 1.992
8739.53855 -0.1853 1.383
8739.53855 -0.3362 0.487
8739.53855 -1.2594 0.403
8739.53855 -3.8788 0.134
8739.53855 -3.8918 0.168
8739.53855 -1.0000 0.497
8739.53855 -1.4847 0.479
8739.53855 0.0359 0.161
8739.53855 -0.9252 0.240
8739.53855 -3.8839 0.151
8739.53855 -0.0593 0.106
8739.53855 -0.1137 0.167
8739.53855 -3.0488 0.286
8739.53855 -3.7047 0.254
8739.53855 -1.5832 0.299
8739.53855 -1.5599 0.676
8739.53855 -2.9106 0.282
8739.53855 -3.8794 0.107
8739.53855 -0.1858 1.583
8739.53855 -0.0130 0.338
8739.53855 -0.0062 0.694
8739.53855 -0.2978 0.899
8739.53855 -0.5839 0.441
8739.53855 -0.0242 0.782
8739.53855 -0.1219 1.114
8739.53855 -0.8638 0.652
8739.53855 -0.1194 1.469
8739.53855 -0.0837 0.340
8739.53855 -0.0226 1.353
8739.53855 -0.1157 0.244
8739.53855 -0.6602 0.862
8739.53855 -0.2582 0.520
8739.53855 -0.1002 2.660
8739.53855 -0.0988 1.868
8739.53855 -0.1452 0.457
8739.53855 -0.0419 0.522
8739.53855 -0.0173 0.189
8739.53855 -0.0510 1.017
8739.53855 -0.1024 0.591
8739.53855 -0.0698 0.336
8739.53855 -0.0261 0.305
8739.53855 -0.1392 0.249
8739.53855 -0.1013 0.288
8739.53855 0.0087 0.129
8739.53855 -0.0924 0.115
8739.53855 -0.0438 0.267
8739.53855 -0.0982 0.121
8739.53855 -0.0486 0.077
8739.53855 -0.0541 0.081
8739.53855 -0.0007 0.075
8739.53855 -0.0270 0.151
8739.53855 -0.0262 0.100
8739.53855 -0.0912 0.237
8739.53855 -0.0532 0.115
8739.53855 -0.0295 0.157
8739.53855 -0.0549 0.257
8739.53855 -0.0581 0.195
8739.53855 -0.0041 0.134
8739.53855 -0.0552 0.120
8739.53855 -0.0098 0.083
8739.53855 -0.0302 0.225
8739.53855 -0.0186 0.089
8739.53855 -0.0725 0.142
8739.53855 -0.1117 0.204
8739.53855 -0.1080 0.125
8739.53855 -0.0106 0.415
8739.53855 -0.0683 0.273
8739.53855 -0.1233 0.221
8739.53855 -0.0602 0.774
8739.53855 -0.0587 0.410
8739.53855 -0.0794 0.208
8739.53855 -0.1126 0.245
8739.53855 -0.2689 0.343
8739.53855 0.0067 0.467
8739.53855 0.0081 0.771
8739.53855 0.0207 0.387
8739.53855 0.1142 0.491
8739.53855 -0.0871 0.842
8739.53855 -0.0252 1.142
8739.53855 0.0957 0.741
8739.53855 0.0902 0.382
8739.53855 -0.2963 2.378
8739.53855 -0.4141 1.994
