8794.55281 -1.2023 9.491
8794.55281 -0.2255 1.484
8794.55281 -0.1091 0.804
8794.55281 -0.0349 1.384
8794.55281 -26.9907 0.311
8794.55281 -27.3373 0.597
8794.55281 -1.4288 1.762
8794.55281 -1.2131 1.560
8794.55281 0.0364 0.377
8794.55281 0.9549 1.069
8794.55281 -26.6549 2.922
8794.55281 0.0777 0.184
8794.55281 -0.2156 0.334
8794.55281 -26.4556 0.758
8794.55281 -27.2329 0.602
8794.55281 -2.0376 1.851
8794.55281 -0.5199 1.881
8794.55281 -27.1051 0.646
8794.55281 -27.0266 0.315
8794.55281 -0.1058 1.746
8794.55281 -0.2512 0.628
8794.55281 -0.2234 1.326
8794.55281 0.1209 0.986
8794.55281 -0.1767 0.725
8794.55281 -0.0750 0.819
8794.55281 0.0132 1.023
8794.55281 0.4167 1.724
8794.55281 -0.0066 1.650
8794.55281 0.1045 0.208
8794.55281 0.0050 1.667
8794.55281 0.0063 0.405
8794.55281 0.1872 1.168
8794.55281 0.2872 0.824
8794.55281 0.0111 3.194
8794.55281 0.0765 2.162
8794.55281 0.0382 0.458
8794.55281 0.0757 0.659
8794.55281 0.0930 0.475
8794.55281 -0.0384 1.048
8794.55281 0.0864 0.780
8794.55281 0.0467 0.685
8794.55281 0.0649 0.444
8794.55281 0.0494 0.200
8794.55281 0.0061 0.803
8794.55281 0.0320 0.134
8794.55281 0.0424 0.117
8794.55281 0.0713 0.139
8794.55281 0.0532 0.100
8794.55281 0.0040 0.178
8794.55281 -0.0232 0.202
8794.55281 0.0478 0.209
8794.55281 0.0148 0.141
8794.55281 0.0764 0.835
8794.55281 0.0322 0.376
8794.55281 0.0258 0.348
8794.55281 -0.0102 0.272
8794.55281 0.1059 0.347
8794.55281 0.0390 0.276
8794.55281 0.0288 0.252
8794.55281 -0.0021 0.164
8794.55281 0.0939 0.200
8794.55281 0.0748 0.260
8794.55281 0.4351 0.394
8794.55281 0.0378 0.182
8794.55281 0.0516 0.191
8794.55281 0.2387 0.469
8794.55281 0.1501 0.546
8794.55281 -0.2120 2.462
8794.55281 0.0740 0.610
8794.55281 0.1041 0.275
8794.55281 -0.0096 0.212
8794.55281 -0.0046 0.256
8794.55281 0.0490 0.768
8794.55281 -0.2565 0.540
8794.55281 -0.7277 1.383
8794.55281 0.1465 1.278
8794.55281 0.0887 1.575
8794.55281 0.2342 1.505
8794.55281 -0.0845 2.498
8794.55281 -0.5829 7.146
8794.55281 -674.5178 6.207
8794.55281 -1203.149 2.253
8794.55281 -0.3476 4.995
8794.55281 0.8577 8.608
