8799.48560 -1.1650 9.065
8799.48560 -0.0641 1.202
8799.48560 0.2381 0.584
8799.48560 0.3125 1.436
8799.48560 -28.2893 0.493
8799.48560 -28.3385 0.729
8799.48560 -0.5690 1.031
8799.48560 -0.3534 0.843
8799.48560 0.2503 0.226
8799.48560 1.0810 0.873
8799.48560 -28.0343 2.080
8799.48560 0.2481 0.163
8799.48560 0.1222 0.245
8799.48560 0.1142 1.840
8799.48560 -28.3840 0.896
8799.48560 -0.5158 0.975
8799.48560 0.3422 1.071
8799.48560 -28.4482 1.615
8799.48560 -28.3324 0.256
8799.48560 0.9752 2.432
8799.48560 0.2006 0.572
8799.48560 0.2192 1.094
8799.48560 -0.0073 0.877
8799.48560 -0.8956 0.349
8799.48560 0.2470 0.792
8799.48560 0.1849 0.503
8799.48560 0.5870 0.781
8799.48560 0.1425 0.860
8799.48560 0.2265 0.479
8799.48560 0.1459 0.243
8799.48560 0.1767 0.191
8799.48560 0.1169 0.463
8799.48560 0.2690 0.561
8799.48560 0.0781 1.752
8799.48560 0.2056 0.301
8799.48560 0.1480 0.964
8799.48560 0.1533 0.695
8799.48560 0.1501 0.828
8799.48560 0.2362 0.630
8799.48560 0.1500 0.823
8799.48560 0.1221 0.614
8799.48560 0.1839 0.493
8799.48560 0.1169 0.358
8799.48560 0.1074 0.602
8799.48560 0.1611 0.441
8799.48560 0.1845 0.251
8799.48560 0.1048 0.562
8799.48560 0.1747 0.696
8799.48560 0.0884 0.300
8799.48560 0.2209 0.293
8799.48560 0.1944 0.250
8799.48560 0.1256 0.239
8799.48560 0.1347 0.318
8799.48560 0.0848 0.335
8799.48560 0.1924 0.242
8799.48560 0.0815 0.179
8799.48560 0.2122 0.319
8799.48560 0.1820 0.264
8799.48560 0.2065 0.214
8799.48560 0.0288 0.187
8799.48560 0.1247 0.210
8799.48560 0.1548 0.279
8799.48560 0.1574 0.212
8799.48560 0.2005 0.260
8799.48560 0.1086 0.847
8799.48560 0.1243 0.303
8799.48560 0.1882 0.375
8799.48560 0.0899 0.434
8799.48560 0.1742 0.271
8799.48560 -0.8299 0.833
8799.48560 0.0226 0.301
8799.48560 0.0876 0.240
8799.48560 0.0330 0.489
8799.48560 -0.9783 0.494
8799.48560 -0.7907 0.349
8799.48560 0.0597 0.473
8799.48560 0.2678 0.406
8799.48560 0.3247 0.409
8799.48560 0.1776 0.394
8799.48560 0.1741 0.724
8799.48560 0.3289 2.932
8799.48560 0.3278 0.559
8799.48560 0.1617 2.658
8799.48560 -0.1597 3.009
