8746.34414 -0.5267 3.393
8746.34414 -0.1659 0.579
8746.34414 -0.0931 0.849
8746.34414 -1.0474 0.580
8746.34414 -6.6055 0.227
8746.34414 -6.3129 0.453
8746.34414 -0.9222 0.509
8746.34414 -1.6860 0.525
8746.34414 -0.0529 0.808
8746.34414 -1.2829 0.369
8746.34414 -6.5636 0.158
8746.34414 0.0697 0.177
8746.34414 -0.1093 0.137
8746.34414 -4.7446 0.401
8746.34414 -5.8996 0.313
8746.34414 -2.1525 0.441
8746.34414 -1.1853 0.628
8746.34414 -4.3125 0.414
8746.34414 -6.6052 0.151
8746.34414 -0.1901 1.197
8746.34414 -0.0052 0.565
8746.34414 0.1305 0.749
8746.34414 -0.3978 1.003
8746.34414 -0.4444 0.473
8746.34414 0.0126 0.757
8746.34414 0.0383 0.767
8746.34414 -1.1811 1.080
8746.34414 0.0016 1.671
8746.34414 -0.0367 0.296
8746.34414 0.0594 1.562
8746.34414 -0.0122 0.405
8746.34414 -0.3825 0.962
8746.34414 -0.0776 0.563
8746.34414 -0.0954 3.220
8746.34414 0.0040 2.166
8746.34414 -0.5609 0.365
8746.34414 -0.0015 0.604
8746.34414 0.0494 0.285
8746.34414 -0.6155 0.916
8746.34414 0.0572 0.691
8746.34414 -0.0121 0.538
8746.34414 0.0766 0.379
8746.34414 0.1122 0.158
8746.34414 -0.6048 0.358
8746.34414 0.1033 0.205
8746.34414 0.0455 0.138
8746.34414 0.1447 0.194
8746.34414 0.0334 0.253
8746.34414 -0.0063 0.193
8746.34414 -0.0035 0.137
8746.34414 0.0641 0.211
8746.34414 -0.0043 0.124
8746.34414 0.1073 0.567
8746.34414 0.0192 0.320
8746.34414 0.0332 0.168
8746.34414 -0.0370 0.253
8746.34414 0.1194 0.221
8746.34414 -0.0072 0.116
8746.34414 0.0789 0.239
8746.34414 0.0548 0.143
8746.34414 0.0019 0.179
8746.34414 0.0539 0.162
8746.34414 0.0665 0.146
8746.34414 0.0414 0.104
8746.34414 0.0383 0.246
8746.34414 -0.0793 0.162
8746.34414 0.0683 0.145
8746.34414 -0.1785 0.687
8746.34414 0.0530 0.481
8746.34414 -0.0006 0.296
8746.34414 0.0377 0.342
8746.34414 -0.0260 0.269
8746.34414 0.0139 0.355
8746.34414 -0.0826 1.325
8746.34414 0.0990 0.579
8746.34414 0.0754 0.483
8746.34414 0.1713 0.911
8746.34414 0.0829 1.107
8746.34414 0.0115 0.667
8746.34414 -0.2293 0.985
8746.34414 -0.1582 1.034
8746.34414 0.2223 0.443
8746.34414 0.1508 2.107
8746.34414 -0.3543 1.230
