8749.32901 -0.6361 4.110
8749.32901 -0.2650 1.253
8749.32901 -0.0488 0.943
8749.32901 -1.4196 0.838
8749.32901 -7.9879 0.217
8749.32901 -7.6768 0.277
8749.32901 -1.1044 0.455
8749.32901 -2.0297 0.854
8749.32901 0.0850 0.327
8749.32901 -1.5408 0.401
8749.32901 -7.9290 0.241
8749.32901 -0.0466 0.106
8749.32901 -0.1967 0.161
8749.32901 -5.7881 0.474
8749.32901 -7.1990 0.343
8749.32901 -2.6643 0.505
8749.32901 -1.6274 0.919
8749.32901 -5.4088 0.610
8749.32901 -7.9889 0.149
8749.32901 -0.2947 0.427
8749.32901 -0.0935 0.226
8749.32901 0.0014 0.534
8749.32901 -0.4654 0.376
8749.32901 -0.6430 0.427
8749.32901 -0.0321 0.422
8749.32901 -0.0928 0.263
8749.32901 -1.4216 0.688
8749.32901 -0.0072 1.405
8749.32901 -0.0991 0.250
8749.32901 -0.0170 0.228
8749.32901 -0.1060 0.181
8749.32901 -0.6106 0.359
8749.32901 -0.2007 0.434
8749.32901 -0.0929 0.303
8749.32901 -0.1174 0.491
8749.32901 -0.1450 0.446
8749.32901 -0.0944 0.260
8749.32901 -0.0319 0.338
8749.32901 -0.0366 0.744
8749.32901 -0.1371 0.503
8749.32901 -0.0946 0.350
8749.32901 -0.0445 0.105
8749.32901 -0.1668 0.218
8749.32901 -0.1350 0.160
8749.32901 -0.0394 0.112
8749.32901 -0.0101 0.111
8749.32901 -0.0677 0.352
8749.32901 -0.1130 0.183
8749.32901 -0.0407 0.089
8749.32901 -0.0646 0.079
8749.32901 -0.0409 0.130
8749.32901 -0.0494 0.099
8749.32901 -0.0584 0.106
8749.32901 -0.0178 0.175
8749.32901 -0.0985 0.150
8749.32901 -0.0492 0.102
8749.32901 -0.0825 0.204
8749.32901 -0.0816 0.114
8749.32901 -0.0296 0.298
8749.32901 -0.0659 0.246
8749.32901 -0.0129 0.112
8749.32901 -0.1263 0.367
8749.32901 -0.0045 0.089
8749.32901 -0.0886 0.088
8749.32901 -0.0960 0.225
8749.32901 -0.1449 0.151
8749.32901 -0.0687 0.163
8749.32901 -0.2142 0.347
8749.32901 -0.0627 0.769
8749.32901 -0.0672 0.153
8749.32901 -0.1077 0.536
8749.32901 -0.0545 0.210
8749.32901 -0.1427 0.234
8749.32901 -0.2831 0.634
8749.32901 0.0354 0.301
8749.32901 -0.0443 0.901
8749.32901 -0.0851 0.885
8749.32901 -0.0314 0.321
8749.32901 -0.1896 0.702
8749.32901 0.0421 0.696
8749.32901 -1.4611 1.232
8749.32901 0.0740 0.413
8749.32901 -0.2564 1.853
8749.32901 -0.6918 3.296
