8757.52122 -1.0006 3.741
8757.52122 -0.1688 1.360
8757.52122 -0.3225 1.651
8757.52122 -2.8167 1.393
8757.52122 -12.1814 0.255
8757.52122 -12.0429 0.461
8757.52122 -1.8733 1.266
8757.52122 -3.5715 2.193
8757.52122 0.0923 1.101
8757.52122 -1.3308 0.694
8757.52122 -11.9242 0.227
8757.52122 -0.0708 0.200
8757.52122 -0.1496 0.213
8757.52122 -10.3956 0.689
8757.52122 -11.6656 0.425
8757.52122 -3.7359 1.202
8757.52122 -0.4372 2.088
8757.52122 -10.4611 0.794
8757.52122 -12.1728 0.170
8757.52122 0.0313 2.326
8757.52122 -0.0070 0.318
8757.52122 -0.0003 1.078
8757.52122 -0.5342 1.025
8757.52122 -0.9232 0.566
8757.52122 -0.1496 0.333
8757.52122 -0.0463 0.462
8757.52122 -1.3993 0.884
8757.52122 -0.0844 0.677
8757.52122 0.0012 0.225
8757.52122 -0.0862 0.180
8757.52122 -0.0929 0.157
8757.52122 -0.7395 0.863
8757.52122 -0.3959 0.434
8757.52122 -0.1323 1.999
8757.52122 -0.0335 0.290
8757.52122 -0.0075 0.325
8757.52122 -0.0162 0.485
8757.52122 -0.1007 0.243
8757.52122 -0.0199 0.790
8757.52122 -0.1137 0.549
8757.52122 -0.1411 0.311
8757.52122 -0.1332 0.171
8757.52122 -0.0512 0.219
8757.52122 -0.0220 0.365
8757.52122 -0.3884 0.188
8757.52122 -0.0948 0.125
8757.52122 -0.0159 0.137
8757.52122 -0.0715 0.142
8757.52122 -0.0900 0.145
8757.52122 -0.0420 0.161
8757.52122 -0.0756 0.118
8757.52122 -0.3585 0.185
8757.52122 -0.1001 0.231
8757.52122 -0.3799 0.304
8757.52122 -0.0791 0.157
8757.52122 -0.0361 0.108
8757.52122 -0.1028 0.208
8757.52122 -0.0758 0.170
8757.52122 -0.0808 0.265
8757.52122 -0.0981 0.217
8757.52122 -0.0486 0.177
8757.52122 -0.0531 0.129
8757.52122 -0.0320 0.132
8757.52122 -0.3891 0.253
8757.52122 -0.3862 0.192
8757.52122 -0.3876 0.227
8757.52122 0.0502 0.675
8757.52122 -0.0833 0.413
8757.52122 -0.0065 0.131
8757.52122 0.0092 0.588
8757.52122 -0.1040 0.648
8757.52122 -0.1195 0.181
8757.52122 -0.1255 0.264
8757.52122 -0.3242 0.594
8757.52122 -0.0238 0.270
8757.52122 -0.0843 1.274
8757.52122 -0.0070 0.605
8757.52122 0.0385 0.538
8757.52122 -0.0994 0.438
8757.52122 -0.1317 0.707
8757.52122 -0.4783 0.893
8757.52122 -0.1561 0.622
8757.52122 -0.2539 1.284
8757.52122 -0.4850 2.220
