8747.52739 -0.2109 1.725
8747.52739 -0.1504 0.610
8747.52739 -0.0122 1.205
8747.52739 -0.6460 1.175
8747.52739 -7.4698 0.461
8747.52739 -6.8614 0.413
8747.52739 -0.8025 1.834
8747.52739 -1.3017 2.143
8747.52739 0.0716 0.855
8747.52739 -1.3823 0.512
8747.52739 -7.4152 0.242
8747.52739 0.0163 0.170
8747.52739 -0.0849 0.250
8747.52739 -4.6135 0.695
8747.52739 -6.2812 0.513
8747.52739 -1.8364 1.085
8747.52739 -0.8577 1.208
8747.52739 -3.9724 1.106
8747.52739 -7.4941 0.173
8747.52739 -0.1073 1.828
8747.52739 -0.0075 0.533
8747.52739 0.0725 1.107
8747.52739 -0.3104 1.613
8747.52739 -0.3717 0.840
8747.52739 -0.6088 0.320
8747.52739 -0.0157 0.364
8747.52739 -1.2656 0.863
8747.52739 0.0321 1.240
8747.52739 -0.6199 0.289
8747.52739 0.0235 0.261
8747.52739 -0.0138 0.245
8747.52739 -0.9417 0.423
8747.52739 -0.0956 0.488
8747.52739 -0.0753 2.630
8747.52739 0.0840 1.591
8747.52739 0.0595 0.457
8747.52739 0.0911 0.506
8747.52739 -0.0311 0.328
8747.52739 0.0513 0.920
8747.52739 0.0571 0.679
8747.52739 -0.0623 0.574
8747.52739 -0.0339 0.280
8747.52739 0.0098 0.214
8747.52739 0.0606 0.346
8747.52739 0.0526 0.218
8747.52739 0.0045 0.166
8747.52739 0.0410 0.277
8747.52739 0.0670 0.311
8747.52739 -0.0208 0.187
8747.52739 0.0444 0.149
8747.52739 0.0489 0.206
8747.52739 0.0994 0.161
8747.52739 0.0250 0.502
8747.52739 -0.0043 0.414
8747.52739 0.0705 0.173
8747.52739 -0.0478 0.251
8747.52739 0.0309 0.215
8747.52739 0.1007 0.164
8747.52739 0.0439 0.273
8747.52739 -0.0522 0.193
8747.52739 0.0145 0.218
8747.52739 0.0397 0.445
8747.52739 0.0373 0.182
8747.52739 0.0784 0.201
8747.52739 -0.0056 0.214
8747.52739 0.0360 0.190
8747.52739 0.1199 0.466
8747.52739 -0.0112 0.326
8747.52739 0.0746 0.560
8747.52739 0.0563 0.251
8747.52739 -0.0335 0.378
8747.52739 -0.6588 0.168
8747.52739 0.0810 0.262
8747.52739 -0.1588 0.690
8747.52739 0.1264 0.282
8747.52739 0.0362 0.245
8747.52739 0.0453 0.419
8747.52739 0.1307 0.206
8747.52739 0.0008 0.504
8747.52739 -0.0061 0.530
8747.52739 0.0336 0.774
8747.52739 0.1946 0.722
8747.52739 -0.1457 1.835
8747.52739 -0.3937 2.332
