8743.52142 -0.5168 3.092
8743.52142 -0.2639 1.650
8743.52142 -0.3574 0.655
8743.52142 -1.4975 0.356
8743.52142 -5.7141 0.157
8743.52142 -5.5592 0.194
8743.52142 -1.1888 0.422
8743.52142 -1.8744 0.576
8743.52142 -0.0463 0.265
8743.52142 -1.6992 0.269
8743.52142 -5.6863 0.121
8743.52142 -0.0171 0.191
8743.52142 -0.1179 0.184
8743.52142 -4.3572 0.307
8743.52142 -5.1631 0.275
8743.52142 -2.2551 0.406
8743.52142 -1.7684 0.853
8743.52142 -4.0216 0.337
8743.52142 -5.7234 0.131
8743.52142 -0.2224 1.645
8743.52142 0.0430 0.631
8743.52142 -0.0025 1.312
8743.52142 -0.4129 1.084
8743.52142 -0.5833 0.513
8743.52142 -0.0685 0.765
8743.52142 -0.0540 1.047
8743.52142 -1.0834 0.842
8743.52142 -0.0835 1.608
8743.52142 -0.0699 0.384
8743.52142 -0.0457 1.522
8743.52142 -0.1557 0.292
8743.52142 -0.7220 0.848
8743.52142 -0.2665 0.488
8743.52142 -0.1102 3.016
8743.52142 -0.0859 2.150
8743.52142 -0.1804 0.440
8743.52142 0.0350 0.576
8743.52142 -0.0542 0.349
8743.52142 -0.0895 0.925
8743.52142 -0.0480 0.620
8743.52142 -0.1077 0.496
8743.52142 -0.0672 0.285
8743.52142 -0.1674 0.259
8743.52142 -0.0395 0.337
8743.52142 -0.0533 0.141
8743.52142 -0.0491 0.132
8743.52142 -0.0765 0.306
8743.52142 -0.1382 0.209
8743.52142 -0.0650 0.149
8743.52142 -0.0044 0.097
8743.52142 -0.0602 0.169
8743.52142 -0.0782 0.147
8743.52142 -0.0631 0.150
8743.52142 -0.0223 0.207
8743.52142 -0.0176 0.155
8743.52142 -0.0679 0.137
8743.52142 -0.0894 0.341
8743.52142 -0.0292 0.142
8743.52142 0.0009 0.275
8743.52142 -0.0799 0.237
8743.52142 -0.0472 0.192
8743.52142 -0.0578 0.458
8743.52142 -0.0681 0.134
8743.52142 -0.0198 0.125
8743.52142 -0.1067 0.243
8743.52142 -0.1390 0.194
8743.52142 -0.0137 0.238
8743.52142 -0.1720 0.390
8743.52142 -0.1333 0.635
8743.52142 -0.1037 0.163
8743.52142 -0.0786 0.214
8743.52142 -0.0402 0.153
8743.52142 -0.1152 0.260
8743.52142 -0.2495 0.742
8743.52142 0.0379 0.459
8743.52142 -0.0709 1.322
8743.52142 0.0620 0.500
8743.52142 0.0784 0.645
8743.52142 -0.0996 0.372
8743.52142 -0.4155 0.603
8743.52142 -0.0341 0.823
8743.52142 0.0863 0.879
8743.52142 -0.1337 3.004
8743.52142 0.0199 2.856
