8740.36509 -0.4247 2.431
8740.36509 -0.1872 1.669
8740.36509 -0.3081 0.874
8740.36509 -1.1621 0.355
8740.36509 -3.9488 0.117
8740.36509 -3.8959 0.136
8740.36509 -1.0234 0.382
8740.36509 -1.4117 1.192
8740.36509 0.0164 0.142
8740.36509 -1.0054 0.241
8740.36509 -3.9467 0.113
8740.36509 -0.0887 0.143
8740.36509 -0.1347 0.116
8740.36509 -3.0652 0.275
8740.36509 -3.6432 0.231
8740.36509 -1.6082 0.310
8740.36509 -1.4171 0.636
8740.36509 -2.8272 0.242
8740.36509 -3.9187 0.111
8740.36509 -0.1937 1.723
8740.36509 -0.0769 0.600
8740.36509 -0.0426 0.997
8740.36509 -0.3858 0.933
8740.36509 -0.5849 0.438
8740.36509 -0.0620 0.773
8740.36509 -0.1464 0.989
8740.36509 -0.8542 0.789
8740.36509 -0.1305 1.466
8740.36509 -0.1313 0.305
8740.36509 -0.0687 1.129
8740.36509 -0.1426 0.206
8740.36509 -0.6124 0.761
8740.36509 -0.2123 0.501
8740.36509 -0.1188 2.644
8740.36509 -0.1365 1.975
8740.36509 -0.1091 0.432
8740.36509 -0.1068 0.486
8740.36509 -0.0390 0.328
8740.36509 -0.1350 0.961
8740.36509 -0.1136 0.586
8740.36509 -0.0714 0.378
8740.36509 -0.0439 0.290
8740.36509 -0.0811 0.190
8740.36509 -0.1352 0.268
8740.36509 -0.0163 0.083
8740.36509 -0.1058 0.120
8740.36509 -0.0496 0.315
8740.36509 -0.0792 0.070
8740.36509 -0.0985 0.093
8740.36509 -0.1242 0.057
8740.36509 -0.0170 0.064
8740.36509 -0.1092 0.132
8740.36509 -0.0231 0.089
8740.36509 -0.0913 0.181
8740.36509 -0.0781 0.126
8740.36509 -0.0822 0.073
8740.36509 -0.0287 0.423
8740.36509 -0.0971 0.138
8740.36509 -0.0754 0.164
8740.36509 -0.0871 0.134
8740.36509 -0.0404 0.144
8740.36509 -0.0083 0.196
8740.36509 -0.0651 0.082
8740.36509 -0.1340 0.132
8740.36509 -0.0476 0.192
8740.36509 -0.0974 0.098
8740.36509 -0.0654 0.258
8740.36509 -0.2355 0.857
8740.36509 -0.0899 0.204
8740.36509 -0.0954 0.242
8740.36509 -0.1202 0.300
8740.36509 -0.0659 0.117
8740.36509 -0.0671 0.260
8740.36509 -0.2618 0.394
8740.36509 -0.0097 0.132
8740.36509 -0.0465 0.683
8740.36509 -0.0048 0.202
8740.36509 0.1017 0.515
8740.36509 -0.3363 0.556
8740.36509 -0.3251 0.573
8740.36509 -0.1290 1.393
8740.36509 -0.0718 0.400
8740.36509 -0.2410 2.869
8740.36509 -0.3347 2.849
