8732.54121 -0.3349 1.021
8732.54121 -0.1971 1.097
8732.54121 -0.2010 0.489
8732.54121 -0.2189 0.256
8732.54121 -0.7973 0.065
8732.54121 -0.8247 0.067
8732.54121 -0.1809 0.260
8732.54121 -0.3326 1.084
8732.54121 0.0914 0.260
8732.54121 -0.1682 0.123
8732.54121 -0.8281 0.063
8732.54121 -0.0026 0.161
8732.54121 -0.0651 0.162
8732.54121 -0.5653 0.088
8732.54121 -0.7983 0.124
8732.54121 -0.3838 0.163
8732.54121 -0.2861 0.394
8732.54121 -0.5510 0.108
8732.54121 -0.7890 0.079
8732.54121 -0.2400 1.664
8732.54121 -0.0996 0.465
8732.54121 0.0173 0.822
8732.54121 -0.1215 0.943
8732.54121 -0.1475 0.408
8732.54121 -0.1103 0.808
8732.54121 -0.0932 1.034
8732.54121 -0.2342 0.327
8732.54121 -0.0633 1.612
8732.54121 -0.0976 0.248
8732.54121 -0.0413 1.369
8732.54121 -0.1221 0.272
8732.54121 -0.1743 0.651
8732.54121 -0.1262 0.407
8732.54121 -0.0915 2.458
8732.54121 -0.1401 1.949
8732.54121 -0.1370 0.438
8732.54121 -0.0824 0.518
8732.54121 -0.0610 0.282
8732.54121 -0.0802 0.900
8732.54121 -0.0539 0.610
8732.54121 -0.0463 0.286
8732.54121 -0.0388 0.233
8732.54121 -0.1609 0.190
8732.54121 -0.1060 0.280
8732.54121 -0.0144 0.187
8732.54121 -0.0549 0.187
8732.54121 -0.0427 0.294
8732.54121 -0.0238 0.152
8732.54121 -0.0575 0.149
8732.54121 -0.0947 0.120
8732.54121 -0.0959 0.163
8732.54121 -0.0554 0.195
8732.54121 -0.1016 0.269
8732.54121 -0.1012 0.183
8732.54121 -0.0363 0.207
8732.54121 -0.1044 0.185
8732.54121 -0.0509 0.429
8732.54121 -0.0465 0.155
8732.54121 -0.0287 0.222
8732.54121 -0.0695 0.153
8732.54121 -0.0361 0.166
8732.54121 -0.0490 0.313
8732.54121 -0.0248 0.151
8732.54121 -0.1047 0.241
8732.54121 -0.1079 0.220
8732.54121 -0.1685 0.211
8732.54121 -0.0761 0.758
8732.54121 -0.1807 0.844
8732.54121 -0.1459 0.187
8732.54121 -0.1032 0.169
8732.54121 -0.0941 0.365
8732.54121 -0.0798 0.154
8732.54121 -0.1561 0.301
8732.54121 -0.2111 0.307
8732.54121 0.0188 0.342
8732.54121 -0.0899 0.929
8732.54121 -0.0126 0.617
8732.54121 -0.0048 0.491
8732.54121 -0.0558 0.434
8732.54121 -0.1105 0.609
8732.54121 -0.1643 1.129
8732.54121 0.0262 0.329
8732.54121 -0.2700 2.137
8732.54121 -0.4569 1.794
