8748.34632 -0.4725 2.368
8748.34632 -0.2784 1.520
8748.34632 -0.2973 0.918
8748.34632 -1.5967 0.767
8748.34632 -7.5947 0.195
8748.34632 -7.3307 0.281
8748.34632 -1.2652 0.436
8748.34632 -2.1961 1.511
8748.34632 -0.0241 0.303
8748.34632 -1.4686 0.372
8748.34632 -7.5051 0.186
8748.34632 -0.0012 0.228
8748.34632 -0.2069 0.241
8748.34632 -5.6558 0.390
8748.34632 -6.9658 0.329
8748.34632 -2.6352 0.520
8748.34632 -1.8196 0.765
8748.34632 -5.4167 0.473
8748.34632 -7.6213 0.165
8748.34632 -0.2541 1.460
8748.34632 -0.1070 0.579
8748.34632 -0.0553 1.184
8748.34632 -0.4777 1.115
8748.34632 -0.7082 0.548
8748.34632 -0.0267 0.802
8748.34632 -0.1361 1.164
8748.34632 -1.2391 0.851
8748.34632 -0.1135 1.601
8748.34632 -0.0237 0.403
8748.34632 -0.0856 1.427
8748.34632 -0.1026 0.333
8748.34632 -0.7588 0.920
8748.34632 -0.2052 0.503
8748.34632 -0.1378 2.687
8748.34632 -0.1470 2.114
8748.34632 -0.1625 0.432
8748.34632 -0.1030 0.573
8748.34632 -0.0158 0.341
8748.34632 -0.0248 0.961
8748.34632 -0.1060 0.654
8748.34632 -0.0614 0.611
8748.34632 -0.0473 0.311
8748.34632 -0.1460 0.280
8748.34632 -0.1380 0.317
8748.34632 -0.0235 0.166
8748.34632 -0.0149 0.169
8748.34632 -0.0490 0.333
8748.34632 -0.0884 0.289
8748.34632 -0.0952 0.180
8748.34632 -0.0517 0.152
8748.34632 -0.0249 0.223
8748.34632 -0.0250 0.201
8748.34632 -0.0482 0.319
8748.34632 -0.0938 0.249
8748.34632 -0.0826 0.193
8748.34632 -0.1535 0.168
8748.34632 -0.0417 0.415
8748.34632 -0.0852 0.184
8748.34632 0.0079 0.237
8748.34632 -0.1085 0.322
8748.34632 -0.0413 0.216
8748.34632 -0.0932 0.389
8748.34632 -0.0535 0.175
8748.34632 -0.0763 0.164
8748.34632 -0.0607 0.277
8748.34632 -0.1017 0.204
8748.34632 -0.0191 0.402
8748.34632 -0.1526 0.288
8748.34632 -0.0578 0.397
8748.34632 -0.0114 0.246
8748.34632 -0.1295 0.423
8748.34632 -0.0371 0.194
8748.34632 -0.0605 0.302
8748.34632 -0.2791 0.484
8748.34632 0.0346 0.561
8748.34632 0.0116 1.341
8748.34632 -0.0157 1.114
8748.34632 0.0654 0.676
8748.34632 -0.0601 0.641
8748.34632 -0.1370 0.549
8748.34632 -0.1212 0.885
8748.34632 0.1185 0.303
8748.34632 -0.3374 2.549
8748.34632 -1.0397 2.335
