8766.44397 -0.7675 4.071
8766.44397 -0.2287 1.429
8766.44397 -0.4038 0.698
8766.44397 -2.7596 1.575
8766.44397 -16.0800 0.286
8766.44397 -16.1349 0.440
8766.44397 -1.3118 1.469
8766.44397 -3.5192 3.619
8766.44397 0.1740 0.573
8766.44397 -0.3896 0.748
8766.44397 -15.7570 0.256
8766.44397 0.0729 0.154
8766.44397 -0.0148 0.336
8766.44397 -14.5210 0.829
8766.44397 -15.8661 0.492
8766.44397 -1.1390 4.786
8766.44397 -0.6239 3.034
8766.44397 -15.2593 1.019
8766.44397 -16.0647 0.177
8766.44397 -0.0986 1.650
8766.44397 0.0158 0.725
8766.44397 0.0574 1.257
8766.44397 -0.5311 1.231
8766.44397 -0.8531 0.750
8766.44397 0.0025 0.850
8766.44397 -0.0146 0.516
8766.44397 -0.7352 0.659
8766.44397 0.0432 1.254
8766.44397 0.1351 0.347
8766.44397 0.0714 0.252
8766.44397 0.0406 0.274
8766.44397 -0.3130 0.838
8766.44397 -0.1368 0.502
8766.44397 0.0408 0.269
8766.44397 -0.0427 0.252
8766.44397 -0.0488 0.588
8766.44397 -0.0383 0.541
8766.44397 0.0651 0.332
8766.44397 0.0343 0.821
8766.44397 -0.0368 0.705
8766.44397 0.0221 0.398
8766.44397 0.0183 0.345
8766.44397 -0.0959 0.315
8766.44397 -0.0384 0.305
8766.44397 0.0651 0.260
8766.44397 0.0578 0.179
8766.44397 0.0076 0.327
8766.44397 -0.0180 0.204
8766.44397 0.0060 0.200
8766.44397 -0.0317 0.180
8766.44397 0.0372 0.172
8766.44397 -0.0181 0.197
8766.44397 0.0479 0.166
8766.44397 0.0158 0.186
8766.44397 -0.0155 0.185
8766.44397 -0.0943 0.245
8766.44397 0.0102 0.441
8766.44397 -0.0529 0.241
8766.44397 -0.0026 0.284
8766.44397 -0.0074 0.237
8766.44397 0.0302 0.207
8766.44397 0.0609 0.261
8766.44397 0.0364 0.172
8766.44397 -0.0437 0.170
8766.44397 0.0021 0.259
8766.44397 -0.0681 0.233
8766.44397 0.0277 0.306
8766.44397 -0.1384 1.289
8766.44397 0.0597 0.488
8766.44397 -0.0109 0.825
8766.44397 -0.0463 0.616
8766.44397 -0.0880 0.307
8766.44397 0.0162 0.224
8766.44397 -0.2159 0.396
8766.44397 0.0634 0.591
8766.44397 -0.0248 0.852
8766.44397 0.0733 0.601
8766.44397 0.1187 0.218
8766.44397 0.1316 0.435
8766.44397 -0.2507 0.755
8766.44397 0.8552 1.304
8766.44397 0.1691 0.433
8766.44397 -0.1992 1.693
8766.44397 -1.1160 2.627
