8748.37803 -0.3043 2.399
8748.37803 -0.1868 1.447
8748.37803 -0.2139 1.309
8748.37803 -1.4964 0.995
8748.37803 -7.6388 0.195
8748.37803 -7.3565 0.350
8748.37803 -1.2470 0.647
8748.37803 -2.1040 1.351
8748.37803 -0.0112 0.274
8748.37803 -1.4042 0.461
8748.37803 -7.5612 0.143
8748.37803 0.0198 0.313
8748.37803 -0.2284 0.216
8748.37803 -5.6325 0.407
8748.37803 -6.9718 0.305
8748.37803 -2.5478 0.579
8748.37803 -1.7406 0.676
8748.37803 -5.3927 0.452
8748.37803 -7.6642 0.135
8748.37803 -0.2436 1.919
8748.37803 -0.1341 0.464
8748.37803 -0.0263 0.995
8748.37803 -0.4688 0.626
8748.37803 -0.6933 0.385
8748.37803 -0.0054 0.292
8748.37803 -0.0993 0.228
8748.37803 -1.1723 0.762
8748.37803 -0.0752 1.134
8748.37803 0.0088 0.195
8748.37803 -0.0436 0.518
8748.37803 -0.0750 0.315
8748.37803 -0.6792 0.522
8748.37803 -0.2072 0.336
8748.37803 -0.1149 0.642
8748.37803 -0.1289 0.278
8748.37803 -0.1574 0.595
8748.37803 -0.0590 0.479
8748.37803 -0.0021 0.335
8748.37803 -0.0062 0.753
8748.37803 -0.0906 0.619
8748.37803 -0.0614 0.459
8748.37803 -0.0163 0.172
8748.37803 -0.1461 0.233
8748.37803 -0.1313 0.306
8748.37803 -0.0185 0.141
8748.37803 0.0032 0.149
8748.37803 -0.0243 0.283
8748.37803 -0.0870 0.224
8748.37803 -0.0990 0.178
8748.37803 -0.0422 0.153
8748.37803 0.0014 0.268
8748.37803 -0.0120 0.198
8748.37803 -0.0142 0.304
8748.37803 -0.0822 0.241
8748.37803 -0.0722 0.187
8748.37803 -0.1356 0.274
8748.37803 -0.0313 0.394
8748.37803 -0.0721 0.185
8748.37803 0.0326 0.475
8748.37803 -0.0782 0.253
8748.37803 -0.0210 0.248
8748.37803 -0.0845 0.374
8748.37803 -0.0497 0.195
8748.37803 -0.0521 0.228
8748.37803 -0.0457 0.229
8748.37803 -0.0718 0.183
8748.37803 -0.0144 0.499
8748.37803 -0.1476 0.230
8748.37803 -0.0489 0.283
8748.37803 0.0086 0.292
8748.37803 -0.1290 0.204
8748.37803 -0.0172 0.213
8748.37803 -0.0616 0.300
8748.37803 -0.3098 0.676
8748.37803 0.0465 0.512
8748.37803 0.0372 1.416
8748.37803 0.0002 0.934
8748.37803 0.0410 0.944
8748.37803 -0.1118 0.452
8748.37803 -0.0338 0.767
8748.37803 0.0879 0.781
8748.37803 0.3318 1.175
8748.37803 -0.2174 3.306
8748.37803 -0.4251 3.406
