8743.56887 -0.4280 2.115
8743.56887 -0.2466 1.491
8743.56887 -0.3974 1.376
8743.56887 -1.7019 0.902
8743.56887 -5.8321 0.159
8743.56887 -5.7362 0.210
8743.56887 -1.2903 0.515
8743.56887 -2.0742 1.231
8743.56887 -0.0920 0.313
8743.56887 -1.7861 0.285
8743.56887 -5.7683 0.175
8743.56887 -0.0614 0.148
8743.56887 -0.1274 0.234
8743.56887 -4.5643 0.344
8743.56887 -5.3679 0.242
8743.56887 -2.4470 0.523
8743.56887 -2.1394 0.849
8743.56887 -4.3468 0.627
8743.56887 -5.8207 0.129
8743.56887 -0.2562 1.940
8743.56887 0.0237 0.250
8743.56887 0.0402 0.969
8743.56887 -0.5056 1.102
8743.56887 -0.7267 0.742
8743.56887 -0.0799 0.552
8743.56887 -0.0475 0.497
8743.56887 -1.1356 0.746
8743.56887 -0.0697 1.228
8743.56887 -0.0540 0.315
8743.56887 -0.0391 0.284
8743.56887 -0.1834 0.154
8743.56887 -0.8715 0.414
8743.56887 -0.3940 0.377
8743.56887 -0.0566 0.555
8743.56887 -0.0461 0.246
8743.56887 -0.1781 0.644
8743.56887 0.0338 0.386
8743.56887 -0.0493 0.352
8743.56887 -0.0819 0.815
8743.56887 -0.0546 0.581
8743.56887 -0.1099 0.323
8743.56887 -0.0696 0.125
8743.56887 -0.1782 0.232
8743.56887 -0.0598 0.300
8743.56887 -0.0484 0.135
8743.56887 -0.0374 0.137
8743.56887 -0.0664 0.338
8743.56887 -0.1182 0.186
8743.56887 -0.0663 0.127
8743.56887 -0.0019 0.082
8743.56887 -0.0541 0.255
8743.56887 -0.0814 0.156
8743.56887 -0.0593 0.158
8743.56887 -0.0317 0.153
8743.56887 0.0057 0.122
8743.56887 -0.0615 0.109
8743.56887 -0.0865 0.331
8743.56887 -0.0268 0.145
8743.56887 -0.0212 0.201
8743.56887 -0.0771 0.143
8743.56887 -0.0458 0.212
8743.56887 -0.0665 0.278
8743.56887 -0.0521 0.121
8743.56887 -0.0158 0.106
8743.56887 -0.0909 0.149
8743.56887 -0.1596 0.178
8743.56887 -0.0498 0.468
8743.56887 -0.1521 0.593
8743.56887 -0.1155 0.490
8743.56887 -0.0479 0.151
8743.56887 -0.0776 0.183
8743.56887 -0.0744 0.161
8743.56887 -0.1078 0.304
8743.56887 -0.2471 0.504
8743.56887 0.0176 0.602
8743.56887 0.0089 1.334
8743.56887 0.0500 0.608
8743.56887 0.0889 0.813
8743.56887 -0.1478 0.608
8743.56887 -0.1925 1.431
8743.56887 -0.0994 1.469
8743.56887 0.0422 0.717
8743.56887 -0.2835 1.614
8743.56887 -0.5403 3.145
