8731.42867 0.0163 0.356
8731.42867 -0.0896 1.188
8731.42867 0.0530 1.559
8731.42867 0.0922 0.842
8731.42867 -0.0737 0.058
8731.42867 -0.0266 0.033
8731.42867 -0.0021 0.211
8731.42867 -0.0267 1.250
8731.42867 0.0388 0.137
8731.42867 0.0003 0.048
8731.42867 -0.0694 0.075
8731.42867 -0.0070 0.068
8731.42867 -0.0265 0.082
8731.42867 -0.0704 0.076
8731.42867 -0.0351 0.161
8731.42867 -0.0336 0.284
8731.42867 -0.0533 0.666
8731.42867 -0.0220 0.498
8731.42867 -0.0742 0.227
8731.42867 -0.0439 2.000
8731.42867 -0.0156 0.473
8731.42867 -0.0111 1.355
8731.42867 0.0182 1.433
8731.42867 -0.0206 0.645
8731.42867 -0.0085 1.148
8731.42867 0.0029 0.466
8731.42867 -0.0202 0.299
8731.42867 -0.0367 1.630
8731.42867 0.0055 0.721
8731.42867 -0.0303 1.578
8731.42867 -0.0312 0.141
8731.42867 -0.0188 0.262
8731.42867 -0.0166 0.465
8731.42867 -0.0945 1.508
8731.42867 0.0083 0.276
8731.42867 -0.0064 0.305
8731.42867 0.0062 0.172
8731.42867 -0.0112 0.260
8731.42867 0.0053 0.794
8731.42867 -0.0462 0.581
8731.42867 -0.0235 0.088
8731.42867 -0.0184 0.103
8731.42867 -0.0158 0.161
8731.42867 -0.0233 0.180
8731.42867 -0.0162 0.099
8731.42867 -0.0469 0.124
8731.42867 -0.0270 0.251
8731.42867 -0.0126 0.060
8731.42867 -0.0339 0.077
8731.42867 -0.0437 0.024
8731.42867 0.0016 0.073
8731.42867 0.0022 0.141
8731.42867 -0.0135 0.083
8731.42867 0.0085 0.146
8731.42867 -0.0135 0.054
8731.42867 -0.0077 0.132
8731.42867 -0.0202 0.334
8731.42867 -0.0362 0.075
8731.42867 -0.0184 0.067
8731.42867 -0.0252 0.045
8731.42867 0.0208 0.064
8731.42867 0.0038 0.157
8731.42867 0.0029 0.191
8731.42867 -0.0343 0.098
8731.42867 -0.0094 0.128
8731.42867 -0.0678 0.119
8731.42867 0.1038 0.329
8731.42867 -0.1051 1.123
8731.42867 -0.0097 0.078
8731.42867 0.0115 0.239
8731.42867 -0.0640 0.595
8731.42867 0.0052 0.119
8731.42867 -0.0247 0.240
8731.42867 -0.1302 0.350
8731.42867 0.0329 0.251
8731.42867 0.0156 0.432
8731.42867 0.0196 0.219
8731.42867 0.1081 0.361
8731.42867 -0.0363 0.399
8731.42867 -0.0462 0.790
8731.42867 0.0586 0.945
8731.42867 0.1744 0.420
8731.42867 -0.1688 3.440
8731.42867 -0.0984 4.027
