8749.30300 -0.7375 4.256
8749.30300 -0.2968 1.351
8749.30300 -0.1823 0.751
8749.30300 -1.5179 0.468
8749.30300 -7.9533 0.206
8749.30300 -7.6908 0.294
8749.30300 -1.2316 0.446
8749.30300 -2.1749 0.543
8749.30300 0.0923 0.269
8749.30300 -1.6588 0.407
8749.30300 -7.8900 0.988
8749.30300 -0.0377 0.138
8749.30300 -0.2346 0.193
8749.30300 -5.9322 0.422
8749.30300 -7.2673 0.340
8749.30300 -2.8275 0.632
8749.30300 -1.8214 0.745
8749.30300 -5.5480 0.570
8749.30300 -7.9508 0.155
8749.30300 -0.2504 1.513
8749.30300 -0.1074 0.499
8749.30300 -0.0698 1.310
8749.30300 -0.4898 1.111
8749.30300 -0.6767 0.539
8749.30300 -0.0498 0.787
8749.30300 -0.1409 0.959
8749.30300 -1.5226 0.977
8749.30300 -0.0300 1.703
8749.30300 -0.1287 0.339
8749.30300 -0.0259 1.391
8749.30300 -0.1252 0.299
8749.30300 -0.6305 0.953
8749.30300 -0.1921 0.460
8749.30300 -0.1680 2.748
8749.30300 -0.1629 2.257
8749.30300 -0.1552 0.419
8749.30300 -0.1124 0.560
8749.30300 -0.0379 0.274
8749.30300 -0.0483 0.937
8749.30300 -0.1303 0.694
8749.30300 -0.0709 0.365
8749.30300 -0.0484 0.313
8749.30300 -0.1683 0.202
8749.30300 -0.1312 0.304
8749.30300 -0.0421 0.096
8749.30300 -0.0220 0.117
8749.30300 -0.0667 0.277
8749.30300 -0.1373 0.257
8749.30300 -0.0454 0.090
8749.30300 -0.0767 0.076
8749.30300 -0.0459 0.283
8749.30300 -0.0483 0.133
8749.30300 -0.0733 0.125
8749.30300 -0.0204 0.106
8749.30300 -0.1107 0.198
8749.30300 -0.0494 0.099
8749.30300 -0.0735 0.225
8749.30300 -0.0918 0.118
8749.30300 -0.0173 0.175
8749.30300 -0.0531 0.244
8749.30300 -0.0291 0.115
8749.30300 -0.1316 0.274
8749.30300 -0.0126 0.094
8749.30300 -0.0903 0.099
8749.30300 -0.0956 0.272
8749.30300 -0.1663 0.136
8749.30300 -0.0546 0.204
8749.30300 -0.2282 0.500
8749.30300 -0.0490 0.348
8749.30300 -0.0489 0.129
8749.30300 -0.1419 0.558
8749.30300 -0.0494 0.184
8749.30300 -0.1077 0.215
8749.30300 -0.2594 0.679
8749.30300 -0.0142 0.175
8749.30300 -0.0461 0.927
8749.30300 -0.0511 0.606
8749.30300 -0.0343 0.332
8749.30300 0.0098 0.373
8749.30300 -0.0420 1.044
8749.30300 -0.0992 1.066
8749.30300 0.3320 0.809
8749.30300 -0.1941 2.684
8749.30300 -0.6672 2.170
