8746.36987 -0.5021 3.042
8746.36987 -0.1885 1.666
8746.36987 -0.2018 0.864
8746.36987 -1.0898 0.620
8746.36987 -6.6988 0.224
8746.36987 -6.3162 0.294
8746.36987 -1.0097 0.428
8746.36987 -1.6376 0.415
8746.36987 0.0043 0.208
8746.36987 -1.2731 0.357
8746.36987 -6.6279 0.229
8746.36987 -0.0084 0.152
8746.36987 -0.1123 0.180
8746.36987 -4.7151 0.396
8746.36987 -5.9280 0.322
8746.36987 -2.1277 0.588
8746.36987 -1.2504 0.639
8746.36987 -4.2706 0.615
8746.36987 -6.6810 0.143
8746.36987 -0.1344 1.771
8746.36987 -0.0205 0.840
8746.36987 0.0327 1.061
8746.36987 -0.3265 0.972
8746.36987 -0.4616 0.522
8746.36987 -0.0565 0.820
8746.36987 -0.0308 0.882
8746.36987 -1.1668 1.056
8746.36987 -0.0005 1.684
8746.36987 -0.0451 0.274
8746.36987 -0.0173 1.484
8746.36987 -0.0325 0.297
8746.36987 -0.4152 0.951
8746.36987 -0.1789 0.513
8746.36987 -0.0884 2.784
8746.36987 -0.0855 2.025
8746.36987 -0.6074 0.396
8746.36987 0.0083 0.566
8746.36987 0.0550 0.303
8746.36987 -0.6429 1.037
8746.36987 0.0296 0.644
8746.36987 -0.0589 0.553
8746.36987 0.0438 0.200
8746.36987 0.0844 0.203
8746.36987 -0.6684 0.292
8746.36987 0.0128 0.116
8746.36987 -0.0115 0.119
8746.36987 0.0776 0.289
8746.36987 0.0358 0.283
8746.36987 -0.0162 0.166
8746.36987 -0.0220 0.085
8746.36987 0.0972 0.131
8746.36987 -0.0144 0.176
8746.36987 0.0749 0.246
8746.36987 -0.0215 0.382
8746.36987 -0.0178 0.104
8746.36987 -0.0982 0.156
8746.36987 0.0894 0.171
8746.36987 0.0157 0.165
8746.36987 0.0230 0.175
8746.36987 0.0009 0.125
8746.36987 0.0518 0.159
8746.36987 0.0189 0.376
8746.36987 0.0318 0.143
8746.36987 0.0271 0.167
8746.36987 0.0331 0.144
8746.36987 -0.0206 0.129
8746.36987 0.0753 0.494
8746.36987 -0.1059 0.199
8746.36987 -0.0129 0.227
8746.36987 0.0909 0.157
8746.36987 -0.0312 0.176
8746.36987 -0.0442 0.145
8746.36987 0.0256 0.137
8746.36987 -0.1800 0.711
8746.36987 0.0814 0.280
8746.36987 0.0526 1.395
8746.36987 0.0834 0.663
8746.36987 0.0837 0.835
8746.36987 0.0028 0.711
8746.36987 -0.0982 0.486
8746.36987 0.0500 0.662
8746.36987 0.1247 0.459
8746.36987 -0.1095 1.849
8746.36987 -0.4187 2.017
