8766.46264 -0.9391 5.401
8766.46264 -0.2615 1.901
8766.46264 -0.4545 1.835
8766.46264 -0.0617 2.850
8766.46264 -16.1037 0.286
8766.46264 -16.1863 0.498
8766.46264 -1.7821 1.900
8766.46264 -3.3929 4.316
8766.46264 0.1786 1.228
8766.46264 -0.5233 1.069
8766.46264 -15.7986 0.576
8766.46264 0.0663 0.356
8766.46264 -0.0079 0.388
8766.46264 -14.6153 0.832
8766.46264 -15.9244 0.582
8766.46264 -1.0402 4.652
8766.46264 -0.5583 2.784
8766.46264 -15.3795 0.930
8766.46264 -16.1102 0.184
8766.46264 -0.1417 1.808
8766.46264 -0.0009 0.537
8766.46264 0.0471 1.286
8766.46264 -0.5113 1.996
8766.46264 -0.9467 1.057
8766.46264 -0.0309 1.136
8766.46264 -0.0361 0.399
8766.46264 -0.8219 0.692
8766.46264 0.0436 1.425
8766.46264 0.0947 0.240
8766.46264 0.0559 0.574
8766.46264 0.0268 0.329
8766.46264 -0.2839 1.310
8766.46264 -0.1361 0.603
8766.46264 -0.0687 2.058
8766.46264 -0.0741 1.350
8766.46264 -0.0605 0.471
8766.46264 -0.0345 0.506
8766.46264 0.0269 0.233
8766.46264 0.0092 0.846
8766.46264 -0.0471 0.663
8766.46264 0.0020 0.308
8766.46264 -0.0032 0.488
8766.46264 -0.1162 0.292
8766.46264 -0.0437 0.433
8766.46264 0.0456 0.181
8766.46264 0.0543 0.153
8766.46264 -0.0033 0.173
8766.46264 -0.0224 0.299
8766.46264 -0.0066 0.194
8766.46264 -0.0463 0.233
8766.46264 0.0331 0.161
8766.46264 -0.0373 0.183
8766.46264 0.0284 0.165
8766.46264 -0.0210 0.581
8766.46264 -0.0666 0.175
8766.46264 -0.1106 0.272
8766.46264 0.0180 0.267
8766.46264 -0.0460 0.186
8766.46264 -0.0012 0.189
8766.46264 -0.0204 0.222
8766.46264 0.0235 0.177
8766.46264 0.0566 0.417
8766.46264 0.0189 0.170
8766.46264 -0.0607 0.188
8766.46264 0.0047 0.177
8766.46264 -0.0498 0.221
8766.46264 0.0431 0.668
8766.46264 -0.1123 0.636
8766.46264 0.0381 0.290
8766.46264 -0.0347 1.616
8766.46264 -0.0709 0.571
8766.46264 -0.1062 0.243
8766.46264 -0.0283 0.465
8766.46264 -0.2667 0.600
8766.46264 0.0570 0.495
8766.46264 -0.0116 0.495
8766.46264 0.1221 0.862
8766.46264 0.0803 0.653
8766.46264 0.1390 0.439
8766.46264 -0.0704 1.229
8766.46264 -0.6273 0.944
8766.46264 0.1641 0.637
8766.46264 0.1116 1.139
8766.46264 -2.1335 4.789
