148 3831.441406155487 3889.0584686761613
147 3857.511631397622 3915.4961648683534
146 3883.939023135875 3942.2961498087625
145 3910.7309688497844 3969.465920164841
144 3937.895061262046 3997.0131807681446
143 3965.439105514866 4024.9458518927545
142 3993.371126649501 4053.2720768413537
141 4021.6993774041152 4082.0002298539785
140 4050.4323463457995 4111.13892435582
139 4079.578766353636 4140.697021560991
138 4109.147623470564 4170.683639450392
137 4139.148166142958 4201.108162142749
136 4169.58991486782 4231.9802496791035
135 4200.482672268682 4263.309848242174
134 4231.836533622767 4295.107200833237
133 4263.661897862983 4327.382858430764
132 4295.969479080042 4360.147691656202
131 4328.770318551363 4393.412902974118
130 4362.0757973251975 4427.190039455325
129 4395.897649390047 4461.491006133814
128 4430.247975461362 4496.328079989594
127 4465.13925741964 4531.713924592295
126 4500.584373436014 4567.661605442012
125 4536.596613823858 4604.184606046517
124 4573.18969765746 4641.29684477641
123 4610.377790201302 4679.012692542474
122 4648.17552119656 4717.346991342398
121 4686.598004054331 4756.315073727192
120 4725.660856008581 4795.932783240878
119 4765.380219285146 4836.216495890818
118 4805.772783347165 4877.183142709709
117 4846.855808281271 4918.850233474599
116 4888.647149393453 4961.235881652784
115 4931.165283088155 5004.358830649202
114 4974.429334109418 5048.2384814352845
113 5018.459104228502 5092.8949216448045
112 5063.275102468274 5138.348956228447
111 5108.898576961442 5184.62213976541
110 5155.351548546412 5231.736810537377
109 5202.656846212513 5279.716126478227
108 5250.838144514422 5328.584103120856
107 5299.92000308451 5378.36565367191
106 5349.927908381858 5429.0866313548895
105 5400.888317826782 5480.773874172855
104 5452.828706481722 5533.455252253603
103 5505.777616451345 5587.159717952797
102 5559.764709188481 5641.917358904358
101 5614.820820907465 5697.759454222359
100 5670.978021322178 5754.718534075037
99 5728.269675943994 5812.828442869348
98 5786.730512193925 5872.12440630396
97 5846.396689604127 5932.643102569826
96 5907.305874407046 5994.422738000897
95 5969.497318835398 6057.503127502625
94 6033.011945483919 6121.925780114304
93 6097.892437113753 6187.733990091578
92 6164.183332313677 6254.972933928976
91 6231.931127468662 6323.689773779732
90 6301.184385526322 6393.93376777009
89 6371.993852095907 6465.756387750595
88 6444.412579463234 6539.211445075957
87 6518.496059158246 6614.3552250592065
86 6594.302363771574 6691.246630806569
85 6671.89229878159 6769.947337205265
84 6751.3295652263605 6850.521955910442
83 6832.680934134864 6933.0382122589945
82 6916.016433721669 7017.567135128088
81 7001.409550447672 7104.183260857518
80 7088.937445160563 7192.964852466019
79 7178.68118565089 7283.994135517093
78 7270.725997097196 7377.35755212828
77 7365.161532026191 7473.146034773305
76 7462.082161585708 7571.455301700356
75 7561.587290119451 7672.386175983596
74 7663.781695247756 7776.044930443939
73 7768.77589590027 7882.543660919318
72 7876.686551017997 7992.000690640865
71 7987.636891948403 8104.541008781773
70 8101.757191903121 8220.296746595968
69 8219.185276237837 8339.40769496021
68 8340.067077757121 8462.02186758165
67 8464.557241747836 8588.296114641915
66 8592.81978601573 8718.396792226935
65 8725.028821848411 8852.500493550404
