148 3831.4542997204207 3889.062889242495
147 3857.5242376502574 3915.501096388525
146 3883.9513636978013 3942.301558748035
145 3910.743064775791 3969.4717743587116
144 3937.9069330424313 3997.0194494132643
143 3965.4507730777755 4024.9525055375752
142 3993.3826093633947 4053.279087376385
141 4021.710694080282 4082.00757050174
140 4050.443515241011 4111.146569660412
139 4079.5898051728195 4140.704947377312
138 4109.158549369663 4170.69182293295
137 4139.158995731833 4201.116581734071
136 4169.60066421327 4231.9888850977
135 4200.493356897597 4263.318680470091
134 4231.8471685253735 4295.116212103118
133 4263.672497496233 4327.392032212448
132 4295.980057371093 4360.157012642799
131 4328.780888901264 4393.422357067507
130 4362.086372612636 4427.199613751218
129 4395.908241975281 4461.500688906091
128 4430.258597190303 4496.337860674155
127 4465.149919628101 4531.7237937701875
126 4500.595086954109 4567.671554821941
125 4536.607388980591 4604.194628446616
124 4573.2005442855025 4641.306934105319
123 4610.388717641947 4679.022843779619
122 4648.186538304895 4717.3572005174565
121 4686.609119204618 4756.3253378987365
120 4725.672077099861 4795.9431004741255
119 4765.391553747093 4836.226865234422
118 4805.784238146157 4877.193564171565
117 4846.867389926753 4918.860707996679
116 4888.658863944552 4961.246411084803
115 4931.177136160582 5004.369417721189
114 4974.441330882715 5048.249129728923
113 5018.471249453532 5092.905635563547
112 5063.287400475112 5138.359740966255
111 5108.911031667621 5184.633001274088
110 5155.364163465468 5231.747755492463
109 5202.669624463029 5279.727162243248
108 5250.8510888293995 5328.595237709994
107 5299.933115821243 5378.3768957109005
106 5349.941191532222 5429.09799004006
105 5400.901773028057 5480.7853592282445
104 5452.842335027905 5533.466873885986
103 5505.791419305034 5587.171486804525
102 5559.77868699331 5641.929286003951
101 5614.834974001195 5697.771550932574
100 5670.992349750408 5754.730812038359
99 5728.284179474582 5812.840913950763
98 5786.745190332151 5872.13708253076
97 5846.4115416086215 5932.655996068386
96 5907.320899306545 5994.435860930033
95 5969.512515446399 6057.516491983586
94 6033.027312429278 6121.939398156949
93 6097.907972842248 6187.747873516599
92 6164.199035120667 6254.98709428593
91 6231.9469955178665 6323.70422226052
90 6301.2004168728245 6393.948515117655
89 6372.010044710432 6465.771444162519
88 6444.428931257834 6539.226820102497
87 6518.5125680134 6614.370927495591
86 6594.319027564929 6691.262668578905
85 6671.909115418399 6769.96371724981
84 6751.346532671632 6850.538684045713
83 6832.698050447599 6933.055293050073
82 6916.033697091034 7017.584571742771
81 7001.42695923153 7104.201054913462
80 7088.954997926316 7192.983003868474
79 7178.698881218992 7284.012642286242
78 7270.743834587371 7377.376410215551
77 7365.179510906712 7473.165237865814
76 7462.100281725904 7571.474841012378
75 7561.605551845712 7672.406040034252
74 7663.8000994033155 7776.0651048197315
73 7768.794443909078 7882.564128020498
72 7876.705244953042 7992.021429410207
71 7987.655734604859 8104.561994414112
70 8101.776186876653 8220.317950227152
69 8219.204428008694 8339.429083333398
68 8340.086391780304 8462.043402689123
67 8464.57672455006 8588.317753340149
66 8592.839445299673 8718.418485822518
65 8725.048666605078 8852.522187354085
