2458730.377170139 36.8644234933563 19.324384662228763
2458730.3834953704 6.930799099463911 4.614317305488054
2458730.3921006946 -2.6346401162318216 3.356605469296116
2458730.3989872686 -1.21408089707802 6.680446278647672
2458730.405862269 -1.6837254585216215 5.35076934929701
2458730.412748843 1.80829120989074 3.5059938846319425
2458730.4196238425 -2.106863899282871 3.143533197537321
2458730.431070602 -6.848224729379581 2.6882245278178054
2458730.4539872687 -2.0447126898789065 3.128343191617924
2458730.4608391207 -3.215549685294718 3.936983662360002
2458730.4677256946 -6.872054675557592 3.7741189720474355
2458730.4780497686 -11.949705100549181 7.896550825202526
2458730.488373843 -3.957971062401157 3.223076424713528
2458730.495260417 -6.479947541267393 10.705744229052405
2458730.502146991 -7.0013979486220705 3.1228915485273268
2458730.5123553243 -14.302545776842635 2.399408927380993
2458745.337309028 29.45964712851128 9.899509859509083
2458745.346927084 13.416109082906587 8.039142412251131
2458745.358408565 15.764221880156583 8.33958153876259
2458745.369913195 10.972380903455814 8.100426071552073
2458745.3858159725 16.965354132797074 7.916777376511375
2458745.397320602 14.823209529118685 7.784599384067442
2458745.4088368057 15.40094225112989 7.896550825202526
2458746.469496528 -18.662017573410594 22.97107273564851
2458746.475572917 -10.85167611810175 21.903914653996875
2458746.4836053243 -10.904579939645373 21.970469581234255
2458746.49166088 -11.539927704270667 21.59897929799486
2458746.501568287 -5.14042640774278 20.038458314357346
2458746.509612269 -4.866534026271438 22.6314068560491
2458746.5176678244 -19.773445484992408 21.749180573864994
2458746.5257002315 -3.7673187277550824 21.917916187031405
