2458730.377170139 58.16414589532797 94.06480478903894
2458730.3834953704 28.032009507273386 20.69585556337307
2458730.3921006946 13.44580647945913 16.791255164519416
2458730.3989872686 9.392719750769391 12.91524051266565
2458730.405862269 9.162145960566361 13.66010386124498
2458730.412748843 12.148909754178103 16.09071937484462
2458730.4196238425 2.5499106903068487 11.350591944916353
2458730.431070602 6.3585613406011205 8.452884123185413
2458730.4539872687 5.768151844746729 10.06745995770532
2458730.4608391207 -3.445753692135666 8.610077670962092
2458730.4677256946 -9.65379123653043 7.425694411972527
2458730.4780497686 -11.949705100549181 74.21048401337912
2458730.488373843 -16.189412536285978 6.934402461640081
2458730.495260417 -8.06510299077483 7.841934550861797
2458730.502146991 -23.384899159262513 5.000593714750281
2458730.5123553243 -19.662885535091572 2.9383243524158464
2458745.337309028 -152.54725045739087 74.21048401337912
2458745.346927084 -170.10027754342516 79.97607454732949
2458745.358408565 -169.03481839650416 84.69089384343515
2458745.369913195 -176.10181065647765 81.42165713125716
2458745.3858159725 -184.49823791332162 84.56629610843791
2458745.397320602 -181.08141014996102 82.66946798849017
2458745.4088368057 -191.0846344146012 86.59143289032698
2458746.469496528 -255.50394665248282 138.88459575309278
2458746.475572917 -231.12074451345725 146.89095019775726
2458746.4836053243 -240.70964802568207 154.55453325606467
2458746.49166088 -235.95303409172277 154.96169990517012
2458746.501568287 -236.50587589277143 145.95867137652357
2458746.509612269 -226.30324181015237 133.15777648151084
2458746.5176678244 -242.6798375832842 134.5188509094543
2458746.5257002315 -219.78695223130424 129.28992976059658
