2458730.377170139 -21.29972240197167 94.06480478903894
2458730.3834953704 -21.101210407809475 20.69585556337307
2458730.3921006946 -16.08044659569095 16.791255164519416
2458730.3989872686 -10.606800647847411 12.91524051266565
2458730.405862269 -10.845871419087983 13.66010386124498
2458730.412748843 -10.340618544287363 16.09071937484462
2458730.4196238425 -4.65677458958972 11.350591944916353
2458730.431070602 -13.206786069980701 8.452884123185413
2458730.4539872687 -7.812864534625636 10.06745995770532
2458730.4608391207 0.2302040068409481 8.610077670962092
2458730.4677256946 2.781736560972838 7.425694411972527
2458730.4780497686 0.0 74.21048401337912
2458730.488373843 12.23144147388482 6.934402461640081
2458730.495260417 1.5851554495074374 7.841934550861797
2458730.502146991 16.383501210640443 5.000593714750281
2458730.5123553243 5.360339758248937 2.9383243524158464
2458745.337309028 182.00689758590215 74.21048401337912
2458745.346927084 183.51638662633175 79.97607454732949
2458745.358408565 184.79904027666075 84.69089384343515
2458745.369913195 187.07419155993347 81.42165713125716
2458745.3858159725 201.4635920461187 84.56629610843791
2458745.397320602 195.9046196790797 82.66946798849017
2458745.4088368057 206.4855766657311 86.59143289032698
2458746.469496528 236.84192907907223 138.88459575309278
2458746.475572917 220.2690683953555 146.89095019775726
2458746.4836053243 229.8050680860367 154.55453325606467
2458746.49166088 224.4131063874521 154.96169990517012
2458746.501568287 231.36544948502865 145.95867137652357
2458746.509612269 221.43670778388093 133.15777648151084
2458746.5176678244 222.9063920982918 134.5188509094543
2458746.5257002315 216.01963350354916 129.28992976059658
