8748.38722 -0.3826 2.677
8748.38722 -0.1859 1.896
8748.38722 -0.3083 1.315
8748.38722 -1.4335 0.425
8748.38722 -7.6350 0.205
8748.38722 -7.3336 0.271
8748.38722 -1.1340 0.741
8748.38722 -2.1362 0.557
8748.38722 -0.0679 2.386
8748.38722 -1.3026 0.400
8748.38722 -7.5920 0.300
8748.38722 -0.0315 0.154
8748.38722 -0.2750 0.352
8748.38722 -5.6816 0.403
8748.38722 -7.0141 0.333
8748.38722 -2.7428 0.592
8748.38722 -1.7336 1.115
8748.38722 -5.3534 0.591
8748.38722 -7.7058 0.299
8748.38722 -0.2658 2.562
8748.38722 -0.1395 1.239
8748.38722 -0.0133 2.355
8748.38722 -0.4734 1.359
8748.38722 -0.7783 0.825
8748.38722 -0.0232 0.601
8748.38722 -0.1814 0.278
8748.38722 -1.2301 0.634
8748.38722 -0.0567 0.191
8748.38722 0.0085 0.208
8748.38722 0.0099 0.220
8748.38722 -0.1164 0.170
8748.38722 -0.6641 0.398
8748.38722 -0.1788 0.372
8748.38722 -0.0754 1.907
8748.38722 -0.1232 0.833
8748.38722 -0.2387 0.311
8748.38722 -0.0682 0.365
8748.38722 -0.0398 0.557
8748.38722 0.0189 0.695
8748.38722 -0.1080 1.106
8748.38722 -0.0668 0.456
8748.38722 -0.0108 0.640
8748.38722 -0.1413 0.478
8748.38722 -0.1511 0.573
8748.38722 0.0210 0.158
8748.38722 0.0393 0.138
8748.38722 -0.0299 0.185
8748.38722 -0.0587 0.135
8748.38722 -0.0808 0.274
8748.38722 -0.0259 0.136
8748.38722 0.0739 0.124
8748.38722 0.0285 0.200
8748.38722 -0.0162 0.157
8748.38722 -0.0412 0.375
8748.38722 -0.0518 0.152
8748.38722 -0.1286 0.156
8748.38722 0.0106 0.186
8748.38722 -0.0179 0.233
8748.38722 0.0921 0.121
8748.38722 -0.0776 0.143
8748.38722 0.0127 0.157
8748.38722 -0.0255 0.225
8748.38722 -0.0089 0.193
8748.38722 -0.0493 0.158
8748.38722 0.0217 0.216
8748.38722 -0.0348 0.375
8748.38722 0.0729 0.630
8748.38722 -0.1418 0.252
8748.38722 -0.0434 0.249
8748.38722 0.0483 0.187
8748.38722 -0.0228 0.443
8748.38722 0.0490 0.198
8748.38722 -0.0052 0.199
8748.38722 -0.2104 0.458
8748.38722 0.1095 0.398
8748.38722 0.0436 0.615
8748.38722 0.0849 1.460
8748.38722 0.0569 0.550
8748.38722 -0.0167 0.921
8748.38722 -0.0680 1.275
8748.38722 0.0576 1.070
8748.38722 0.2182 0.927
8748.38722 -0.3034 2.260
8748.38722 -0.4041 2.468
