8741.50492 -0.3143 2.187
8741.50492 -0.1310 1.181
8741.50492 -0.2374 1.337
8741.50492 -1.3933 0.552
8741.50492 -4.6957 0.127
8741.50492 -4.6068 0.187
8741.50492 -1.0289 0.523
8741.50492 -1.7813 0.363
8741.50492 -0.0941 0.797
8741.50492 -1.0387 0.255
8741.50492 -4.7004 0.174
8741.50492 -0.0950 0.187
8741.50492 -0.2790 0.252
8741.50492 -3.7464 0.320
8741.50492 -4.5336 0.203
8741.50492 -2.2418 0.588
8741.50492 -1.9685 0.528
8741.50492 -3.6616 0.510
8741.50492 -4.7730 0.231
8741.50492 -0.3583 1.345
8741.50492 -0.1399 0.817
8741.50492 -0.0366 1.383
8741.50492 -0.4182 1.041
8741.50492 -0.6837 0.832
8741.50492 -0.0515 1.047
8741.50492 -0.1416 0.338
8741.50492 -1.0498 0.402
8741.50492 -0.0936 0.808
8741.50492 -0.0135 0.477
8741.50492 -0.0838 0.477
8741.50492 -0.1650 0.126
8741.50492 -0.8624 0.369
8741.50492 -0.4010 0.445
8741.50492 -0.1736 0.452
8741.50492 -0.0529 0.236
8741.50492 -0.1561 0.148
8741.50492 -0.0242 0.216
8741.50492 -0.1430 0.245
8741.50492 -0.0315 0.267
8741.50492 -0.1161 0.143
8741.50492 -0.1505 0.165
8741.50492 -0.1223 0.128
8741.50492 -0.1064 0.135
8741.50492 -0.0542 0.295
8741.50492 -0.1021 0.162
8741.50492 -0.0668 0.146
8741.50492 -0.1497 0.174
8741.50492 -0.0582 0.111
8741.50492 -0.0805 0.237
8741.50492 -0.0267 0.119
8741.50492 -0.0711 0.179
8741.50492 -0.1007 0.200
8741.50492 -0.1140 0.138
8741.50492 -0.0986 0.202
8741.50492 -0.0724 0.246
8741.50492 -0.0941 0.128
8741.50492 -0.0921 0.327
8741.50492 -0.0716 0.136
8741.50492 -0.0674 0.389
8741.50492 -0.0656 0.152
8741.50492 -0.0483 0.263
8741.50492 -0.1071 0.253
8741.50492 -0.0108 0.136
8741.50492 -0.0653 0.116
8741.50492 -0.0192 0.124
8741.50492 -0.1119 0.128
8741.50492 -0.0649 0.581
8741.50492 -0.1741 0.173
8741.50492 0.0465 0.572
8741.50492 -0.0574 0.148
8741.50492 -0.0536 0.139
8741.50492 -0.0552 0.124
8741.50492 -0.1246 0.125
8741.50492 -0.1715 1.393
8741.50492 0.0728 0.333
8741.50492 -0.0650 0.347
8741.50492 -0.0124 1.502
8741.50492 0.0845 0.912
8741.50492 -0.0728 1.057
8741.50492 0.0079 1.141
8741.50492 0.0877 1.615
8741.50492 0.1288 0.708
8741.50492 -0.2263 2.423
8741.50492 -0.9204 2.208
