8748.37803 -0.2546 2.400
8748.37803 -0.1007 1.220
8748.37803 -0.2635 1.168
8748.37803 -1.4578 0.525
8748.37803 -7.6251 0.170
8748.37803 -7.3335 0.350
8748.37803 -1.1204 0.872
8748.37803 -2.1312 0.454
8748.37803 -0.0825 0.755
8748.37803 -1.3044 0.419
8748.37803 -7.5684 0.178
8748.37803 -0.0210 0.215
8748.37803 -0.2966 0.227
8748.37803 -6.1171 0.412
8748.37803 -7.0036 0.335
8748.37803 -2.7314 0.488
8748.37803 -1.7412 0.613
8748.37803 -5.3619 0.434
8748.37803 -7.6831 0.134
8748.37803 -0.2591 2.125
8748.37803 -0.1700 0.358
8748.37803 -0.0059 1.119
8748.37803 -0.4536 0.631
8748.37803 -0.7409 0.467
8748.37803 -0.0224 0.291
8748.37803 -0.1744 0.274
8748.37803 -1.2511 0.634
8748.37803 -0.0414 0.286
8748.37803 0.0356 0.174
8748.37803 0.0057 0.178
8748.37803 -0.0852 0.163
8748.37803 -0.6834 0.326
8748.37803 -0.2051 0.346
8748.37803 -0.0384 0.290
8748.37803 -0.1285 0.273
8748.37803 -0.2240 0.480
8748.37803 -0.0490 0.259
8748.37803 -0.0449 0.660
8748.37803 0.0389 0.151
8748.37803 -0.0943 1.193
8748.37803 -0.0748 0.412
8748.37803 0.0147 0.148
8748.37803 -0.1488 0.324
8748.37803 -0.1598 0.445
8748.37803 0.0137 0.151
8748.37803 0.0450 0.151
8748.37803 -0.0108 0.251
8748.37803 -0.0607 0.140
8748.37803 -0.0770 0.313
8748.37803 -0.0186 0.138
8748.37803 0.0740 0.224
8748.37803 0.0258 0.265
8748.37803 0.0077 0.170
8748.37803 -0.0635 0.426
8748.37803 -0.0537 0.250
8748.37803 -0.1024 0.174
8748.37803 0.0119 0.402
8748.37803 -0.0381 0.182
8748.37803 0.0834 0.376
8748.37803 -0.0432 0.138
8748.37803 0.0344 0.324
8748.37803 -0.0269 0.183
8748.37803 -0.0298 0.158
8748.37803 -0.0258 0.151
8748.37803 0.0281 0.146
8748.37803 -0.0118 0.215
8748.37803 0.0556 0.484
8748.37803 -0.1234 0.222
8748.37803 -0.0186 0.167
8748.37803 0.0652 0.222
8748.37803 -0.0475 0.237
8748.37803 0.0433 0.165
8748.37803 0.0071 0.194
8748.37803 -0.2420 1.050
8748.37803 0.1213 0.310
8748.37803 0.0549 0.632
8748.37803 0.0661 1.402
8748.37803 0.0998 0.703
8748.37803 -0.0480 0.477
8748.37803 0.0366 1.395
8748.37803 0.1967 0.897
8748.37803 0.3335 1.066
8748.37803 -0.1412 3.970
8748.37803 -0.3566 3.383
