8794.49706 -0.9903 9.208
8794.49706 0.1351 1.219
8794.49706 -0.1559 0.451
8794.49706 0.0320 1.038
8794.49706 -26.9046 0.296
8794.49706 -27.1593 0.520
8794.49706 -0.7182 1.435
8794.49706 -0.7955 1.319
8794.49706 -0.1796 0.428
8794.49706 0.7686 0.760
8794.49706 -26.6605 1.968
8794.49706 0.0022 0.154
8794.49706 -0.3507 0.231
8794.49706 -26.3586 0.806
8794.49706 -27.0988 0.555
8794.49706 -1.4787 1.674
8794.49706 -0.2426 1.323
8794.49706 -27.0002 0.791
8794.49706 -26.9861 0.221
8794.49706 0.0040 0.981
8794.49706 -0.2245 0.707
8794.49706 -0.0533 2.022
8794.49706 0.2518 0.953
8794.49706 -0.1959 0.517
8794.49706 -0.0662 0.863
8794.49706 -0.1643 0.902
8794.49706 0.0303 0.930
8794.49706 0.1666 0.525
8794.49706 0.2730 0.160
8794.49706 0.2556 0.494
8794.49706 0.0150 0.143
8794.49706 0.0662 0.497
8794.49706 0.3191 0.515
8794.49706 0.2714 1.729
8794.49706 0.1192 1.381
8794.49706 -0.1766 0.506
8794.49706 0.1490 0.517
8794.49706 -0.0273 0.647
8794.49706 0.1289 0.680
8794.49706 0.1300 1.325
8794.49706 0.0219 0.819
8794.49706 0.1779 0.768
8794.49706 0.0482 0.801
8794.49706 -0.1220 0.634
8794.49706 0.1567 0.346
8794.49706 0.1782 0.136
8794.49706 0.0963 0.152
8794.49706 0.1070 0.134
8794.49706 0.0995 0.393
8794.49706 0.0582 0.136
8794.49706 0.2575 0.384
8794.49706 0.1164 0.160
8794.49706 0.0986 0.412
8794.49706 0.1144 0.485
8794.49706 0.0790 0.348
8794.49706 0.0720 0.132
8794.49706 0.1961 0.414
8794.49706 0.1390 0.237
8794.49706 0.2040 0.368
8794.49706 0.1089 0.238
8794.49706 0.2290 0.354
8794.49706 0.2738 0.146
8794.49706 0.0817 0.153
8794.49706 0.1214 0.140
8794.49706 0.2767 0.286
8794.49706 0.2231 0.230
8794.49706 0.2899 0.349
8794.49706 -0.1408 0.697
8794.49706 0.1348 0.554
8794.49706 0.3707 0.693
8794.49706 0.2655 0.498
8794.49706 0.0956 0.307
8794.49706 0.2500 0.276
8794.49706 0.0741 0.948
8794.49706 0.4245 0.467
8794.49706 0.1837 0.392
8794.49706 0.3057 1.507
8794.49706 0.1764 0.385
8794.49706 0.1132 1.331
8794.49706 0.1525 2.318
8794.49706 0.9356 1.998
8794.49706 0.2922 3.028
8794.49706 -0.3628 3.352
8794.49706 -814.7383 3.738
