8747.53542 -0.2087 2.813
8747.53542 -0.0440 0.468
8747.53542 -0.0267 0.971
8747.53542 -0.6997 0.590
8747.53542 -7.4489 0.387
8747.53542 -6.8468 0.701
8747.53542 -0.4380 3.897
8747.53542 -1.3013 2.027
8747.53542 0.0360 2.723
8747.53542 -1.2591 0.400
8747.53542 -7.4314 0.381
8747.53542 -0.0121 0.226
8747.53542 -0.1344 0.191
8747.53542 -4.7271 0.671
8747.53542 -6.3654 0.514
8747.53542 -1.9973 0.913
8747.53542 -0.9233 0.863
8747.53542 -3.9797 0.788
8747.53542 -7.5204 0.173
8747.53542 -0.1210 1.829
8747.53542 -0.0238 0.762
8747.53542 0.1282 1.578
8747.53542 -0.2861 1.515
8747.53542 -0.4205 0.955
8747.53542 -0.6078 0.384
8747.53542 -0.0668 0.315
8747.53542 -1.3406 0.538
8747.53542 0.0787 0.159
8747.53542 -0.5600 0.245
8747.53542 0.0950 0.295
8747.53542 -0.0024 0.219
8747.53542 -0.9677 0.343
8747.53542 -0.0708 0.501
8747.53542 0.0679 1.502
8747.53542 0.0961 0.316
8747.53542 0.0233 0.325
8747.53542 0.1163 0.464
8747.53542 -0.0809 0.647
8747.53542 0.0912 0.750
8747.53542 0.0964 1.343
8747.53542 -0.0687 0.516
8747.53542 0.0039 0.661
8747.53542 0.0384 0.618
8747.53542 0.0656 0.419
8747.53542 0.1044 0.172
8747.53542 0.0600 0.166
8747.53542 0.0921 0.401
8747.53542 0.1230 0.139
8747.53542 0.0185 0.232
8747.53542 0.0996 0.131
8747.53542 0.1395 0.142
8747.53542 0.1653 0.176
8747.53542 0.0726 0.153
8747.53542 0.0183 0.350
8747.53542 0.1392 0.149
8747.53542 0.0279 0.159
8747.53542 0.0956 0.305
8747.53542 0.1948 0.143
8747.53542 0.1263 0.220
8747.53542 0.0361 0.161
8747.53542 0.1097 0.237
8747.53542 0.1240 0.152
8747.53542 0.0778 0.159
8747.53542 0.1568 0.154
8747.53542 0.1043 0.165
8747.53542 0.1263 0.234
8747.53542 0.2676 0.518
8747.53542 0.0360 0.190
8747.53542 0.1335 0.183
8747.53542 0.2188 0.173
8747.53542 0.0766 0.190
8747.53542 -0.5442 0.204
8747.53542 0.2101 0.151
8747.53542 -0.0532 0.554
8747.53542 0.2409 0.342
8747.53542 0.1002 0.721
8747.53542 0.1972 1.190
8747.53542 0.2158 0.371
8747.53542 0.1172 0.382
8747.53542 0.0542 1.080
8747.53542 0.2392 0.839
8747.53542 0.2016 1.320
8747.53542 0.0697 2.566
8747.53542 -0.0525 2.205
