8741.46903 -0.3647 2.437
8741.46903 -0.2012 1.162
8741.46903 -0.3254 0.623
8741.46903 -1.3076 0.516
8741.46903 -4.6122 0.123
8741.46903 -4.5000 0.169
8741.46903 -1.0322 0.672
8741.46903 -1.7122 0.334
8741.46903 -0.0834 0.565
8741.46903 -1.0113 0.247
8741.46903 -4.6170 0.096
8741.46903 -0.0752 0.151
8741.46903 -0.2664 0.132
8741.46903 -3.6726 0.298
8741.46903 -4.4374 0.249
8741.46903 -2.1691 0.311
8741.46903 -1.8304 0.608
8741.46903 -3.4944 0.262
8741.46903 -4.6921 0.126
8741.46903 -0.2092 0.625
8741.46903 -0.0587 0.591
8741.46903 0.0223 1.950
8741.46903 -0.3815 0.855
8741.46903 -0.5976 0.356
8741.46903 -0.0359 0.784
8741.46903 -0.1002 0.689
8741.46903 -1.0075 0.378
8741.46903 -0.0547 0.327
8741.46903 -0.0044 0.158
8741.46903 -0.0461 0.355
8741.46903 -0.1188 0.135
8741.46903 -0.7765 0.488
8741.46903 -0.3575 0.351
8741.46903 -0.1171 1.743
8741.46903 -0.0237 0.436
8741.46903 -0.1370 0.329
8741.46903 -0.0185 0.357
8741.46903 -0.1429 0.605
8741.46903 -0.0456 0.667
8741.46903 -0.1226 1.286
8741.46903 -0.1472 0.284
8741.46903 -0.1119 0.532
8741.46903 -0.0889 0.473
8741.46903 -0.0557 0.365
8741.46903 -0.0960 0.115
8741.46903 -0.0552 0.120
8741.46903 -0.1376 0.213
8741.46903 -0.0635 0.094
8741.46903 -0.0855 0.292
8741.46903 -0.0156 0.105
8741.46903 -0.0685 0.104
8741.46903 -0.0889 0.227
8741.46903 -0.1085 0.107
8741.46903 -0.0787 0.211
8741.46903 -0.0534 0.121
8741.46903 -0.0718 0.093
8741.46903 -0.0866 0.187
8741.46903 -0.0461 0.174
8741.46903 -0.0573 0.251
8741.46903 -0.0561 0.134
8741.46903 -0.0309 0.174
8741.46903 -0.0873 0.282
8741.46903 -0.0193 0.112
8741.46903 -0.0334 0.101
8741.46903 -0.0215 0.103
8741.46903 -0.0660 0.132
8741.46903 -0.0619 0.468
8741.46903 -0.1950 0.165
8741.46903 -0.0181 0.379
8741.46903 -0.0831 0.433
8741.46903 -0.0391 0.120
8741.46903 -0.0398 0.186
8741.46903 -0.1264 0.245
8741.46903 -0.1742 1.459
8741.46903 0.0031 0.330
8741.46903 -0.0650 0.492
8741.46903 -0.1920 1.495
8741.46903 0.0135 0.166
8741.46903 -0.0873 0.553
8741.46903 -0.0600 1.005
8741.46903 -0.1206 0.718
8741.46903 0.4654 0.569
8741.46903 -0.0434 2.565
8741.46903 -0.3670 2.000
