8747.47632 -0.3059 2.725
8747.47632 0.0510 0.560
8747.47632 -0.0559 0.570
8747.47632 -0.5796 0.878
8747.47632 -7.2475 0.365
8747.47632 -6.6464 0.896
8747.47632 -0.5527 0.460
8747.47632 -1.2021 0.483
8747.47632 0.0682 0.949
8747.47632 -1.1794 0.381
8747.47632 -7.2811 0.146
8747.47632 -0.0008 0.229
8747.47632 -0.1179 0.217
8747.47632 -4.4112 0.720
8747.47632 -6.0514 0.491
8747.47632 -1.7967 0.786
8747.47632 -0.6378 0.635
8747.47632 -3.5783 0.772
8747.47632 -7.3713 0.151
8747.47632 -0.0525 0.868
8747.47632 0.0287 0.608
8747.47632 0.1171 1.025
8747.47632 -0.1614 1.113
8747.47632 -0.3106 0.428
8747.47632 -0.6446 0.818
8747.47632 -0.0919 0.782
8747.47632 -1.2306 0.480
8747.47632 0.1029 0.660
8747.47632 -0.5731 0.179
8747.47632 0.1164 0.303
8747.47632 0.0200 0.178
8747.47632 -0.8482 0.526
8747.47632 0.0035 0.405
8747.47632 0.0841 1.944
8747.47632 0.1474 0.977
8747.47632 0.0554 0.309
8747.47632 0.1549 0.398
8747.47632 -0.0323 0.609
8747.47632 0.0973 0.623
8747.47632 0.1117 1.300
8747.47632 -0.0304 0.411
8747.47632 0.0331 0.608
8747.47632 0.0358 0.345
8747.47632 0.0585 0.347
8747.47632 0.1296 0.179
8747.47632 0.0442 0.200
8747.47632 0.0699 0.194
8747.47632 0.1413 0.150
8747.47632 -0.0023 0.195
8747.47632 0.1039 0.159
8747.47632 0.1525 0.206
8747.47632 0.1904 0.200
8747.47632 0.0777 0.192
8747.47632 0.0640 0.426
8747.47632 0.1588 0.189
8747.47632 0.0143 0.168
8747.47632 0.0950 0.398
8747.47632 0.1914 0.225
8747.47632 0.1703 0.334
8747.47632 0.0399 0.169
8747.47632 0.1276 0.189
8747.47632 0.1658 0.179
8747.47632 0.0831 0.240
8747.47632 0.1837 0.156
8747.47632 0.1252 0.190
8747.47632 0.1384 0.327
8747.47632 0.0926 0.305
8747.47632 0.0975 0.233
8747.47632 0.1316 0.266
8747.47632 0.2479 0.609
8747.47632 0.0902 0.206
8747.47632 -0.5989 0.271
8747.47632 0.2572 0.157
8747.47632 -0.0648 1.714
8747.47632 0.3564 1.155
8747.47632 0.0656 0.598
8747.47632 0.2106 1.647
8747.47632 0.2455 0.621
8747.47632 0.0907 0.626
8747.47632 0.0958 1.128
8747.47632 0.2215 1.361
8747.47632 0.2458 0.933
8747.47632 -0.0475 2.452
8747.47632 0.2983 2.387
