8746.35839 -0.5123 3.713
8746.35839 -0.1535 1.434
8746.35839 -0.2409 0.529
8746.35839 -1.0023 0.642
8746.35839 -6.6377 0.203
8746.35839 -6.3017 0.424
8746.35839 -0.8537 0.445
8746.35839 -1.6786 0.455
8746.35839 -0.0436 0.244
8746.35839 -1.2123 0.353
8746.35839 -6.6149 0.264
8746.35839 -0.0431 0.150
8746.35839 -0.2053 0.142
8746.35839 -4.7796 0.356
8746.35839 -5.9589 0.352
8746.35839 -2.3164 0.521
8746.35839 -1.3145 0.556
8746.35839 -4.2682 0.374
8746.35839 -6.6983 0.144
8746.35839 -0.0971 1.439
8746.35839 -0.0506 0.591
8746.35839 0.0618 1.321
8746.35839 -0.3504 0.955
8746.35839 -0.5311 0.415
8746.35839 -0.0895 0.773
8746.35839 -0.1354 0.729
8746.35839 -1.2715 0.513
8746.35839 0.0300 0.849
8746.35839 -0.0294 0.251
8746.35839 0.0357 0.323
8746.35839 -0.0674 0.134
8746.35839 -0.4664 0.519
8746.35839 -0.1712 0.333
8746.35839 0.0084 1.878
8746.35839 -0.0712 0.712
8746.35839 -0.7067 0.334
8746.35839 -0.0220 0.426
8746.35839 -0.0067 0.611
8746.35839 -0.6201 0.769
8746.35839 0.0099 1.281
8746.35839 -0.0653 0.431
8746.35839 0.0619 0.573
8746.35839 0.0699 0.298
8746.35839 -0.6868 0.424
8746.35839 0.0423 0.149
8746.35839 0.0337 0.127
8746.35839 0.0822 0.333
8746.35839 0.0488 0.106
8746.35839 0.0065 0.197
8746.35839 -0.0034 0.102
8746.35839 0.1515 0.136
8746.35839 0.0166 0.158
8746.35839 0.0998 0.151
8746.35839 -0.0121 0.621
8746.35839 0.0195 0.212
8746.35839 -0.0503 0.092
8746.35839 0.1272 0.222
8746.35839 0.0610 0.125
8746.35839 0.0913 0.238
8746.35839 0.0433 0.144
8746.35839 0.0944 0.142
8746.35839 0.0811 0.176
8746.35839 0.0667 0.120
8746.35839 0.0926 0.144
8746.35839 0.1221 0.125
8746.35839 0.0636 0.202
8746.35839 0.1690 0.213
8746.35839 -0.0240 0.186
8746.35839 0.0570 0.650
8746.35839 0.1642 0.180
8746.35839 0.0793 0.132
8746.35839 0.0373 0.242
8746.35839 0.1316 0.225
8746.35839 -0.0883 0.486
8746.35839 0.2471 0.253
8746.35839 0.1258 0.306
8746.35839 0.2663 0.806
8746.35839 0.1991 0.446
8746.35839 0.0735 0.444
8746.35839 0.0056 1.076
8746.35839 -0.0986 1.199
8746.35839 0.1632 0.575
8746.35839 0.0940 2.615
8746.35839 -0.1738 2.014
