8743.55925 -0.5453 3.743
8743.55925 -0.1723 1.625
8743.55925 -0.4022 1.181
8743.55925 -1.6099 0.550
8743.55925 -5.7761 0.140
8743.55925 -5.6502 0.193
8743.55925 -1.1845 0.947
8743.55925 -1.9953 0.430
8743.55925 -0.1192 0.203
8743.55925 -1.6763 0.290
8743.55925 -5.7377 0.178
8743.55925 -0.0869 0.209
8743.55925 -0.1573 0.203
8743.55925 -4.5284 0.332
8743.55925 -5.3152 0.249
8743.55925 -2.4909 0.624
8743.55925 -2.0865 0.946
8743.55925 -4.2363 0.470
8743.55925 -5.7848 0.156
8743.55925 -0.2804 1.686
8743.55925 0.0236 0.816
8743.55925 0.0534 1.537
8743.55925 -0.4797 0.901
8743.55925 -0.7214 0.702
8743.55925 -0.0714 0.299
8743.55925 -0.0789 0.299
8743.55925 -1.1922 0.659
8743.55925 -0.0272 0.184
8743.55925 -0.0180 0.235
8743.55925 0.0157 0.321
8743.55925 -0.1707 0.212
8743.55925 -0.8352 0.413
8743.55925 -0.3498 0.391
8743.55925 0.0283 0.855
8743.55925 -0.0440 0.460
8743.55925 -0.2403 0.328
8743.55925 0.0526 0.191
8743.55925 -0.0735 0.559
8743.55925 -0.0365 0.113
8743.55925 -0.0469 0.930
8743.55925 -0.1074 0.396
8743.55925 -0.0399 0.121
8743.55925 -0.1651 0.149
8743.55925 -0.0681 0.306
8743.55925 -0.0279 0.122
8743.55925 -0.0061 0.139
8743.55925 -0.0592 0.326
8743.55925 -0.1240 0.126
8743.55925 -0.0432 0.178
8743.55925 0.0056 0.095
8743.55925 -0.0037 0.103
8743.55925 -0.0596 0.129
8743.55925 -0.0596 0.154
8743.55925 0.0035 0.296
8743.55925 0.0033 0.207
8743.55925 -0.0309 0.162
8743.55925 -0.0560 0.407
8743.55925 -0.0320 0.146
8743.55925 0.0290 0.206
8743.55925 -0.0862 0.125
8743.55925 -0.0134 0.278
8743.55925 0.0108 0.208
8743.55925 -0.0480 0.168
8743.55925 -0.0065 0.112
8743.55925 -0.0485 0.213
8743.55925 -0.0955 0.219
8743.55925 0.0294 0.618
8743.55925 -0.1171 0.499
8743.55925 -0.0937 0.156
8743.55925 -0.0162 0.137
8743.55925 -0.0106 0.182
8743.55925 -0.0070 0.153
8743.55925 -0.0579 0.227
8743.55925 -0.1501 0.788
8743.55925 0.1213 0.448
8743.55925 0.0153 0.620
8743.55925 0.0779 2.003
8743.55925 0.1640 0.533
8743.55925 -0.0507 0.928
8743.55925 -0.1695 1.154
8743.55925 -0.0199 1.205
8743.55925 0.2543 1.244
8743.55925 -0.1064 1.808
8743.55925 -0.0563 1.747
