8749.28750 -0.7643 5.347
8749.28750 -0.1635 1.436
8749.28750 -0.1957 0.625
8749.28750 -1.5480 0.820
8749.28750 -7.8934 0.173
8749.28750 -7.6354 0.325
8749.28750 -1.0871 0.882
8749.28750 -2.2379 0.451
8749.28750 0.0382 0.808
8749.28750 -1.5668 0.420
8749.28750 -7.7953 1.447
8749.28750 -0.0650 0.124
8749.28750 -0.2960 0.220
8749.28750 -6.4975 0.412
8749.28750 -7.3080 0.349
8749.28750 -3.0525 0.490
8749.28750 -1.8994 0.660
8749.28750 -5.5959 0.422
8749.28750 -7.9286 0.159
8749.28750 -0.1950 0.536
8749.28750 -0.1148 0.871
8749.28750 0.0142 1.884
8749.28750 -0.4815 1.088
8749.28750 -0.7602 0.432
8749.28750 -0.0548 0.737
8749.28750 -0.2196 0.721
8749.28750 -1.6216 0.448
8749.28750 0.0193 0.918
8749.28750 -0.0952 0.148
8749.28750 0.0413 0.391
8749.28750 -0.1360 0.168
8749.28750 -0.6690 0.384
8749.28750 -0.2262 0.389
8749.28750 -0.0718 1.810
8749.28750 -0.1319 0.439
8749.28750 -0.2427 0.448
8749.28750 -0.0911 0.418
8749.28750 -0.0847 0.591
8749.28750 -0.0031 0.661
8749.28750 -0.1316 1.278
8749.28750 -0.0862 0.444
8749.28750 -0.0190 0.588
8749.28750 -0.1615 0.196
8749.28750 -0.1626 0.432
8749.28750 0.0098 0.107
8749.28750 0.0281 0.125
8749.28750 -0.0547 0.264
8749.28750 -0.0842 0.098
8749.28750 -0.0131 0.384
8749.28750 -0.0330 0.089
8749.28750 0.0487 0.081
8749.28750 -0.0142 0.152
8749.28750 -0.0232 0.143
8749.28750 0.0315 0.227
8749.28750 -0.0673 0.310
8749.28750 -0.0067 0.173
8749.28750 -0.0183 0.468
8749.28750 -0.0451 0.179
8749.28750 0.0436 0.299
8749.28750 0.0090 0.161
8749.28750 0.0645 0.099
8749.28750 -0.0327 0.207
8749.28750 0.0428 0.135
8749.28750 -0.0497 0.099
8749.28750 0.0126 0.261
8749.28750 -0.0295 0.387
8749.28750 0.0547 0.442
8749.28750 -0.1299 0.183
8749.28750 0.0125 0.342
8749.28750 0.0028 0.201
8749.28750 0.0460 0.346
8749.28750 0.0678 0.117
8749.28750 -0.0082 0.106
8749.28750 -0.2259 0.661
8749.28750 0.1289 0.226
8749.28750 0.0245 0.227
8749.28750 0.0554 0.878
8749.28750 0.1182 0.390
8749.28750 0.3406 0.606
8749.28750 -0.5491 1.163
8749.28750 0.1827 1.174
8749.28750 -0.1326 3.087
8749.28750 -0.0378 3.183
8749.28750 -0.2006 4.195
