8732.55156 -0.3146 1.038
8732.55156 -0.1727 1.352
8732.55156 -0.2097 0.561
8732.55156 -0.2345 0.313
8732.55156 -0.8058 0.108
8732.55156 -0.8379 0.058
8732.55156 -0.1886 0.693
8732.55156 -0.3703 0.305
8732.55156 0.1076 0.487
8732.55156 -0.1770 0.130
8732.55156 -0.8461 0.052
8732.55156 -0.0389 0.167
8732.55156 -0.0694 0.160
8732.55156 -0.6014 0.096
8732.55156 -0.8342 0.141
8732.55156 -0.3878 0.187
8732.55156 -0.3285 0.342
8732.55156 -0.5722 0.127
8732.55156 -0.8163 0.075
8732.55156 -0.1621 0.966
8732.55156 -0.0748 0.778
8732.55156 0.0307 1.405
8732.55156 -0.1276 0.892
8732.55156 -0.1724 0.346
8732.55156 -0.0774 0.727
8732.55156 -0.1132 0.790
8732.55156 -0.2321 0.201
8732.55156 -0.0461 0.878
8732.55156 -0.0977 0.180
8732.55156 -0.0107 0.271
8732.55156 -0.1285 0.181
8732.55156 -0.1650 0.210
8732.55156 -0.1261 0.359
8732.55156 -0.0586 1.366
8732.55156 -0.1266 0.797
8732.55156 -0.1598 0.432
8732.55156 -0.0867 0.313
8732.55156 -0.0677 0.645
8732.55156 -0.0895 0.697
8732.55156 -0.0559 0.921
8732.55156 -0.0487 0.244
8732.55156 -0.0375 0.513
8732.55156 -0.1534 0.413
8732.55156 -0.1042 0.432
8732.55156 -0.0124 0.205
8732.55156 -0.0505 0.193
8732.55156 -0.0482 0.225
8732.55156 -0.0097 0.221
8732.55156 -0.0447 0.181
8732.55156 -0.0912 0.134
8732.55156 -0.0828 0.149
8732.55156 -0.0438 0.154
8732.55156 -0.0869 0.153
8732.55156 -0.0930 0.819
8732.55156 -0.0125 0.155
8732.55156 -0.0631 0.148
8732.55156 -0.0456 0.415
8732.55156 -0.0540 0.165
8732.55156 -0.0230 0.284
8732.55156 -0.0404 0.166
8732.55156 -0.0322 0.179
8732.55156 -0.0198 0.261
8732.55156 0.0051 0.167
8732.55156 -0.0576 0.147
8732.55156 -0.0806 0.153
8732.55156 -0.1177 0.217
8732.55156 -0.0421 0.326
8732.55156 -0.1111 0.183
8732.55156 -0.1104 0.281
8732.55156 -0.0563 0.249
8732.55156 -0.0222 0.170
8732.55156 -0.0402 0.165
8732.55156 -0.1081 0.157
8732.55156 -0.1597 0.575
8732.55156 0.0496 0.448
8732.55156 -0.0283 0.604
8732.55156 0.0941 1.524
8732.55156 0.0281 0.243
8732.55156 0.0302 0.609
8732.55156 -0.0779 0.446
8732.55156 -0.0848 1.218
8732.55156 0.1238 0.691
8732.55156 -0.2238 2.463
8732.55156 -0.3672 2.015
