8748.39697 -0.3028 2.271
8748.39697 -0.0874 1.194
8748.39697 -0.2022 1.528
8748.39697 -1.3996 0.766
8748.39697 -7.6510 0.178
8748.39697 -7.3534 0.269
8748.39697 -1.0672 1.260
8748.39697 -2.0738 0.742
8748.39697 -0.0394 1.363
8748.39697 -1.2900 0.861
8748.39697 -7.6140 0.294
8748.39697 -0.0437 0.228
8748.39697 -0.2760 0.325
8748.39697 -5.6481 0.424
8748.39697 -7.0178 0.344
8748.39697 -2.7367 0.499
8748.39697 -1.6970 0.697
8748.39697 -5.3029 0.553
8748.39697 -7.7256 0.275
8748.39697 -0.2898 1.644
8748.39697 -0.1570 0.936
8748.39697 0.0522 2.088
8748.39697 -0.4669 1.047
8748.39697 -0.7525 0.871
8748.39697 -0.0221 0.601
8748.39697 -0.1744 0.269
8748.39697 -1.2247 0.595
8748.39697 -0.0493 0.252
8748.39697 0.0224 0.174
8748.39697 -0.0086 0.187
8748.39697 -0.1007 0.233
8748.39697 -0.6779 0.475
8748.39697 -0.1916 0.413
8748.39697 -0.0588 1.094
8748.39697 -0.1112 0.358
8748.39697 -0.2278 0.408
8748.39697 -0.0645 0.464
8748.39697 -0.0475 0.656
8748.39697 0.0066 0.772
8748.39697 -0.1013 1.352
8748.39697 -0.0747 0.478
8748.39697 0.0049 0.662
8748.39697 -0.1392 0.517
8748.39697 -0.1729 0.524
8748.39697 0.0232 0.146
8748.39697 0.0438 0.141
8748.39697 -0.0056 0.316
8748.39697 -0.0430 0.133
8748.39697 -0.0656 0.338
8748.39697 -0.0161 0.133
8748.39697 0.0596 0.123
8748.39697 0.0294 0.240
8748.39697 -0.0084 0.166
8748.39697 -0.0646 0.314
8748.39697 -0.0465 0.166
8748.39697 -0.1168 0.140
8748.39697 0.0118 0.229
8748.39697 -0.0312 0.286
8748.39697 0.0749 0.130
8748.39697 -0.0314 0.199
8748.39697 0.0314 0.161
8748.39697 -0.0240 0.196
8748.39697 -0.0153 0.221
8748.39697 -0.0506 0.153
8748.39697 0.0159 0.171
8748.39697 -0.0571 0.399
8748.39697 0.0851 0.503
8748.39697 -0.1476 0.509
8748.39697 -0.0262 0.268
8748.39697 0.0848 0.154
8748.39697 -0.0156 0.212
8748.39697 0.0346 0.170
8748.39697 -0.0036 0.176
8748.39697 -0.2214 0.464
8748.39697 0.1071 0.200
8748.39697 0.0485 0.335
8748.39697 0.0569 1.583
8748.39697 0.1437 0.516
8748.39697 -0.0355 0.227
8748.39697 -0.0074 0.993
8748.39697 -0.0413 0.632
8748.39697 0.0829 0.425
8748.39697 -0.8558 3.084
8748.39697 -0.4395 2.210
