8799.47403 -1.1854 10.473
8799.47403 0.1776 1.627
8799.47403 0.1144 1.306
8799.47403 0.3560 0.993
8799.47403 -28.1771 0.470
8799.47403 -28.2515 0.839
8799.47403 -0.1579 1.233
8799.47403 -0.3762 0.810
8799.47403 0.0091 0.777
8799.47403 0.9976 0.739
8799.47403 -27.9968 1.812
8799.47403 0.1511 0.188
8799.47403 -0.0673 0.249
8799.47403 -0.2220 2.155
8799.47403 -28.3266 1.031
8799.47403 -0.4690 1.193
8799.47403 0.2179 1.292
8799.47403 0.9417 1.446
8799.47403 -28.3186 0.192
8799.47403 1.5788 2.199
8799.47403 0.1762 1.222
8799.47403 0.3841 2.325
8799.47403 0.1043 1.500
8799.47403 -1.0379 0.813
8799.47403 0.2378 1.410
8799.47403 0.0054 0.594
8799.47403 0.3986 0.830
8799.47403 0.3292 1.027
8799.47403 0.4045 0.881
8799.47403 0.3616 0.327
8799.47403 0.1438 0.274
8799.47403 0.1056 0.612
8799.47403 0.3365 0.763
8799.47403 0.3781 1.183
8799.47403 0.2463 0.353
8799.47403 -0.1022 0.798
8799.47403 0.2229 0.387
8799.47403 0.0226 1.137
8799.47403 0.4032 0.376
8799.47403 0.1918 1.316
8799.47403 0.0554 0.367
8799.47403 0.2584 0.566
8799.47403 0.0870 0.589
8799.47403 -0.0077 0.267
8799.47403 0.2676 0.522
8799.47403 0.3283 0.240
8799.47403 0.1361 0.441
8799.47403 0.2252 0.223
8799.47403 0.1412 0.232
8799.47403 0.2890 0.202
8799.47403 0.4274 0.241
8799.47403 0.2564 0.353
8799.47403 0.1786 0.271
8799.47403 0.1110 0.649
8799.47403 0.2361 0.262
8799.47403 0.1479 0.196
8799.47403 0.3305 0.317
8799.47403 0.2905 0.293
8799.47403 0.3316 0.359
8799.47403 0.1535 0.224
8799.47403 0.2879 0.229
8799.47403 0.2748 0.257
8799.47403 0.1373 0.380
8799.47403 0.1514 0.227
8799.47403 0.3137 0.438
8799.47403 0.2915 0.277
8799.47403 0.5210 0.902
8799.47403 0.0952 0.699
8799.47403 0.2260 0.389
8799.47403 -0.6190 0.318
8799.47403 0.4431 0.315
8799.47403 0.1845 0.269
8799.47403 0.1180 0.269
8799.47403 -0.8313 0.516
8799.47403 -0.5291 0.246
8799.47403 0.2322 0.441
8799.47403 0.3791 1.021
8799.47403 0.4634 0.553
8799.47403 0.3386 0.230
8799.47403 0.4148 1.332
8799.47403 0.6929 1.255
8799.47403 0.2312 1.992
8799.47403 0.5186 1.302
8799.47403 -0.1462 1.804
