8747.52739 -0.1149 1.749
8747.52739 -0.0325 0.593
8747.52739 -0.0179 1.055
8747.52739 -0.6154 0.549
8747.52739 -7.4188 0.414
8747.52739 -6.8023 0.415
8747.52739 -0.6483 0.776
8747.52739 -1.3191 0.464
8747.52739 0.0558 2.669
8747.52739 -1.2574 0.383
8747.52739 -7.3987 0.177
8747.52739 -0.0053 0.171
8747.52739 -0.1439 0.278
8747.52739 -4.6403 0.629
8747.52739 -6.3142 0.571
8747.52739 -1.9587 0.972
8747.52739 -0.8603 1.032
8747.52739 -3.9029 0.980
8747.52739 -7.4974 0.160
8747.52739 -0.0565 2.474
8747.52739 -0.0303 0.782
8747.52739 0.1105 1.863
8747.52739 -0.2862 1.797
8747.52739 -0.4080 1.069
8747.52739 -0.6176 0.547
8747.52739 -0.0877 0.467
8747.52739 -1.3372 0.644
8747.52739 0.0806 0.274
8747.52739 -0.5768 0.253
8747.52739 0.0844 0.307
8747.52739 -0.0153 0.169
8747.52739 -0.9383 0.492
8747.52739 -0.0726 0.558
8747.52739 0.0707 0.510
8747.52739 0.1175 0.300
8747.52739 0.0067 0.271
8747.52739 0.1157 0.399
8747.52739 -0.0575 0.609
8747.52739 0.1039 0.468
8747.52739 0.0711 1.243
8747.52739 -0.0565 0.397
8747.52739 0.0079 0.577
8747.52739 0.0300 0.265
8747.52739 0.0503 0.393
8747.52739 0.1094 0.157
8747.52739 0.0633 0.160
8747.52739 0.0776 0.301
8747.52739 0.1174 0.131
8747.52739 0.0282 0.168
8747.52739 0.0894 0.141
8747.52739 0.1398 0.188
8747.52739 0.1609 0.195
8747.52739 0.0815 0.165
8747.52739 0.0582 0.211
8747.52739 0.1212 0.253
8747.52739 0.0112 0.156
8747.52739 0.1008 0.371
8747.52739 0.1681 0.164
8747.52739 0.1223 0.283
8747.52739 0.0181 0.153
8747.52739 0.1064 0.156
8747.52739 0.1352 0.163
8747.52739 0.0967 0.176
8747.52739 0.1454 0.153
8747.52739 0.1036 0.159
8747.52739 0.1368 0.244
8747.52739 0.2324 0.573
8747.52739 0.0704 0.633
8747.52739 0.1466 0.892
8747.52739 0.1647 0.201
8747.52739 0.0915 0.183
8747.52739 -0.5511 0.156
8747.52739 0.2018 0.161
8747.52739 -0.0523 0.483
8747.52739 0.2566 0.183
8747.52739 0.1380 0.709
8747.52739 0.1811 1.301
8747.52739 0.2428 0.196
8747.52739 0.1213 0.296
8747.52739 0.1480 1.260
8747.52739 0.2426 0.862
8747.52739 0.2623 1.086
8747.52739 -0.0044 1.907
8747.52739 -0.2275 2.509
