8743.52142 -0.4981 3.611
8743.52142 -0.1674 1.433
8743.52142 -0.3844 0.466
8743.52142 -1.4459 0.553
8743.52142 -5.6770 0.144
8743.52142 -5.5088 0.238
8743.52142 -1.0829 0.846
8743.52142 -1.8523 0.401
8743.52142 -0.0636 0.942
8743.52142 -1.6095 0.279
8743.52142 -5.6663 0.132
8743.52142 -0.0273 0.174
8743.52142 -0.1482 0.218
8743.52142 -4.3636 0.290
8743.52142 -5.1590 0.279
8743.52142 -2.3562 0.409
8743.52142 -1.7582 0.527
8743.52142 -3.9736 0.342
8743.52142 -5.7164 0.134
8743.52142 -0.1228 1.405
8743.52142 0.0555 0.943
8743.52142 0.0879 1.491
8743.52142 -0.3888 1.034
8743.52142 -0.5928 0.462
8743.52142 -0.0620 0.764
8743.52142 -0.0902 0.802
8743.52142 -1.1161 0.330
8743.52142 -0.0299 0.309
8743.52142 -0.0313 0.153
8743.52142 0.0158 0.284
8743.52142 -0.1524 0.153
8743.52142 -0.7091 0.321
8743.52142 -0.2610 0.371
8743.52142 -0.0323 1.955
8743.52142 -0.0582 0.687
8743.52142 -0.2239 0.451
8743.52142 0.0461 0.411
8743.52142 -0.0816 0.655
8743.52142 -0.0601 0.634
8743.52142 -0.0534 1.224
8743.52142 -0.1157 0.421
8743.52142 -0.0528 0.580
8743.52142 -0.1722 0.344
8743.52142 -0.0602 0.394
8743.52142 -0.0338 0.138
8743.52142 -0.0243 0.137
8743.52142 -0.0703 0.260
8743.52142 -0.1245 0.131
8743.52142 -0.0515 0.211
8743.52142 0.0033 0.109
8743.52142 -0.0163 0.124
8743.52142 -0.0568 0.137
8743.52142 -0.0576 0.154
8743.52142 -0.0311 0.807
8743.52142 -0.0112 0.218
8743.52142 -0.0476 0.171
8743.52142 -0.0685 0.468
8743.52142 -0.0140 0.187
8743.52142 0.0303 0.190
8743.52142 -0.0634 0.120
8743.52142 -0.0146 0.198
8743.52142 -0.0254 0.315
8743.52142 -0.0622 0.146
8743.52142 -0.0110 0.123
8743.52142 -0.0555 0.132
8743.52142 -0.0998 0.241
8743.52142 0.0432 0.585
8743.52142 -0.1474 0.228
8743.52142 -0.1147 0.592
8743.52142 -0.0552 0.175
8743.52142 -0.0158 0.140
8743.52142 0.0100 0.137
8743.52142 -0.0542 0.148
8743.52142 -0.1982 0.676
8743.52142 0.1124 0.521
8743.52142 -0.0508 0.895
8743.52142 0.1352 1.313
8743.52142 0.1318 0.340
8743.52142 -0.0330 0.244
8743.52142 -0.3284 0.863
8743.52142 0.1090 0.638
8743.52142 0.0965 0.414
8743.52142 -0.0464 2.813
8743.52142 0.1345 2.537
