8749.33949 -0.2920 2.155
8749.33949 -0.0883 0.570
8749.33949 -0.1521 1.096
8749.33949 -1.2104 0.412
8749.33949 -7.9598 0.200
8749.33949 -7.6146 0.295
8749.33949 -0.8764 0.489
8749.33949 -1.9277 0.441
8749.33949 0.0146 0.529
8749.33949 -1.4005 0.412
8749.33949 -7.9433 0.124
8749.33949 -0.0558 0.109
8749.33949 -0.2603 0.230
8749.33949 -5.7773 0.437
8749.33949 -7.2197 0.422
8749.33949 -2.7622 0.758
8749.33949 -1.5714 1.324
8749.33949 -5.2669 1.105
8749.33949 -8.0124 0.169
8749.33949 -0.2208 2.323
8749.33949 -0.1261 0.533
8749.33949 0.0388 1.050
8749.33949 -0.5325 1.154
8749.33949 -0.6922 0.902
8749.33949 -0.0344 0.730
8749.33949 -0.1897 0.417
8749.33949 -1.4969 0.595
8749.33949 0.0445 1.156
8749.33949 -0.0808 0.252
8749.33949 0.0537 0.314
8749.33949 -0.1279 0.163
8749.33949 -0.5760 0.379
8749.33949 -0.1723 0.395
8749.33949 -0.0106 0.794
8749.33949 -0.0943 0.453
8749.33949 -0.2163 0.204
8749.33949 -0.0594 0.224
8749.33949 -0.0663 0.404
8749.33949 0.0101 0.285
8749.33949 -0.1169 0.683
8749.33949 -0.0803 0.253
8749.33949 -0.0223 0.082
8749.33949 -0.1573 0.132
8749.33949 -0.1457 0.369
8749.33949 0.0169 0.086
8749.33949 0.0103 0.117
8749.33949 -0.0450 0.314
8749.33949 -0.0833 0.085
8749.33949 -0.0362 0.316
8749.33949 -0.0327 0.081
8749.33949 0.0727 0.064
8749.33949 0.0025 0.128
8749.33949 -0.0442 0.134
8749.33949 -0.0045 0.181
8749.33949 -0.0462 0.235
8749.33949 -0.0043 0.088
8749.33949 -0.0213 0.223
8749.33949 -0.0489 0.120
8749.33949 0.0271 0.273
8749.33949 -0.0112 0.080
8749.33949 0.0514 0.093
8749.33949 -0.0514 0.166
8749.33949 0.0474 0.078
8749.33949 -0.0570 0.092
8749.33949 0.0027 0.087
8749.33949 -0.0854 0.167
8749.33949 0.0694 0.570
8749.33949 -0.1701 0.540
8749.33949 -0.0401 0.344
8749.33949 0.0214 0.184
8749.33949 0.0224 0.187
8749.33949 0.0396 0.113
8749.33949 0.0000 0.140
8749.33949 -0.1994 0.405
8749.33949 0.0015 0.599
8749.33949 0.0139 0.590
8749.33949 0.0593 1.700
8749.33949 0.1028 0.461
8749.33949 0.0851 0.267
8749.33949 0.0616 0.725
8749.33949 0.1898 0.935
8749.33949 0.2221 1.504
8749.33949 -0.3992 3.059
8749.33949 -0.2730 3.352
