8743.57834 -0.3374 2.382
8743.57834 -0.0998 0.816
8743.57834 -0.4373 1.050
8743.57834 -1.7409 0.552
8743.57834 -5.8098 0.149
8743.57834 -5.7085 0.254
8743.57834 -1.2535 0.814
8743.57834 -2.1170 0.364
8743.57834 -0.1258 0.283
8743.57834 -1.7262 0.291
8743.57834 -5.7385 1.341
8743.57834 -0.1068 0.131
8743.57834 -0.1724 0.191
8743.57834 -4.6195 0.331
8743.57834 -5.3873 0.252
8743.57834 -2.5819 0.557
8743.57834 -2.1893 0.676
8743.57834 -4.3635 0.625
8743.57834 -5.8300 0.122
8743.57834 -0.2840 1.291
8743.57834 0.0260 0.288
8743.57834 0.0782 1.053
8743.57834 -0.5249 0.983
8743.57834 -0.7812 0.671
8743.57834 -0.0703 0.223
8743.57834 -0.0982 0.299
8743.57834 -1.2269 0.776
8743.57834 -0.0333 0.231
8743.57834 -0.0332 0.296
8743.57834 0.0122 0.319
8743.57834 -0.1992 0.210
8743.57834 -0.8961 0.382
8743.57834 -0.4093 0.375
8743.57834 -0.0057 0.932
8743.57834 -0.0268 0.485
8743.57834 -0.2342 0.316
8743.57834 0.0423 0.207
8743.57834 -0.0838 0.367
8743.57834 -0.0431 0.257
8743.57834 -0.0704 0.720
8743.57834 -0.1144 0.386
8743.57834 -0.0536 0.118
8743.57834 -0.1712 0.162
8743.57834 -0.0740 0.255
8743.57834 -0.0427 0.124
8743.57834 -0.0299 0.136
8743.57834 -0.0726 0.288
8743.57834 -0.1283 0.117
8743.57834 -0.0494 0.185
8743.57834 0.0139 0.093
8743.57834 -0.0027 0.098
8743.57834 -0.0672 0.122
8743.57834 -0.0484 0.123
8743.57834 -0.0154 0.274
8743.57834 -0.0062 0.235
8743.57834 -0.0361 0.103
8743.57834 -0.0407 0.374
8743.57834 0.0314 0.150
8743.57834 0.0056 0.177
8743.57834 -0.0638 0.143
8743.57834 -0.0097 0.176
8743.57834 -0.0028 0.157
8743.57834 -0.0442 0.125
8743.57834 -0.0037 0.100
8743.57834 -0.0501 0.152
8743.57834 -0.1245 0.179
8743.57834 -0.0068 0.496
8743.57834 -0.0350 0.442
8743.57834 -0.1104 0.159
8743.57834 -0.0079 0.301
8743.57834 0.0028 0.129
8743.57834 -0.0368 0.157
8743.57834 -0.0898 0.361
8743.57834 -0.1467 0.764
8743.57834 -0.0552 0.305
8743.57834 0.0186 0.685
8743.57834 0.1121 1.664
8743.57834 0.0883 1.096
8743.57834 -0.0354 1.569
8743.57834 -0.1487 1.900
8743.57834 0.3757 2.344
8743.57834 0.2223 0.762
8743.57834 0.0938 2.675
8743.57834 -0.2903 2.061
