8739.52343 -0.2826 2.152
8739.52343 -0.0748 1.362
8739.52343 -0.2809 0.748
8739.52343 -1.0210 0.352
8739.52343 -3.7978 0.140
8739.52343 -3.7332 0.147
8739.52343 -0.7920 0.626
8739.52343 -1.3389 0.287
8739.52343 0.1370 2.707
8739.52343 -0.7912 0.530
8739.52343 -3.8126 0.172
8739.52343 -0.0150 0.170
8739.52343 -0.0965 0.220
8739.52343 -2.9766 0.299
8739.52343 -3.6072 0.288
8739.52343 -1.5587 0.355
8739.52343 -1.4006 0.674
8739.52343 -2.7661 0.263
8739.52343 -3.8247 0.114
8739.52343 -0.1644 1.762
8739.52343 -0.0050 0.646
8739.52343 0.0486 1.836
8739.52343 -0.2753 0.668
8739.52343 -0.5499 0.355
8739.52343 -0.0136 0.120
8739.52343 -0.1166 0.178
8739.52343 -0.8636 0.281
8739.52343 -0.0733 0.167
8739.52343 -0.0810 0.133
8739.52343 0.0295 0.195
8739.52343 -0.1072 0.142
8739.52343 -0.6027 0.413
8739.52343 -0.2158 0.303
8739.52343 -0.0586 1.557
8739.52343 -0.0832 0.971
8739.52343 -0.1658 0.473
8739.52343 -0.0164 0.365
8739.52343 -0.0488 0.602
8739.52343 -0.0368 0.617
8739.52343 -0.1099 1.030
8739.52343 -0.0816 0.399
8739.52343 -0.0327 0.656
8739.52343 -0.1483 0.463
8739.52343 -0.0997 0.431
8739.52343 0.0177 0.144
8739.52343 -0.0781 0.109
8739.52343 -0.0331 0.157
8739.52343 -0.0840 0.077
8739.52343 -0.0425 0.110
8739.52343 -0.0492 0.079
8739.52343 0.0274 0.085
8739.52343 -0.0002 0.132
8739.52343 -0.0439 0.109
8739.52343 -0.0525 0.126
8739.52343 -0.0386 0.093
8739.52343 -0.0257 0.079
8739.52343 -0.0309 0.126
8739.52343 -0.0314 0.162
8739.52343 0.0315 0.153
8739.52343 -0.0333 0.107
8739.52343 -0.0111 0.226
8739.52343 0.0076 0.082
8739.52343 0.0065 0.119
8739.52343 -0.0443 0.089
8739.52343 -0.0298 0.124
8739.52343 -0.1324 0.168
8739.52343 0.0280 0.131
8739.52343 -0.0621 0.247
8739.52343 -0.0560 0.146
8739.52343 0.0306 0.146
8739.52343 0.0000 0.218
8739.52343 -0.0512 0.122
8739.52343 -0.0303 0.112
8739.52343 -0.2394 0.529
8739.52343 0.1121 0.923
8739.52343 0.0471 0.466
8739.52343 0.1558 1.681
8739.52343 0.1497 0.403
8739.52343 0.2365 0.913
8739.52343 0.0127 1.322
8739.52343 -0.0905 1.013
8739.52343 -0.1523 1.543
8739.52343 -0.1032 2.739
8739.52343 -0.2507 1.792
