8742.55519 2.1279 1.979
8742.55519 2.6732 1.005
8742.55519 1.5188 0.515
8742.55519 0.9319 0.282
8742.55519 -3.2597 0.126
8742.55519 -2.7918 0.261
8742.55519 1.2041 0.317
8742.55519 0.1717 0.292
8742.55519 1.2354 0.232
8742.55519 0.0715 0.286
8742.55519 -3.8411 0.148
8742.55519 1.1128 0.103
8742.55519 0.8266 0.136
8742.55519 -3.0898 0.255
8742.55519 -3.6853 0.186
8742.55519 -0.8106 0.278
8742.55519 -0.5228 0.439
8742.55519 -2.6979 0.289
8742.55519 -4.5925 0.190
8742.55519 0.3378 2.162
8742.55519 0.4829 0.378
8742.55519 0.6045 0.594
8742.55519 0.1428 0.593
8742.55519 -0.1347 0.342
8742.55519 1.5833 0.720
8742.55519 0.1238 0.285
8742.55519 -0.8676 0.453
8742.55519 0.2740 0.293
8742.55519 0.1851 0.209
8742.55519 0.2050 0.301
8742.55519 1.2811 0.644
8742.55519 0.7375 0.664
8742.55519 4.7563 4.561
8742.55519 0.0640 0.333
8742.55519 -0.0201 0.338
8742.55519 -0.3478 0.220
8742.55519 0.0752 0.275
8742.55519 0.0047 0.233
8742.55519 -0.0303 0.331
8742.55519 -0.0592 0.601
8742.55519 -0.1137 0.298
8742.55519 -0.0485 0.202
8742.55519 -0.0097 0.215
8742.55519 -0.0767 0.377
8742.55519 -0.0788 0.253
8742.55519 -0.0858 0.240
8742.55519 -0.0543 0.275
8742.55519 -0.0845 0.193
8742.55519 -0.0089 0.325
8742.55519 -0.0507 0.187
8742.55519 0.0135 0.214
8742.55519 -0.0199 0.260
8742.55519 -0.0436 0.219
8742.55519 -0.0495 0.246
8742.55519 -0.0909 0.288
8742.55519 -0.1334 0.187
8742.55519 -0.0549 0.471
8742.55519 -0.0200 0.241
8742.55519 -0.0882 0.506
8742.55519 -0.0358 0.183
8742.55519 0.0231 0.330
8742.55519 0.0631 0.270
8742.55519 -0.0020 0.194
8742.55519 -0.0292 0.198
8742.55519 0.1055 0.252
8742.55519 0.0101 0.233
8742.55519 0.0828 0.335
8742.55519 -0.1067 0.670
8742.55519 0.0303 0.228
8742.55519 0.0606 0.211
8742.55519 0.0428 0.282
8742.55519 -0.0327 0.257
8742.55519 0.0272 0.208
8742.55519 -0.1125 0.645
8742.55519 -0.0052 0.565
8742.55519 0.0157 0.702
8742.55519 0.1759 1.594
8742.55519 0.1898 0.811
8742.55519 0.0194 0.629
8742.55519 0.0787 1.168
8742.55519 -0.0481 1.274
8742.55519 0.0527 0.317
8742.55519 -0.2794 3.176
8742.55519 -0.2990 2.606
