8739.55084 -0.2904 2.186
8739.55084 -0.0078 1.064
8739.55084 -0.2851 0.632
8739.55084 -1.2147 0.497
8739.55084 -3.8437 0.124
8739.55084 -3.8442 0.191
8739.55084 -0.9204 0.852
8739.55084 -1.4609 0.298
8739.55084 0.0644 0.236
8739.55084 -0.7875 0.258
8739.55084 -3.8628 0.119
8739.55084 0.0045 0.208
8739.55084 -0.1231 0.133
8739.55084 -3.0567 0.289
8739.55084 -3.7096 0.244
8739.55084 -1.6431 0.374
8739.55084 -1.5370 0.530
8739.55084 -2.9009 0.297
8739.55084 -3.8798 0.113
8739.55084 -0.1108 0.339
8739.55084 -0.0139 0.700
8739.55084 0.0754 1.533
8739.55084 -0.2815 0.859
8739.55084 -0.6150 0.366
8739.55084 -0.0350 0.705
8739.55084 -0.1354 0.414
8739.55084 -0.9225 0.370
8739.55084 -0.0846 0.578
8739.55084 -0.0711 0.129
8739.55084 0.0242 0.229
8739.55084 -0.1429 0.156
8739.55084 -0.6599 0.505
8739.55084 -0.2395 0.415
8739.55084 -0.0195 1.715
8739.55084 -0.1073 0.913
8739.55084 -0.2102 0.361
8739.55084 -0.0287 0.378
8739.55084 -0.0351 0.585
8739.55084 -0.0406 0.706
8739.55084 -0.1422 1.047
8739.55084 -0.0838 0.490
8739.55084 -0.0280 0.615
8739.55084 -0.1789 0.615
8739.55084 -0.1204 0.434
8739.55084 0.0007 0.117
8739.55084 -0.0826 0.110
8739.55084 -0.0433 0.135
8739.55084 -0.0941 0.073
8739.55084 -0.0248 0.170
8739.55084 -0.0499 0.079
8739.55084 0.0349 0.063
8739.55084 0.0140 0.154
8739.55084 -0.0468 0.106
8739.55084 -0.0310 0.120
8739.55084 -0.0622 0.143
8739.55084 0.0106 0.113
8739.55084 -0.0369 0.279
8739.55084 -0.0280 0.206
8739.55084 -0.0218 0.320
8739.55084 -0.0395 0.084
8739.55084 0.0121 0.268
8739.55084 0.0117 0.073
8739.55084 -0.0379 0.085
8739.55084 -0.0448 0.081
8739.55084 -0.0726 0.145
8739.55084 -0.0482 0.113
8739.55084 0.0170 0.153
8739.55084 -0.0938 0.396
8739.55084 -0.0513 0.316
8739.55084 -0.0171 0.464
8739.55084 -0.0895 0.133
8739.55084 -0.0511 0.197
8739.55084 -0.1003 0.325
8739.55084 -0.2378 1.171
8739.55084 0.0979 0.517
8739.55084 0.0045 0.401
8739.55084 0.2018 1.793
8739.55084 0.2014 0.401
8739.55084 -0.1060 0.558
8739.55084 -0.9206 6.963
8739.55084 0.0950 1.819
8739.55084 0.0973 0.851
8739.55084 -0.4902 2.273
8739.55084 -0.0951 2.451
