8740.40908 -0.2315 0.554
8740.40908 -0.1269 1.016
8740.40908 -0.2975 1.373
8740.40908 -1.1612 0.411
8740.40908 -4.0507 0.101
8740.40908 -3.9420 0.145
8740.40908 -0.9389 0.511
8740.40908 -1.4879 0.251
8740.40908 -0.0617 0.350
8740.40908 -0.9420 0.257
8740.40908 -4.0379 0.136
8740.40908 -0.0990 0.097
8740.40908 -0.1834 0.170
8740.40908 -3.1137 0.267
8740.40908 -3.6918 0.197
8740.40908 -1.6774 0.467
8740.40908 -1.3887 0.616
8740.40908 -2.8276 0.628
8740.40908 -4.0000 0.111
8740.40908 -0.2959 1.547
8740.40908 -0.1380 0.389
8740.40908 -0.0043 1.003
8740.40908 -0.4328 1.037
8740.40908 -0.6064 0.592
8740.40908 -0.0593 0.250
8740.40908 -0.1858 0.305
8740.40908 -0.8828 0.549
8740.40908 -0.1151 0.241
8740.40908 -0.1055 0.185
8740.40908 -0.0287 0.357
8740.40908 -0.1544 0.154
8740.40908 -0.5827 0.295
8740.40908 -0.2326 0.283
8740.40908 -0.0100 0.782
8740.40908 -0.1137 0.296
8740.40908 -0.1402 0.162
8740.40908 -0.1028 0.157
8740.40908 -0.0705 0.540
8740.40908 -0.1137 0.074
8740.40908 -0.1348 0.828
8740.40908 -0.0990 0.258
8740.40908 -0.0437 0.322
8740.40908 -0.0899 0.095
8740.40908 -0.1603 0.386
8740.40908 -0.0184 0.103
8740.40908 -0.0929 0.107
8740.40908 -0.0559 0.276
8740.40908 -0.0831 0.046
8740.40908 -0.0983 0.111
8740.40908 -0.1328 0.061
8740.40908 -0.0303 0.052
8740.40908 -0.1166 0.158
8740.40908 -0.0310 0.069
8740.40908 -0.0921 0.263
8740.40908 -0.1087 0.077
8740.40908 -0.0849 0.051
8740.40908 -0.0559 0.377
8740.40908 -0.1031 0.101
8740.40908 -0.0640 0.169
8740.40908 -0.0932 0.058
8740.40908 -0.0253 0.056
8740.40908 0.0011 0.251
8740.40908 -0.0576 0.093
8740.40908 -0.1044 0.060
8740.40908 -0.0185 0.080
8740.40908 -0.0652 0.081
8740.40908 -0.0024 0.115
8740.40908 -0.1688 0.122
8740.40908 -0.0489 0.139
8740.40908 -0.0472 0.217
8740.40908 -0.0397 0.077
8740.40908 -0.0105 0.081
8740.40908 -0.0082 0.141
8740.40908 -0.2172 0.491
8740.40908 0.0884 0.197
8740.40908 0.0037 0.347
8740.40908 0.1108 1.318
8740.40908 0.1820 0.372
8740.40908 -0.1227 0.669
8740.40908 0.0426 0.877
8740.40908 -0.0056 0.689
8740.40908 0.1815 0.532
8740.40908 -0.1276 2.152
8740.40908 -0.3836 1.636
