8749.31798 -0.6683 4.308
8749.31798 -0.1734 1.409
8749.31798 -0.1805 0.595
8749.31798 -1.4212 0.573
8749.31798 -7.9266 0.181
8749.31798 -7.6271 0.396
8749.31798 -1.0080 0.619
8749.31798 -2.0257 0.433
8749.31798 0.0024 0.697
8749.31798 -1.4686 0.419
8749.31798 -7.8987 0.384
8749.31798 -0.0720 0.196
8749.31798 -0.2860 0.189
8749.31798 -6.4053 0.440
8749.31798 -7.2660 0.370
8749.31798 -2.9076 0.556
8749.31798 -1.6660 0.625
8749.31798 -5.3791 0.452
8749.31798 -7.9906 0.148
8749.31798 -0.1688 1.517
8749.31798 -0.1244 0.793
8749.31798 0.0014 1.877
8749.31798 -0.4386 1.074
8749.31798 -0.6760 0.429
8749.31798 -0.0595 0.759
8749.31798 -0.2200 0.783
8749.31798 -1.5367 0.513
8749.31798 0.0275 1.052
8749.31798 -0.0935 0.144
8749.31798 0.0370 0.335
8749.31798 -0.1283 0.132
8749.31798 -0.6182 0.428
8749.31798 -0.1761 0.363
8749.31798 -0.0752 1.893
8749.31798 -0.1380 0.734
8749.31798 -0.2425 0.395
8749.31798 -0.0850 0.362
8749.31798 -0.0829 0.622
8749.31798 -0.0096 0.669
8749.31798 -0.1506 1.191
8749.31798 -0.0762 0.383
8749.31798 -0.0307 0.584
8749.31798 -0.1795 0.303
8749.31798 -0.1761 0.466
8749.31798 -0.0170 0.111
8749.31798 0.0117 0.118
8749.31798 -0.0498 0.136
8749.31798 -0.0871 0.089
8749.31798 -0.0272 0.314
8749.31798 -0.0508 0.090
8749.31798 0.0393 0.071
8749.31798 -0.0187 0.190
8749.31798 -0.0444 0.114
8749.31798 0.0139 0.141
8749.31798 -0.0730 0.236
8749.31798 -0.0183 0.147
8749.31798 -0.0216 0.405
8749.31798 -0.0688 0.157
8749.31798 0.0228 0.296
8749.31798 -0.0162 0.080
8749.31798 0.0584 0.145
8749.31798 -0.0717 0.255
8749.31798 0.0330 0.144
8749.31798 -0.0485 0.100
8749.31798 -0.0132 0.209
8749.31798 -0.0740 0.244
8749.31798 0.0735 0.631
8749.31798 -0.1845 0.432
8749.31798 0.0111 0.216
8749.31798 0.0258 0.178
8749.31798 0.0338 0.093
8749.31798 0.0397 0.102
8749.31798 -0.0168 0.099
8749.31798 -0.2142 0.509
8749.31798 0.1109 0.682
8749.31798 0.0142 0.422
8749.31798 0.0079 1.477
8749.31798 0.0588 0.199
8749.31798 -0.0550 0.289
8749.31798 0.1066 0.777
8749.31798 0.1708 0.707
8749.31798 0.2054 0.902
8749.31798 -0.2442 2.546
8749.31798 -0.3042 2.087
