8757.54449 -1.2057 5.812
8757.54449 -0.0971 1.072
8757.54449 -0.3843 0.656
8757.54449 -1.0280 1.549
8757.54449 -12.2296 0.214
8757.54449 -12.0788 0.364
8757.54449 -1.9593 1.502
8757.54449 -3.6823 0.832
8757.54449 -0.0178 0.675
8757.54449 -1.2446 0.631
8757.54449 -11.9422 0.505
8757.54449 -0.0947 0.172
8757.54449 -0.2639 0.251
8757.54449 -10.4330 0.677
8757.54449 -11.7313 0.450
8757.54449 -4.1239 1.415
8757.54449 -0.1791 2.029
8757.54449 -10.4880 0.753
8757.54449 -12.2118 0.189
8757.54449 0.0254 1.147
8757.54449 0.0074 0.630
8757.54449 -0.0167 1.703
8757.54449 -0.4188 1.046
8757.54449 -0.9212 0.540
8757.54449 -0.1488 0.731
8757.54449 -0.1926 0.759
8757.54449 -1.5404 0.799
8757.54449 -0.0213 1.027
8757.54449 0.0481 0.140
8757.54449 0.0183 0.333
8757.54449 -0.0982 0.148
8757.54449 -0.7282 0.991
8757.54449 -0.3286 0.525
8757.54449 -0.0106 1.652
8757.54449 0.0012 0.832
8757.54449 -0.1358 0.392
8757.54449 0.0252 0.384
8757.54449 -0.1564 0.576
8757.54449 0.0406 0.282
8757.54449 -0.1089 1.154
8757.54449 -0.1626 0.527
8757.54449 -0.1004 0.571
8757.54449 -0.0385 0.362
8757.54449 -0.0559 0.317
8757.54449 -0.3292 0.183
8757.54449 -0.0135 0.108
8757.54449 -0.0060 0.143
8757.54449 -0.0624 0.101
8757.54449 -0.0564 0.273
8757.54449 -0.0401 0.101
8757.54449 0.0295 0.266
8757.54449 -0.3266 0.274
8757.54449 -0.0623 0.219
8757.54449 -0.3766 0.513
8757.54449 -0.0999 0.267
8757.54449 -0.0003 0.112
8757.54449 -0.2965 0.355
8757.54449 -0.1241 0.345
8757.54449 -0.0456 0.240
8757.54449 -0.0901 0.170
8757.54449 0.0305 0.121
8757.54449 -0.0094 0.148
8757.54449 -0.0337 0.206
8757.54449 -0.3717 0.163
8757.54449 -0.3230 0.171
8757.54449 -0.3830 0.202
8757.54449 0.0926 0.425
8757.54449 0.1130 0.519
8757.54449 0.0011 0.262
8757.54449 0.0614 0.176
8757.54449 0.0025 0.246
8757.54449 -0.0245 0.174
8757.54449 -0.0741 0.241
8757.54449 -0.2186 0.585
8757.54449 0.0300 0.506
8757.54449 -0.1098 0.668
8757.54449 0.0654 1.095
8757.54449 0.0692 0.425
8757.54449 -0.0368 0.235
8757.54449 -1.1490 1.665
8757.54449 0.0829 0.738
8757.54449 0.1283 0.717
8757.54449 0.1863 3.001
8757.54449 0.3335 2.815
