8746.40878 -0.3286 2.249
8746.40878 -0.1555 1.523
8746.40878 -0.2327 1.292
8746.40878 -0.9585 0.479
8746.40878 -6.7641 0.238
8746.40878 -6.3830 0.312
8746.40878 -0.9015 0.468
8746.40878 -1.5994 0.430
8746.40878 -0.0150 1.754
8746.40878 -1.1676 0.349
8746.40878 -6.7351 0.248
8746.40878 -0.0350 0.159
8746.40878 -0.1886 0.157
8746.40878 -4.7625 0.390
8746.40878 -6.0092 0.409
8746.40878 -2.2408 0.529
8746.40878 -1.3219 0.803
8746.40878 -4.2713 0.892
8746.40878 -6.7912 0.167
8746.40878 -0.1775 1.167
8746.40878 -0.0753 0.878
8746.40878 0.0043 1.959
8746.40878 -0.3885 1.415
8746.40878 -0.5761 1.011
8746.40878 -0.0915 0.480
8746.40878 -0.1242 0.430
8746.40878 -1.2344 0.495
8746.40878 0.0188 1.236
8746.40878 -0.0303 0.240
8746.40878 0.0152 0.333
8746.40878 -0.0730 0.172
8746.40878 -0.4701 0.343
8746.40878 -0.1897 0.438
8746.40878 0.0444 0.853
8746.40878 -0.0489 0.424
8746.40878 -0.6954 0.189
8746.40878 -0.0081 0.236
8746.40878 0.0057 0.557
8746.40878 -0.6162 0.096
8746.40878 0.0260 0.820
8746.40878 -0.0627 0.283
8746.40878 0.0790 0.152
8746.40878 0.0744 0.164
8746.40878 -0.6927 0.361
8746.40878 0.0459 0.152
8746.40878 0.0129 0.137
8746.40878 0.0793 0.322
8746.40878 0.0486 0.126
8746.40878 0.0244 0.187
8746.40878 -0.0146 0.116
8746.40878 0.1468 0.162
8746.40878 0.0091 0.142
8746.40878 0.0970 0.178
8746.40878 -0.0024 0.334
8746.40878 0.0225 0.156
8746.40878 -0.0397 0.115
8746.40878 0.1309 0.185
8746.40878 0.0424 0.158
8746.40878 0.0786 0.209
8746.40878 0.0452 0.134
8746.40878 0.0855 0.206
8746.40878 0.0744 0.154
8746.40878 0.0517 0.158
8746.40878 0.0909 0.137
8746.40878 0.1225 0.195
8746.40878 0.0458 0.178
8746.40878 0.1802 0.412
8746.40878 -0.0537 0.292
8746.40878 0.0598 0.194
8746.40878 0.1546 0.286
8746.40878 0.0841 0.163
8746.40878 0.0285 0.137
8746.40878 0.1357 0.234
8746.40878 -0.0914 0.903
8746.40878 0.2160 0.231
8746.40878 0.1117 0.312
8746.40878 0.2415 0.964
8746.40878 0.2273 0.186
8746.40878 0.0849 0.634
8746.40878 0.0256 1.027
8746.40878 0.2080 0.747
8746.40878 0.1542 1.275
8746.40878 0.0980 2.074
8746.40878 -0.2614 1.753
