8742.54686 2.3600 1.135
8742.54686 2.6834 0.974
8742.54686 1.5438 0.895
8742.54686 0.9207 0.290
8742.54686 -3.2299 0.138
8742.54686 -2.7494 0.208
8742.54686 1.1758 0.366
8742.54686 0.2229 0.283
8742.54686 1.2416 0.412
8742.54686 0.0777 0.261
8742.54686 -3.8292 0.123
8742.54686 1.0782 0.141
8742.54686 0.8576 0.311
8742.54686 -3.0621 0.307
8742.54686 -3.6624 0.229
8742.54686 -0.7949 0.593
8742.54686 -0.5024 1.157
8742.54686 -2.6673 0.775
8742.54686 -4.5846 0.255
8742.54686 0.3831 2.191
8742.54686 0.4753 0.611
8742.54686 0.6922 1.690
8742.54686 0.1310 1.458
8742.54686 -0.1282 1.040
8742.54686 1.6222 0.736
8742.54686 0.1483 0.482
8742.54686 -0.8631 0.470
8742.54686 0.2678 0.641
8742.54686 0.1874 0.250
8742.54686 0.2067 0.358
8742.54686 1.2831 0.647
8742.54686 0.7668 0.630
8742.54686 4.8451 4.632
8742.54686 0.1192 0.651
8742.54686 -0.0076 0.416
8742.54686 -0.3555 0.311
8742.54686 0.0748 0.237
8742.54686 0.0020 0.419
8742.54686 -0.0348 0.213
8742.54686 -0.0534 0.868
8742.54686 -0.1295 0.417
8742.54686 -0.0395 0.208
8742.54686 0.0011 0.219
8742.54686 -0.0879 0.446
8742.54686 -0.1027 0.213
8742.54686 -0.0744 0.239
8742.54686 -0.0497 0.281
8742.54686 -0.0817 0.196
8742.54686 -0.0296 0.293
8742.54686 -0.0466 0.184
8742.54686 0.0147 0.208
8742.54686 0.0037 0.236
8742.54686 -0.0577 0.209
8742.54686 -0.0484 0.501
8742.54686 -0.0681 0.283
8742.54686 -0.1301 0.190
8742.54686 -0.0857 0.383
8742.54686 -0.0833 0.232
8742.54686 -0.0185 0.330
8742.54686 -0.0424 0.210
8742.54686 0.0181 0.203
8742.54686 0.0039 0.215
8742.54686 -0.0021 0.200
8742.54686 -0.0501 0.202
8742.54686 0.1354 0.182
8742.54686 0.0022 0.347
8742.54686 0.0847 0.279
8742.54686 -0.0819 0.278
8742.54686 0.0296 0.307
8742.54686 0.0578 0.217
8742.54686 0.0305 0.207
8742.54686 -0.0035 0.279
8742.54686 0.0467 0.296
8742.54686 -0.1188 0.608
8742.54686 0.1484 0.577
8742.54686 0.0007 0.539
8742.54686 0.1721 1.459
8742.54686 -0.0365 0.475
8742.54686 -0.0228 0.261
8742.54686 -0.1027 0.650
8742.54686 -0.0691 0.790
8742.54686 0.3308 0.372
8742.54686 -0.6833 2.437
8742.54686 -0.4219 4.809
