8794.47094 -1.2161 9.766
8794.47094 -0.0048 1.063
8794.47094 -0.3157 0.835
8794.47094 0.0877 1.169
8794.47094 -26.8579 0.288
8794.47094 -27.1145 0.524
8794.47094 -0.6860 1.427
8794.47094 -0.9735 1.240
8794.47094 -0.0841 1.041
8794.47094 0.7749 0.747
8794.47094 -26.6610 1.785
8794.47094 -0.0132 0.196
8794.47094 -0.2788 0.253
8794.47094 -26.3212 0.842
8794.47094 -27.0389 0.555
8794.47094 -1.3041 1.541
8794.47094 -0.2314 1.267
8794.47094 -26.9765 0.862
8794.47094 -26.9325 0.217
8794.47094 0.0646 1.187
8794.47094 -0.1681 0.645
8794.47094 -0.0686 1.633
8794.47094 0.2599 0.899
8794.47094 -0.1260 0.478
8794.47094 -0.0579 0.705
8794.47094 -0.2178 0.850
8794.47094 0.0151 0.918
8794.47094 0.2321 0.313
8794.47094 0.2886 0.145
8794.47094 0.2315 0.453
8794.47094 0.0374 0.162
8794.47094 0.0922 0.567
8794.47094 0.3728 0.514
8794.47094 0.2959 1.985
8794.47094 0.1583 1.173
8794.47094 -0.2029 0.345
8794.47094 0.1823 0.435
8794.47094 -0.0194 0.640
8794.47094 0.1544 0.763
8794.47094 0.1303 1.300
8794.47094 0.0382 0.782
8794.47094 0.2189 0.863
8794.47094 0.0921 0.756
8794.47094 -0.1213 0.658
8794.47094 0.1678 0.418
8794.47094 0.1725 0.159
8794.47094 0.0868 0.194
8794.47094 0.1128 0.157
8794.47094 0.1333 0.454
8794.47094 0.0247 0.162
8794.47094 0.2952 0.405
8794.47094 0.2018 0.161
8794.47094 0.1283 0.485
8794.47094 0.1045 1.088
8794.47094 0.1027 0.390
8794.47094 0.0142 0.204
8794.47094 0.1703 0.560
8794.47094 0.1751 0.384
8794.47094 0.2626 0.338
8794.47094 0.1084 0.197
8794.47094 0.2203 0.337
8794.47094 0.2933 0.254
8794.47094 0.0327 0.199
8794.47094 0.1018 0.204
8794.47094 0.2587 0.227
8794.47094 0.2707 0.298
8794.47094 0.3963 0.722
8794.47094 0.0687 1.629
8794.47094 0.2281 0.330
8794.47094 0.3668 0.410
8794.47094 0.3165 0.206
8794.47094 0.2438 0.340
8794.47094 0.3434 0.302
8794.47094 -0.2021 1.971
8794.47094 0.4126 0.609
8794.47094 0.2864 0.493
8794.47094 0.3867 0.366
8794.47094 0.5199 0.527
8794.47094 0.1946 0.698
8794.47094 1.0172 4.890
8794.47094 0.1915 2.346
8794.47094 1.1684 6.025
8794.47094 0.2019 4.647
8794.47094 0.5854 13.019
