8757.52122 -1.0033 4.294
8757.52122 -0.0785 1.368
8757.52122 -0.4018 1.345
8757.52122 -1.2610 1.283
8757.52122 -12.1760 0.231
8757.52122 -12.0309 0.404
8757.52122 -1.8864 1.470
8757.52122 -3.6018 0.770
8757.52122 0.0083 2.541
8757.52122 -1.1571 0.626
8757.52122 -11.9223 0.228
8757.52122 -0.1192 0.210
8757.52122 -0.2398 0.225
8757.52122 -10.4061 0.646
8757.52122 -11.6891 0.410
8757.52122 -3.2548 1.346
8757.52122 -0.3053 1.710
8757.52122 -10.4255 1.100
8757.52122 -12.1813 0.163
8757.52122 0.0980 1.883
8757.52122 -0.0069 0.544
8757.52122 0.0688 1.467
8757.52122 -0.4867 1.150
8757.52122 -0.9474 0.559
8757.52122 -0.1530 0.282
8757.52122 -0.1448 0.292
8757.52122 -1.4684 0.685
8757.52122 -0.0113 0.096
8757.52122 0.0699 0.215
8757.52122 0.0042 0.308
8757.52122 -0.1035 0.212
8757.52122 -0.7222 0.662
8757.52122 -0.3753 0.464
8757.52122 0.0418 0.791
8757.52122 -0.0152 0.290
8757.52122 -0.1177 0.247
8757.52122 0.0065 0.245
8757.52122 -0.1681 0.587
8757.52122 0.0443 0.092
8757.52122 -0.1106 0.855
8757.52122 -0.1700 0.421
8757.52122 -0.0923 0.476
8757.52122 -0.0557 0.215
8757.52122 -0.0880 0.398
8757.52122 -0.3390 0.176
8757.52122 -0.0405 0.138
8757.52122 -0.0122 0.130
8757.52122 -0.0551 0.106
8757.52122 -0.0699 0.333
8757.52122 -0.0284 0.106
8757.52122 0.0180 0.144
8757.52122 -0.3224 0.219
8757.52122 -0.0992 0.163
8757.52122 -0.3628 0.374
8757.52122 -0.0746 0.195
8757.52122 -0.0207 0.107
8757.52122 -0.0660 0.255
8757.52122 -0.0532 0.218
8757.52122 -0.0337 0.182
8757.52122 -0.0728 0.145
8757.52122 0.0154 0.156
8757.52122 -0.0122 0.161
8757.52122 -0.0399 0.128
8757.52122 -0.3899 0.209
8757.52122 -0.3064 0.177
8757.52122 -0.3270 0.260
8757.52122 0.1253 0.470
8757.52122 -0.0839 0.424
8757.52122 0.0068 0.299
8757.52122 0.0899 0.181
8757.52122 -0.0039 0.362
8757.52122 -0.0449 0.148
8757.52122 -0.0382 0.262
8757.52122 -0.2522 0.493
8757.52122 0.0948 0.409
8757.52122 -0.0586 0.568
8757.52122 0.0911 1.312
8757.52122 0.1142 0.148
8757.52122 0.0004 0.448
8757.52122 0.0265 1.318
8757.52122 -0.2596 0.642
8757.52122 -0.1337 0.811
8757.52122 -0.1237 1.267
8757.52122 -0.3288 2.229
