8799.48560 -1.0289 9.373
8799.48560 0.1896 1.081
8799.48560 0.0400 0.532
8799.48560 0.3158 1.459
8799.48560 -28.2343 0.412
8799.48560 -28.2788 0.750
8799.48560 -0.2227 0.954
8799.48560 -0.3226 0.844
8799.48560 -0.0081 0.282
8799.48560 1.0218 0.787
8799.48560 -27.9886 1.973
8799.48560 0.1681 0.194
8799.48560 -0.0785 0.257
8799.48560 -0.1694 1.927
8799.48560 -28.3537 0.906
8799.48560 -0.4647 1.037
8799.48560 0.2155 1.153
8799.48560 -28.4729 1.513
8799.48560 -28.3145 0.259
8799.48560 1.4669 1.720
8799.48560 0.2427 0.470
8799.48560 0.4090 1.049
8799.48560 0.1074 0.856
8799.48560 -1.0021 0.376
8799.48560 0.2513 0.800
8799.48560 -0.0260 0.334
8799.48560 0.4268 0.769
8799.48560 0.3219 0.207
8799.48560 0.3994 0.431
8799.48560 0.3716 0.371
8799.48560 0.1605 0.198
8799.48560 0.0673 0.438
8799.48560 0.3848 0.560
8799.48560 0.3962 0.444
8799.48560 0.2608 0.295
8799.48560 -0.0801 0.893
8799.48560 0.2231 0.675
8799.48560 0.0158 1.051
8799.48560 0.3827 0.452
8799.48560 0.1696 1.521
8799.48560 0.0799 0.399
8799.48560 0.3052 0.753
8799.48560 0.1164 0.860
8799.48560 -0.0263 0.472
8799.48560 0.2780 0.717
8799.48560 0.3241 0.223
8799.48560 0.1476 0.474
8799.48560 0.2412 0.407
8799.48560 0.1604 0.346
8799.48560 0.2827 0.262
8799.48560 0.4520 0.279
8799.48560 0.2406 0.380
8799.48560 0.1598 0.386
8799.48560 0.1301 0.841
8799.48560 0.2294 0.315
8799.48560 0.1441 0.191
8799.48560 0.3294 0.447
8799.48560 0.2644 0.286
8799.48560 0.3416 0.326
8799.48560 0.1126 0.211
8799.48560 0.2983 0.277
8799.48560 0.2866 0.264
8799.48560 0.1620 0.350
8799.48560 0.2238 0.236
8799.48560 0.3192 1.015
8799.48560 0.2748 0.311
8799.48560 0.4154 0.734
8799.48560 0.1180 0.644
8799.48560 0.2159 0.418
8799.48560 -0.6340 0.474
8799.48560 0.2670 0.263
8799.48560 0.2727 0.231
8799.48560 0.2520 0.229
8799.48560 -0.7992 0.441
8799.48560 -0.5196 0.292
8799.48560 0.1501 0.351
8799.48560 0.4591 0.344
8799.48560 0.5026 0.281
8799.48560 0.3916 0.255
8799.48560 0.5757 1.229
8799.48560 0.9238 2.798
8799.48560 0.3848 0.656
8799.48560 0.4572 2.513
8799.48560 0.1657 2.693
