8757.29377 -0.8658 4.343
8757.29377 -0.0628 0.965
8757.29377 -0.4208 0.779
8757.29377 -3.3299 1.241
8757.29377 -11.6874 0.220
8757.29377 -11.4785 0.492
8757.29377 -1.5150 2.182
8757.29377 -3.6337 1.034
8757.29377 -0.0995 0.319
8757.29377 -1.3203 0.606
8757.29377 -11.4242 0.511
8757.29377 -0.0982 0.222
8757.29377 -0.2433 0.312
8757.29377 -10.0370 0.620
8757.29377 -11.2551 0.442
8757.29377 -3.3620 1.668
8757.29377 -10.0312 0.645
8757.29377 -11.6501 0.186
8757.29377 -0.0561 0.642
8757.29377 0.0139 0.603
8757.29377 0.0623 1.806
8757.29377 -0.5352 1.038
8757.29377 -1.1613 0.607
8757.29377 -0.1519 0.740
8757.29377 -0.1625 0.776
8757.29377 -1.5454 0.817
8757.29377 -0.0431 0.836
8757.29377 0.0526 0.199
8757.29377 -0.0006 0.502
8757.29377 -0.0806 0.241
8757.29377 -0.8946 0.979
8757.29377 -0.4223 0.602
8757.29377 0.0198 1.834
8757.29377 -0.0147 1.257
8757.29377 -0.1077 0.445
8757.29377 0.0168 0.525
8757.29377 -0.1213 0.659
8757.29377 0.0241 0.596
8757.29377 -0.0940 1.204
8757.29377 -0.1605 0.471
8757.29377 -0.0445 0.559
8757.29377 -0.0445 0.568
8757.29377 -0.0647 0.405
8757.29377 -0.3409 0.209
8757.29377 -0.0588 0.215
8757.29377 -0.0175 0.224
8757.29377 -0.0571 0.184
8757.29377 -0.0473 0.400
8757.29377 0.0076 0.210
8757.29377 0.0039 0.482
8757.29377 -0.3354 0.210
8757.29377 -0.0945 0.250
8757.29377 -0.4026 0.591
8757.29377 -0.0525 0.308
8757.29377 -0.0318 0.186
8757.29377 -0.0755 0.337
8757.29377 -0.0621 0.258
8757.29377 -0.0195 0.238
8757.29377 -0.0951 0.197
8757.29377 0.0275 0.256
8757.29377 -0.0078 0.305
8757.29377 -0.0540 0.207
8757.29377 -0.3660 0.164
8757.29377 -0.2965 0.187
8757.29377 -0.3932 0.304
8757.29377 0.0408 0.681
8757.29377 -0.1934 1.115
8757.29377 0.0254 0.250
8757.29377 0.1087 0.389
8757.29377 -0.0237 0.358
8757.29377 -0.0460 0.292
8757.29377 -0.0314 0.256
8757.29377 0.0642 2.475
8757.29377 -0.2102 1.079
8757.29377 -0.0985 0.427
8757.29377 0.5144 2.974
8757.29377 0.2004 0.371
8757.29377 0.0554 0.722
8757.29377 -0.0026 1.768
8757.29377 -0.1121 1.227
8757.29377 -0.0590 0.763
8757.29377 0.0605 1.630
8757.29377 -0.2974 2.058
