8743.56887 -0.3736 2.310
8743.56887 -0.1507 1.397
8743.56887 -0.4146 1.115
8743.56887 -1.6553 0.520
8743.56887 -5.7951 0.141
8743.56887 -5.6854 0.198
8743.56887 -1.1742 0.782
8743.56887 -2.0684 0.367
8743.56887 -0.1244 0.353
8743.56887 -1.6910 0.289
8743.56887 -5.7525 0.493
8743.56887 -0.0718 0.135
8743.56887 -0.1596 0.190
8743.56887 -4.5674 0.326
8743.56887 -5.3617 0.248
8743.56887 -2.5537 0.522
8743.56887 -2.1269 0.614
8743.56887 -4.3092 0.584
8743.56887 -5.8128 0.121
8743.56887 -0.2341 1.053
8743.56887 0.0121 0.550
8743.56887 0.0689 1.486
8743.56887 -0.4797 1.112
8743.56887 -0.7491 0.726
8743.56887 -0.0784 0.336
8743.56887 -0.0932 0.392
8743.56887 -1.1987 0.577
8743.56887 -0.0423 0.436
8743.56887 -0.0237 0.171
8743.56887 0.0022 0.185
8743.56887 -0.1855 0.157
8743.56887 -0.8688 0.379
8743.56887 -0.3942 0.366
8743.56887 0.0097 0.485
8743.56887 -0.0400 0.378
8743.56887 -0.2175 0.393
8743.56887 0.0489 0.192
8743.56887 -0.0783 0.626
8743.56887 -0.0406 0.229
8743.56887 -0.0548 0.773
8743.56887 -0.1215 0.382
8743.56887 -0.0493 0.116
8743.56887 -0.1771 0.151
8743.56887 -0.0795 0.344
8743.56887 -0.0275 0.128
8743.56887 -0.0130 0.131
8743.56887 -0.0610 0.353
8743.56887 -0.1048 0.116
8743.56887 -0.0536 0.198
8743.56887 0.0052 0.097
8743.56887 -0.0053 0.100
8743.56887 -0.0604 0.146
8743.56887 -0.0583 0.132
8743.56887 -0.0264 0.220
8743.56887 0.0102 0.218
8743.56887 -0.0410 0.173
8743.56887 -0.0645 0.402
8743.56887 -0.0113 0.170
8743.56887 0.0074 0.182
8743.56887 -0.0617 0.103
8743.56887 -0.0151 0.322
8743.56887 -0.0348 0.185
8743.56887 -0.0456 0.133
8743.56887 -0.0074 0.113
8743.56887 -0.0426 0.164
8743.56887 -0.1170 0.180
8743.56887 0.0193 0.539
8743.56887 -0.1334 0.414
8743.56887 -0.0961 0.340
8743.56887 -0.0008 0.261
8743.56887 -0.0202 0.350
8743.56887 -0.0248 0.129
8743.56887 -0.0474 0.146
8743.56887 -0.1931 0.505
8743.56887 0.0838 0.207
8743.56887 0.0347 0.650
8743.56887 0.1174 1.130
8743.56887 0.1429 0.528
8743.56887 -0.0802 0.512
8743.56887 -0.1095 1.588
8743.56887 0.0453 1.107
8743.56887 0.0696 1.133
8743.56887 -0.1926 1.596
8743.56887 -0.4305 3.395
