8794.48325 -1.0166 9.341
8794.48325 0.0973 1.485
8794.48325 -0.1550 0.405
8794.48325 -0.0274 1.248
8794.48325 -26.8857 0.291
8794.48325 -27.1254 0.527
8794.48325 -0.6760 1.468
8794.48325 -0.8689 1.244
8794.48325 -0.1717 0.497
8794.48325 0.7390 0.736
8794.48325 -26.6505 1.877
8794.48325 0.0288 0.163
8794.48325 -0.3395 0.226
8794.48325 -26.3659 0.831
8794.48325 -27.0555 0.554
8794.48325 -1.4062 1.624
8794.48325 -0.1739 1.277
8794.48325 -26.9838 0.823
8794.48325 -26.9661 0.218
8794.48325 0.0230 1.088
8794.48325 -0.2266 0.541
8794.48325 0.0111 2.137
8794.48325 0.2586 0.970
8794.48325 -0.1649 0.500
8794.48325 -0.0725 0.855
8794.48325 -0.1710 0.921
8794.48325 0.0070 0.822
8794.48325 0.2039 0.779
8794.48325 0.2891 0.186
8794.48325 0.2368 0.467
8794.48325 0.0050 0.146
8794.48325 0.0986 0.525
8794.48325 0.3038 0.500
8794.48325 0.2940 2.059
8794.48325 0.1389 1.302
8794.48325 -0.1584 0.492
8794.48325 0.1489 0.517
8794.48325 -0.0217 0.671
8794.48325 0.1436 0.729
8794.48325 0.1183 1.346
8794.48325 0.0195 0.854
8794.48325 0.1889 0.771
8794.48325 0.0669 0.772
8794.48325 -0.1004 0.566
8794.48325 0.1607 0.340
8794.48325 0.2025 0.164
8794.48325 0.1228 0.150
8794.48325 0.1124 0.141
8794.48325 0.0854 0.393
8794.48325 0.0590 0.137
8794.48325 0.2861 0.418
8794.48325 0.1503 0.209
8794.48325 0.1111 0.474
8794.48325 0.1006 0.442
8794.48325 0.0908 0.363
8794.48325 0.1005 0.178
8794.48325 0.2094 0.409
8794.48325 0.1353 0.308
8794.48325 0.1913 0.329
8794.48325 0.1324 0.190
8794.48325 0.2265 0.355
8794.48325 0.2490 0.177
8794.48325 0.2389 0.215
8794.48325 0.0760 0.165
8794.48325 0.2383 0.256
8794.48325 0.3123 0.197
8794.48325 0.3722 0.809
8794.48325 -0.0802 1.047
8794.48325 0.1469 0.209
8794.48325 0.3178 0.252
8794.48325 0.1983 0.572
8794.48325 0.1756 0.216
8794.48325 0.1956 0.541
8794.48325 0.0644 0.671
8794.48325 0.3887 0.404
8794.48325 0.1936 0.246
8794.48325 0.3712 1.290
8794.48325 0.3643 0.523
8794.48325 0.2404 0.235
8794.48325 0.7073 1.209
8794.48325 0.6896 4.026
8794.48325 0.1170 5.238
8794.48325 -24.6710 6.835
8794.48325 -3.8467 5.419
