8749.36141 -0.5041 3.084
8749.36141 -0.1147 0.291
8749.36141 -0.0876 1.053
8749.36141 -1.1976 0.408
8749.36141 -8.0144 0.206
8749.36141 -7.6491 0.397
8749.36141 -0.8874 0.944
8749.36141 -1.9350 1.789
8749.36141 0.0135 0.635
8749.36141 -1.3640 0.427
8749.36141 -7.9929 0.220
8749.36141 -0.0832 0.238
8749.36141 -0.2954 0.267
8749.36141 -5.7627 0.591
8749.36141 -7.2529 0.528
8749.36141 -2.7749 0.865
8749.36141 -1.5665 1.552
8749.36141 -5.2555 1.066
8749.36141 -8.0667 0.191
8749.36141 -0.2122 1.786
8749.36141 -0.1336 0.765
8749.36141 0.0663 1.534
8749.36141 -0.4996 0.961
8749.36141 -0.6631 0.662
8749.36141 -0.0546 0.469
8749.36141 -0.2125 0.463
8749.36141 -1.4651 0.499
8749.36141 0.0069 0.807
8749.36141 -0.0918 0.158
8749.36141 0.0615 0.209
8749.36141 -0.1236 0.154
8749.36141 -0.5506 0.340
8749.36141 -0.2017 0.403
8749.36141 -0.0410 1.481
8749.36141 -0.1122 0.386
8749.36141 -0.2521 0.305
8749.36141 -0.0933 0.314
8749.36141 -0.0875 0.582
8749.36141 0.0046 0.510
8749.36141 -0.1215 1.041
8749.36141 -0.1022 0.360
8749.36141 -0.0206 0.597
8749.36141 -0.1735 0.231
8749.36141 -0.1636 0.457
8749.36141 -0.0214 0.101
8749.36141 0.0128 0.086
8749.36141 -0.0517 0.278
8749.36141 -0.0822 0.074
8749.36141 -0.0024 0.303
8749.36141 -0.0464 0.078
8749.36141 0.0550 0.056
8749.36141 -0.0075 0.120
8749.36141 -0.0455 0.125
8749.36141 0.0130 0.173
8749.36141 -0.0724 0.189
8749.36141 -0.0157 0.089
8749.36141 0.0066 0.258
8749.36141 -0.0360 0.181
8749.36141 0.0300 0.356
8749.36141 -0.0124 0.065
8749.36141 0.0611 0.103
8749.36141 -0.0448 0.134
8749.36141 0.0507 0.093
8749.36141 -0.0628 0.109
8749.36141 -0.0007 0.153
8749.36141 -0.0653 0.138
8749.36141 0.0346 0.746
8749.36141 -0.1366 0.469
8749.36141 -0.0155 0.574
8749.36141 0.0216 0.205
8749.36141 0.0083 0.310
8749.36141 0.0166 0.090
8749.36141 -0.0107 0.155
8749.36141 -0.2212 0.470
8749.36141 0.1715 0.791
8749.36141 -0.0090 0.619
8749.36141 0.0253 1.100
8749.36141 0.0736 0.246
8749.36141 -0.0104 0.512
8749.36141 -0.0110 0.742
8749.36141 0.1190 0.983
8749.36141 0.1508 1.283
8749.36141 -0.0953 1.267
8749.36141 -0.1737 1.663
