8799.40470 -1.0222 10.086
8799.40470 0.0708 1.566
8799.40470 -0.0106 0.581
8799.40470 0.3923 1.027
8799.40470 -28.1135 0.671
8799.40470 -28.0888 1.012
8799.40470 0.0246 1.025
8799.40470 -0.2669 0.706
8799.40470 0.0287 0.542
8799.40470 0.8999 0.731
8799.40470 -27.9473 0.420
8799.40470 0.2461 0.281
8799.40470 -0.0397 0.251
8799.40470 -0.3372 1.830
8799.40470 -28.1322 1.236
8799.40470 -0.3289 1.180
8799.40470 0.2917 0.713
8799.40470 0.4603 0.946
8799.40470 -28.2238 0.190
8799.40470 0.1620 0.527
8799.40470 0.1308 0.603
8799.40470 0.3970 1.008
8799.40470 0.2234 0.992
8799.40470 -1.0292 0.439
8799.40470 0.2020 0.790
8799.40470 -0.0838 0.916
8799.40470 0.2723 0.902
8799.40470 0.3101 0.813
8799.40470 0.4321 0.262
8799.40470 0.4267 0.522
8799.40470 0.1701 0.212
8799.40470 0.1419 0.653
8799.40470 0.4472 0.483
8799.40470 0.4227 1.933
8799.40470 0.2050 1.311
8799.40470 -0.0921 0.421
8799.40470 0.2463 0.495
8799.40470 0.0388 0.665
8799.40470 0.3997 0.618
8799.40470 0.1858 1.329
8799.40470 0.0749 0.497
8799.40470 0.2849 0.740
8799.40470 0.0656 0.680
8799.40470 -0.0243 0.391
8799.40470 0.2395 0.474
8799.40470 0.3111 0.254
8799.40470 0.1725 0.265
8799.40470 0.2450 0.222
8799.40470 0.1276 0.265
8799.40470 0.2756 0.246
8799.40470 0.4216 0.342
8799.40470 0.2670 0.362
8799.40470 0.1706 0.413
8799.40470 0.1155 1.285
8799.40470 0.2959 0.257
8799.40470 0.2279 0.187
8799.40470 0.2667 0.381
8799.40470 0.2577 0.363
8799.40470 0.2637 0.445
8799.40470 0.1912 0.209
8799.40470 0.2913 0.236
8799.40470 0.3013 0.226
8799.40470 0.1600 0.193
8799.40470 0.1221 0.159
8799.40470 0.2515 0.443
8799.40470 0.2524 0.336
8799.40470 0.4591 0.982
8799.40470 0.0417 0.589
8799.40470 0.1535 0.212
8799.40470 -0.6387 0.159
8799.40470 0.3032 0.212
8799.40470 0.2787 0.477
8799.40470 0.1987 0.270
8799.40470 -0.7621 1.818
8799.40470 -0.5298 0.876
8799.40470 0.2751 0.580
8799.40470 0.5047 1.829
8799.40470 0.4759 0.893
8799.40470 0.3183 0.845
8799.40470 0.2065 1.552
8799.40470 0.4740 1.783
8799.40470 0.7674 1.310
8799.40470 0.4029 3.291
8799.40470 0.2635 2.971
