8739.50968 -0.4311 3.196
8739.50968 -0.0555 1.745
8739.50968 -0.2127 0.513
8739.50968 -0.9721 0.609
8739.50968 -3.7400 0.133
8739.50968 -3.6835 0.152
8739.50968 -0.7917 0.846
8739.50968 -1.2940 0.323
8739.50968 0.0427 0.255
8739.50968 -0.7974 0.267
8739.50968 -3.7730 0.270
8739.50968 -0.0175 0.155
8739.50968 -0.0702 0.158
8739.50968 -2.9211 0.255
8739.50968 -3.5579 0.176
8739.50968 -1.5488 0.371
8739.50968 -1.3147 0.364
8739.50968 -2.7099 0.437
8739.50968 -3.7947 0.095
8739.50968 -0.1483 2.161
8739.50968 -0.0094 0.636
8739.50968 0.0582 1.713
8739.50968 -0.2562 0.658
8739.50968 -0.5259 0.350
8739.50968 -0.0096 0.183
8739.50968 -0.1203 0.343
8739.50968 -0.8611 0.531
8739.50968 -0.0553 0.286
8739.50968 -0.0508 0.263
8739.50968 0.0506 0.379
8739.50968 -0.1088 0.204
8739.50968 -0.5514 0.280
8739.50968 -0.1827 0.302
8739.50968 0.0009 0.231
8739.50968 -0.0723 0.306
8739.50968 -0.1665 0.303
8739.50968 -0.0345 0.267
8739.50968 -0.0292 0.525
8739.50968 -0.0090 0.338
8739.50968 -0.1022 0.898
8739.50968 -0.0676 0.345
8739.50968 -0.0040 0.533
8739.50968 -0.1431 0.191
8739.50968 -0.1010 0.438
8739.50968 0.0157 0.162
8739.50968 -0.0612 0.131
8739.50968 -0.0489 0.175
8739.50968 -0.0766 0.082
8739.50968 -0.0215 0.124
8739.50968 -0.0366 0.079
8739.50968 0.0130 0.075
8739.50968 -0.0155 0.244
8739.50968 -0.0105 0.104
8739.50968 -0.0296 0.315
8739.50968 0.0092 0.086
8739.50968 -0.0076 0.096
8739.50968 0.0132 0.209
8739.50968 -0.0395 0.184
8739.50968 0.0291 0.307
8739.50968 -0.0131 0.081
8739.50968 0.0279 0.119
8739.50968 0.0376 0.121
8739.50968 0.0151 0.105
8739.50968 -0.0431 0.090
8739.50968 -0.0655 0.137
8739.50968 -0.0896 0.136
8739.50968 0.0674 0.312
8739.50968 -0.0100 0.247
8739.50968 -0.0294 0.154
8739.50968 0.0307 0.092
8739.50968 -0.0040 0.101
8739.50968 -0.0578 0.224
8739.50968 -0.0205 0.117
8739.50968 -0.1914 1.248
8739.50968 0.1076 0.825
8739.50968 0.2452 0.600
8739.50968 0.1074 1.718
8739.50968 0.1763 0.841
8739.50968 -0.0608 0.208
8739.50968 0.0033 0.701
8739.50968 0.0744 1.243
8739.50968 0.8206 1.316
8739.50968 0.0032 2.401
8739.50968 -0.4043 2.698
