8731.44301 -0.1489 1.167
8731.44301 -0.0446 1.188
8731.44301 -0.0420 0.328
8731.44301 0.0142 0.201
8731.44301 -0.1200 0.050
8731.44301 -0.0673 0.069
8731.44301 -0.0970 0.295
8731.44301 -0.0943 0.153
8731.44301 0.0632 0.148
8731.44301 0.0037 0.047
8731.44301 -0.1128 0.035
8731.44301 -0.0386 0.112
8731.44301 -0.0095 0.071
8731.44301 -0.1032 0.062
8731.44301 -0.0715 0.071
8731.44301 -0.0858 0.197
8731.44301 -0.0763 0.239
8731.44301 -0.0403 0.201
8731.44301 -0.1323 0.054
8731.44301 -0.0408 1.187
8731.44301 -0.0097 0.818
8731.44301 0.0147 1.780
8731.44301 0.0400 0.890
8731.44301 -0.0314 0.340
8731.44301 -0.0413 0.750
8731.44301 -0.0248 0.703
8731.44301 -0.0611 0.505
8731.44301 -0.0171 0.340
8731.44301 -0.0288 0.123
8731.44301 -0.0392 0.236
8731.44301 -0.0459 0.114
8731.44301 -0.0167 0.250
8731.44301 0.0064 0.284
8731.44301 -0.0315 1.326
8731.44301 -0.0348 0.644
8731.44301 -0.0130 0.273
8731.44301 -0.0160 0.369
8731.44301 -0.0274 0.582
8731.44301 -0.0157 0.388
8731.44301 -0.0605 0.966
8731.44301 -0.0539 0.283
8731.44301 -0.0348 0.495
8731.44301 -0.0494 0.324
8731.44301 -0.0341 0.388
8731.44301 -0.0224 0.189
8731.44301 -0.0589 0.088
8731.44301 -0.0276 0.227
8731.44301 -0.0178 0.049
8731.44301 -0.0287 0.066
8731.44301 -0.0279 0.044
8731.44301 -0.0257 0.038
8731.44301 -0.0271 0.111
8731.44301 -0.0228 0.064
8731.44301 -0.0335 0.438
8731.44301 -0.0280 0.039
8731.44301 -0.0393 0.048
8731.44301 -0.0223 0.092
8731.44301 -0.0121 0.080
8731.44301 -0.0159 0.155
8731.44301 -0.0466 0.079
8731.44301 -0.0057 0.046
8731.44301 -0.0187 0.199
8731.44301 0.0034 0.067
8731.44301 -0.0389 0.128
8731.44301 -0.0204 0.143
8731.44301 -0.0368 0.105
8731.44301 0.0060 0.169
8731.44301 -0.0816 0.123
8731.44301 -0.0246 0.225
8731.44301 -0.0154 0.090
8731.44301 -0.0448 0.068
8731.44301 -0.0258 0.072
8731.44301 -0.0665 0.119
8731.44301 -0.1207 0.410
8731.44301 0.1674 0.497
8731.44301 0.0032 0.493
8731.44301 0.0534 1.424
8731.44301 0.0634 0.240
8731.44301 -0.0372 0.517
8731.44301 -0.1320 0.724
8731.44301 0.0105 0.491
8731.44301 0.1397 0.950
8731.44301 -0.1047 2.202
8731.44301 -0.3956 2.432
