8747.51933 -0.1058 1.224
8747.51933 -0.0148 0.558
8747.51933 -0.0074 0.307
8747.51933 -0.6437 1.583
8747.51933 -7.4189 0.337
8747.51933 -6.7949 0.632
8747.51933 -0.5803 0.797
8747.51933 -1.3822 1.457
8747.51933 -0.0756 0.804
8747.51933 -1.2559 0.410
8747.51933 -7.3818 0.201
8747.51933 -0.0134 0.220
8747.51933 -0.1292 0.284
8747.51933 -4.5714 0.640
8747.51933 -6.2514 0.520
8747.51933 -1.8916 0.950
8747.51933 -0.8509 0.631
8747.51933 -3.8449 0.665
8747.51933 -7.4840 0.150
8747.51933 -0.0805 1.910
8747.51933 -0.0558 0.684
8747.51933 0.1288 1.661
8747.51933 -0.2474 1.338
8747.51933 -0.3891 0.892
8747.51933 -0.6135 0.415
8747.51933 -0.0854 0.295
8747.51933 -1.3219 0.585
8747.51933 0.0887 0.170
8747.51933 -0.5659 0.275
8747.51933 0.0949 0.353
8747.51933 -0.0116 0.214
8747.51933 -0.9314 0.515
8747.51933 -0.0591 0.558
8747.51933 0.0920 0.902
8747.51933 0.1158 0.382
8747.51933 0.0222 0.251
8747.51933 0.1357 0.184
8747.51933 -0.0607 0.617
8747.51933 0.0975 0.144
8747.51933 0.0941 0.971
8747.51933 -0.0469 0.371
8747.51933 0.0290 0.162
8747.51933 0.0378 0.177
8747.51933 0.0517 0.325
8747.51933 0.1094 0.151
8747.51933 0.0503 0.176
8747.51933 0.0806 0.390
8747.51933 0.1111 0.142
8747.51933 0.0122 0.169
8747.51933 0.0906 0.138
8747.51933 0.1457 0.148
8747.51933 0.1681 0.191
8747.51933 0.0840 0.161
8747.51933 0.0484 0.282
8747.51933 0.1061 0.239
8747.51933 0.0283 0.167
8747.51933 0.1006 0.320
8747.51933 0.1713 0.161
8747.51933 0.1375 0.279
8747.51933 0.0349 0.152
8747.51933 0.1071 0.163
8747.51933 0.1509 0.187
8747.51933 0.0944 0.154
8747.51933 0.1494 0.144
8747.51933 0.1146 0.166
8747.51933 0.1257 0.272
8747.51933 0.2699 0.373
8747.51933 0.0377 0.243
8747.51933 0.1303 0.266
8747.51933 0.2276 0.202
8747.51933 0.0898 0.276
8747.51933 -0.5421 0.194
8747.51933 0.2232 0.221
8747.51933 -0.0351 0.494
8747.51933 0.1963 0.193
8747.51933 0.0981 0.469
8747.51933 0.1604 1.216
8747.51933 0.2273 0.276
8747.51933 0.0646 0.470
8747.51933 0.0287 1.188
8747.51933 0.2954 1.219
8747.51933 0.2610 1.140
8747.51933 -0.0036 1.184
8747.51933 -0.0950 3.174
