8740.42060 -0.4159 1.870
8740.42060 -0.1901 1.680
8740.42060 -0.3711 1.238
8740.42060 -1.1825 0.396
8740.42060 -4.0833 0.107
8740.42060 -3.9746 0.139
8740.42060 -0.9715 0.590
8740.42060 -1.4473 0.318
8740.42060 0.0360 2.741
8740.42060 -0.9476 0.335
8740.42060 -4.0776 0.319
8740.42060 -0.1117 0.263
8740.42060 -0.1776 0.190
8740.42060 -3.1431 0.288
8740.42060 -3.7267 0.274
8740.42060 -1.6741 0.318
8740.42060 -1.4334 0.393
8740.42060 -2.8612 0.234
8740.42060 -4.0270 0.087
8740.42060 -0.3597 1.772
8740.42060 -0.1238 0.434
8740.42060 0.0029 1.088
8740.42060 -0.4124 1.059
8740.42060 -0.6309 0.850
8740.42060 -0.0695 0.416
8740.42060 -0.1805 0.375
8740.42060 -0.8777 0.538
8740.42060 -0.0957 0.223
8740.42060 -0.1060 0.233
8740.42060 -0.0325 0.335
8740.42060 -0.1718 0.165
8740.42060 -0.6078 0.323
8740.42060 -0.2446 0.276
8740.42060 -0.0263 1.012
8740.42060 -0.1108 0.433
8740.42060 -0.1463 0.261
8740.42060 -0.0990 0.149
8740.42060 -0.0683 0.487
8740.42060 -0.1094 0.078
8740.42060 -0.1444 0.859
8740.42060 -0.0863 0.257
8740.42060 -0.0618 0.588
8740.42060 -0.0977 0.156
8740.42060 -0.1772 0.430
8740.42060 -0.0069 0.075
8740.42060 -0.0965 0.071
8740.42060 -0.0536 0.211
8740.42060 -0.0829 0.042
8740.42060 -0.1101 0.062
8740.42060 -0.1309 0.056
8740.42060 -0.0137 0.039
8740.42060 -0.1165 0.137
8740.42060 -0.0447 0.056
8740.42060 -0.1171 0.291
8740.42060 -0.0885 0.062
8740.42060 -0.1014 0.058
8740.42060 -0.0433 0.157
8740.42060 -0.0962 0.064
8740.42060 -0.0502 0.136
8740.42060 -0.0893 0.068
8740.42060 -0.0310 0.056
8740.42060 -0.0031 0.175
8740.42060 -0.0679 0.057
8740.42060 -0.1347 0.146
8740.42060 -0.0331 0.039
8740.42060 -0.0538 0.118
8740.42060 -0.0277 0.151
8740.42060 -0.1700 0.146
8740.42060 -0.0514 0.102
8740.42060 -0.0664 0.104
8740.42060 -0.0558 0.369
8740.42060 -0.0175 0.136
8740.42060 -0.0267 0.396
8740.42060 -0.2048 0.519
8740.42060 0.0394 0.268
8740.42060 0.0153 0.515
8740.42060 0.0949 0.763
8740.42060 0.1203 0.612
8740.42060 -0.1906 0.676
8740.42060 0.0527 0.933
8740.42060 -0.0346 1.015
8740.42060 0.1849 1.061
8740.42060 0.0244 1.756
8740.42060 -0.5023 2.549
