8799.43030 -1.1210 10.495
8799.43030 0.1061 1.591
8799.43030 0.0443 0.462
8799.43030 0.3058 0.946
8799.43030 -28.1762 0.586
8799.43030 -28.1594 0.982
8799.43030 -0.1603 0.974
8799.43030 -0.2923 0.681
8799.43030 -0.0189 0.439
8799.43030 0.8917 0.662
8799.43030 -27.9701 1.617
8799.43030 0.1693 0.188
8799.43030 -0.0767 0.276
8799.43030 -0.3147 1.905
8799.43030 -28.2350 1.194
8799.43030 -0.2825 1.239
8799.43030 0.2686 0.765
8799.43030 0.4460 0.962
8799.43030 -28.2919 0.195
8799.43030 0.0569 1.126
8799.43030 0.1400 0.645
8799.43030 0.3970 1.070
8799.43030 0.1500 1.100
8799.43030 -1.0612 0.446
8799.43030 0.1756 0.872
8799.43030 -0.1171 0.945
8799.43030 0.2404 0.955
8799.43030 0.2676 0.828
8799.43030 0.3793 0.412
8799.43030 0.3650 0.518
8799.43030 0.1374 0.242
8799.43030 0.0753 0.618
8799.43030 0.3487 0.439
8799.43030 0.3370 1.919
8799.43030 0.1966 1.200
8799.43030 -0.1092 0.394
8799.43030 0.2102 0.492
8799.43030 0.0059 0.661
8799.43030 0.3566 0.644
8799.43030 0.1692 1.222
8799.43030 0.0397 0.433
8799.43030 0.2475 0.667
8799.43030 0.0881 0.741
8799.43030 -0.0098 0.351
8799.43030 0.2618 0.401
8799.43030 0.3069 0.217
8799.43030 0.1334 0.618
8799.43030 0.2212 0.202
8799.43030 0.1178 0.280
8799.43030 0.2705 0.211
8799.43030 0.4105 0.262
8799.43030 0.2513 0.418
8799.43030 0.1124 0.349
8799.43030 0.0938 0.871
8799.43030 0.2296 0.286
8799.43030 0.1348 0.233
8799.43030 0.2850 0.450
8799.43030 0.2683 0.331
8799.43030 0.3079 0.406
8799.43030 0.1667 0.206
8799.43030 0.2669 0.218
8799.43030 0.2593 0.299
8799.43030 0.1417 0.353
8799.43030 0.1427 0.213
8799.43030 0.3073 0.409
8799.43030 0.2971 0.246
8799.43030 0.4064 0.839
8799.43030 0.0976 0.723
8799.43030 0.1926 0.607
8799.43030 -0.5202 1.000
8799.43030 0.3378 0.227
8799.43030 0.2407 0.235
8799.43030 0.2781 0.259
8799.43030 -0.8377 0.828
8799.43030 -0.5246 0.204
8799.43030 0.1884 0.460
8799.43030 0.4191 1.047
8799.43030 0.4718 0.596
8799.43030 0.3215 0.348
8799.43030 0.4105 1.752
8799.43030 0.6021 0.687
8799.43030 0.2255 2.040
8799.43030 0.2034 1.863
8799.43030 0.0488 2.317
