8731.42867 0.0145 0.351
8731.42867 -0.0860 1.230
8731.42867 0.0662 1.367
8731.42867 0.0711 0.199
8731.42867 -0.0730 0.061
8731.42867 -0.0274 0.041
8731.42867 -0.0141 0.399
8731.42867 -0.0610 0.138
8731.42867 0.0513 0.676
8731.42867 -0.0000 0.054
8731.42867 -0.0701 0.045
8731.42867 -0.0086 0.077
8731.42867 -0.0268 0.075
8731.42867 -0.0701 0.083
8731.42867 -0.0367 0.135
8731.42867 -0.0335 0.320
8731.42867 -0.0480 0.527
8731.42867 -0.0264 0.403
8731.42867 -0.0744 0.242
8731.42867 -0.0416 1.527
8731.42867 -0.0206 0.887
8731.42867 -0.0164 1.683
8731.42867 0.0120 1.290
8731.42867 -0.0201 0.913
8731.42867 -0.0080 1.230
8731.42867 0.0076 0.254
8731.42867 -0.0261 0.328
8731.42867 -0.0275 0.919
8731.42867 0.0049 0.827
8731.42867 -0.0210 0.730
8731.42867 -0.0291 0.082
8731.42867 -0.0182 0.156
8731.42867 -0.0158 0.424
8731.42867 -0.0514 0.247
8731.42867 0.0018 0.133
8731.42867 -0.0033 0.189
8731.42867 0.0075 0.172
8731.42867 -0.0143 0.331
8731.42867 0.0184 0.054
8731.42867 -0.0424 0.399
8731.42867 -0.0273 0.129
8731.42867 -0.0168 0.050
8731.42867 -0.0156 0.080
8731.42867 -0.0228 0.272
8731.42867 -0.0156 0.142
8731.42867 -0.0456 0.112
8731.42867 -0.0283 0.333
8731.42867 -0.0117 0.078
8731.42867 -0.0334 0.072
8731.42867 -0.0436 0.044
8731.42867 0.0036 0.057
8731.42867 0.0059 0.061
8731.42867 -0.0114 0.067
8731.42867 -0.0022 0.489
8731.42867 -0.0156 0.041
8731.42867 -0.0056 0.111
8731.42867 -0.0169 0.234
8731.42867 -0.0375 0.105
8731.42867 -0.0178 0.051
8731.42867 -0.0259 0.066
8731.42867 0.0194 0.062
8731.42867 0.0045 0.162
8731.42867 0.0059 0.056
8731.42867 -0.0326 0.052
8731.42867 -0.0102 0.170
8731.42867 -0.0658 0.079
8731.42867 0.1051 0.197
8731.42867 -0.0972 0.894
8731.42867 -0.0087 0.201
8731.42867 0.0170 0.209
8731.42867 -0.0538 0.111
8731.42867 0.0042 0.085
8731.42867 -0.0238 0.132
8731.42867 -0.1259 0.343
8731.42867 0.0329 0.184
8731.42867 0.0156 0.739
8731.42867 0.0316 0.793
8731.42867 0.1027 0.112
8731.42867 -0.0385 0.144
8731.42867 -0.0456 1.015
8731.42867 0.0552 0.962
8731.42867 0.1596 0.827
8731.42867 -0.1883 3.327
8731.42867 -0.0747 4.427
