8748.31569 -0.4534 2.585
8748.31569 -0.1829 1.666
8748.31569 -0.3676 0.637
8748.31569 -1.7034 0.564
8748.31569 -7.5328 0.154
8748.31569 -7.2958 0.294
8748.31569 -1.2994 0.994
8748.31569 -2.3352 0.486
8748.31569 -0.0766 0.942
8748.31569 -1.4409 0.380
8748.31569 -7.4517 0.945
8748.31569 -0.0440 0.197
8748.31569 -0.2972 0.286
8748.31569 -5.7683 0.348
8748.31569 -7.0067 0.331
8748.31569 -2.9066 0.509
8748.31569 -2.0004 0.744
8748.31569 -5.4979 0.425
8748.31569 -7.5805 0.165
8748.31569 -0.1949 0.690
8748.31569 -0.0906 0.778
8748.31569 0.0355 1.348
8748.31569 -0.4676 1.070
8748.31569 -0.8148 0.427
8748.31569 -0.0190 0.759
8748.31569 -0.1894 0.870
8748.31569 -1.3494 0.454
8748.31569 -0.0394 0.350
8748.31569 0.0317 0.183
8748.31569 -0.0199 0.501
8748.31569 -0.0822 0.187
8748.31569 -0.7869 0.453
8748.31569 -0.2479 0.405
8748.31569 -0.0436 1.773
8748.31569 -0.1336 0.689
8748.31569 -0.2163 0.430
8748.31569 -0.0704 0.470
8748.31569 -0.0496 0.621
8748.31569 0.0145 0.740
8748.31569 -0.1070 1.359
8748.31569 -0.0547 0.472
8748.31569 0.0046 0.629
8748.31569 -0.1473 0.381
8748.31569 -0.1620 0.489
8748.31569 0.0263 0.177
8748.31569 0.0539 0.176
8748.31569 -0.0286 0.493
8748.31569 -0.0513 0.163
8748.31569 -0.0503 0.309
8748.31569 -0.0211 0.156
8748.31569 0.0809 0.145
8748.31569 0.0249 0.275
8748.31569 -0.0191 0.188
8748.31569 -0.0525 0.216
8748.31569 -0.0486 0.272
8748.31569 -0.1199 0.182
8748.31569 0.0116 0.443
8748.31569 -0.0382 0.198
8748.31569 0.0806 0.187
8748.31569 -0.0305 0.175
8748.31569 0.0325 0.296
8748.31569 -0.0202 0.224
8748.31569 0.0179 0.199
8748.31569 -0.0197 0.193
8748.31569 0.0264 0.232
8748.31569 -0.0256 0.288
8748.31569 0.0752 0.395
8748.31569 -0.0715 0.364
8748.31569 -0.0370 0.866
8748.31569 0.0757 0.296
8748.31569 -0.0066 0.204
8748.31569 0.0661 0.195
8748.31569 0.0319 0.260
8748.31569 -0.1900 0.595
8748.31569 0.1420 0.230
8748.31569 0.0938 0.484
8748.31569 0.1052 1.212
8748.31569 0.2001 0.372
8748.31569 0.0035 0.353
8748.31569 0.0905 0.974
8748.31569 0.1412 0.861
8748.31569 0.1924 0.615
8748.31569 -0.1474 2.675
8748.31569 -0.3678 2.290
