8794.55281 -1.1033 9.934
8794.55281 0.0386 1.260
8794.55281 -0.2692 0.704
8794.55281 -0.0371 1.419
8794.55281 -26.9207 0.312
8794.55281 -27.2661 0.611
8794.55281 -0.9924 1.651
8794.55281 -1.1832 1.774
8794.55281 -0.1976 0.282
8794.55281 0.9340 0.974
8794.55281 -26.5989 2.777
8794.55281 0.0016 0.136
8794.55281 -0.4099 0.346
8794.55281 -26.4758 0.727
8794.55281 -27.2085 0.556
8794.55281 -1.7502 2.316
8794.55281 -0.6219 1.830
8794.55281 -27.1016 0.660
8794.55281 -27.0181 0.322
8794.55281 -0.0119 0.297
8794.55281 -0.2557 0.649
8794.55281 -0.0765 2.210
8794.55281 0.2392 0.932
8794.55281 -0.2821 0.619
8794.55281 -0.0909 0.836
8794.55281 -0.2156 0.907
8794.55281 0.2140 1.196
8794.55281 0.1505 0.570
8794.55281 0.2551 0.186
8794.55281 0.2298 0.460
8794.55281 -0.0243 0.153
8794.55281 0.1170 0.689
8794.55281 0.4012 0.728
8794.55281 0.3002 1.881
8794.55281 0.1338 1.028
8794.55281 -0.2115 0.539
8794.55281 0.1233 0.512
8794.55281 -0.0392 0.649
8794.55281 0.0963 0.660
8794.55281 0.1068 1.386
8794.55281 -0.0046 0.863
8794.55281 0.1793 0.811
8794.55281 0.0510 0.803
8794.55281 -0.1303 0.615
8794.55281 0.1507 0.333
8794.55281 0.1789 0.128
8794.55281 0.1120 0.152
8794.55281 0.1137 0.115
8794.55281 0.0715 0.441
8794.55281 0.0405 0.131
8794.55281 0.2863 0.352
8794.55281 0.1299 0.188
8794.55281 0.1212 0.399
8794.55281 0.0952 0.634
8794.55281 0.0736 0.560
8794.55281 0.0693 0.133
8794.55281 0.2324 0.431
8794.55281 0.1435 0.166
8794.55281 0.1785 0.290
8794.55281 0.0827 0.286
8794.55281 0.2707 0.366
8794.55281 0.2217 0.233
8794.55281 0.4541 0.404
8794.55281 0.0825 0.160
8794.55281 0.2830 0.231
8794.55281 0.4171 0.450
8794.55281 0.3808 1.081
8794.55281 -0.1697 2.700
8794.55281 0.1331 0.314
8794.55281 0.3210 0.583
8794.55281 0.2443 0.296
8794.55281 0.2069 0.311
8794.55281 0.2930 0.655
8794.55281 -0.0387 0.583
8794.55281 -0.4444 1.541
8794.55281 0.2760 2.198
8794.55281 0.3258 2.277
8794.55281 0.4147 1.533
8794.55281 0.1617 2.502
8794.55281 -0.2251 7.251
8794.55281 -900.7596 5.635
8794.55281 -1205.334 1.352
8794.55281 -0.2321 5.272
8794.55281 0.7866 7.998
