8746.42030 -0.2507 1.783
8746.42030 -0.0821 1.013
8746.42030 -0.1343 1.746
8746.42030 -0.9696 0.396
8746.42030 -6.7650 0.220
8746.42030 -6.3855 0.489
8746.42030 -0.8280 0.457
8746.42030 -1.5795 0.519
8746.42030 -0.0310 0.497
8746.42030 -1.1601 0.336
8746.42030 -6.7624 0.136
8746.42030 -0.0248 0.165
8746.42030 -0.1769 0.209
8746.42030 -4.7578 0.494
8746.42030 -6.0310 0.451
8746.42030 -2.2817 0.664
8746.42030 -1.3623 1.349
8746.42030 -4.2925 0.777
8746.42030 -6.8201 0.220
8746.42030 -0.2232 2.076
8746.42030 -0.0771 0.693
8746.42030 0.0419 1.639
8746.42030 -0.3718 1.129
8746.42030 -0.5582 0.930
8746.42030 -0.0918 0.399
8746.42030 -0.1262 0.351
8746.42030 -1.2246 0.530
8746.42030 0.0068 1.159
8746.42030 -0.0245 0.326
8746.42030 0.0215 0.427
8746.42030 -0.0667 0.212
8746.42030 -0.4699 0.337
8746.42030 -0.1913 0.466
8746.42030 0.0508 0.914
8746.42030 -0.0642 0.408
8746.42030 -0.6891 0.159
8746.42030 -0.0001 0.189
8746.42030 -0.0059 0.573
8746.42030 -0.6236 0.157
8746.42030 0.0260 0.918
8746.42030 -0.0657 0.302
8746.42030 0.0751 0.157
8746.42030 0.0734 0.221
8746.42030 -0.7040 0.360
8746.42030 0.0455 0.166
8746.42030 0.0166 0.180
8746.42030 0.0776 0.274
8746.42030 0.0328 0.138
8746.42030 0.0099 0.169
8746.42030 -0.0023 0.121
8746.42030 0.1463 0.169
8746.42030 0.0136 0.169
8746.42030 0.0861 0.169
8746.42030 -0.0069 0.222
8746.42030 0.0285 0.121
8746.42030 -0.0491 0.110
8746.42030 0.1351 0.179
8746.42030 0.0637 0.158
8746.42030 0.0839 0.271
8746.42030 0.0416 0.153
8746.42030 0.1036 0.272
8746.42030 0.0786 0.181
8746.42030 0.0728 0.143
8746.42030 0.0766 0.150
8746.42030 0.1313 0.168
8746.42030 0.0313 0.195
8746.42030 0.1663 0.448
8746.42030 -0.0281 0.605
8746.42030 0.0549 0.573
8746.42030 0.1520 0.200
8746.42030 0.0675 0.220
8746.42030 0.0398 0.218
8746.42030 0.1310 0.163
8746.42030 -0.0686 0.540
8746.42030 0.2404 0.280
8746.42030 0.1263 0.351
8746.42030 0.2243 0.762
8746.42030 0.2283 0.329
8746.42030 0.1132 0.605
8746.42030 0.0794 1.184
8746.42030 0.2391 0.541
8746.42030 0.4940 1.806
8746.42030 0.1026 1.155
8746.42030 -0.2395 2.408
