8732.56319 -0.1863 0.235
8732.56319 -0.1660 1.529
8732.56319 -0.2244 1.154
8732.56319 -0.2732 0.266
8732.56319 -0.8318 0.086
8732.56319 -0.8880 0.151
8732.56319 -0.1419 0.443
8732.56319 -0.3313 0.323
8732.56319 0.0870 0.590
8732.56319 -0.1503 0.171
8732.56319 -0.8698 0.130
8732.56319 -0.0510 0.228
8732.56319 -0.0804 0.194
8732.56319 -0.6037 0.142
8732.56319 -0.8801 0.161
8732.56319 -0.3757 0.289
8732.56319 -0.3777 0.321
8732.56319 -0.6084 0.100
8732.56319 -0.8346 0.052
8732.56319 -0.1641 1.997
8732.56319 -0.1033 0.523
8732.56319 0.0553 1.289
8732.56319 -0.1717 0.703
8732.56319 -0.1806 0.346
8732.56319 -0.0677 0.178
8732.56319 -0.1020 0.188
8732.56319 -0.2380 0.442
8732.56319 -0.0451 0.801
8732.56319 -0.0976 0.313
8732.56319 0.0007 0.433
8732.56319 -0.1238 0.221
8732.56319 -0.1649 0.194
8732.56319 -0.1588 0.296
8732.56319 -0.0590 0.312
8732.56319 -0.1126 0.388
8732.56319 -0.1699 0.308
8732.56319 -0.0829 0.307
8732.56319 -0.0748 0.612
8732.56319 -0.0795 0.448
8732.56319 -0.0638 0.775
8732.56319 -0.0466 0.232
8732.56319 -0.0405 0.174
8732.56319 -0.1527 0.413
8732.56319 -0.1006 0.429
8732.56319 -0.0164 0.191
8732.56319 -0.0460 0.181
8732.56319 -0.0438 0.310
8732.56319 -0.0098 0.235
8732.56319 -0.0459 0.174
8732.56319 -0.0909 0.138
8732.56319 -0.0676 0.165
8732.56319 -0.0305 0.210
8732.56319 -0.0848 0.151
8732.56319 -0.1211 0.209
8732.56319 -0.0198 0.154
8732.56319 -0.0544 0.150
8732.56319 -0.0259 0.289
8732.56319 -0.0271 0.177
8732.56319 -0.0147 0.176
8732.56319 -0.0476 0.163
8732.56319 -0.0153 0.177
8732.56319 -0.0192 0.222
8732.56319 -0.0049 0.172
8732.56319 -0.0654 0.149
8732.56319 -0.0845 0.150
8732.56319 -0.1308 0.179
8732.56319 -0.0378 0.278
8732.56319 -0.1234 0.207
8732.56319 -0.0971 0.209
8732.56319 -0.0563 0.296
8732.56319 -0.0373 0.180
8732.56319 -0.0266 0.170
8732.56319 -0.0698 0.180
8732.56319 -0.1377 0.696
8732.56319 0.0787 0.569
8732.56319 -0.0306 0.700
8732.56319 0.0782 1.727
8732.56319 0.0679 0.394
8732.56319 0.0002 0.584
8732.56319 -0.1013 0.807
8732.56319 -0.1771 0.842
8732.56319 0.1947 0.858
8732.56319 -0.2959 1.347
8732.56319 -0.6456 2.088
