8746.34414 -0.4828 3.622
8746.34414 -0.0949 0.646
8746.34414 -0.1090 0.800
8746.34414 -1.0109 0.732
8746.34414 -6.5885 0.187
8746.34414 -6.2916 0.454
8746.34414 -0.8199 0.482
8746.34414 -1.6986 0.467
8746.34414 -0.1229 1.288
8746.34414 -1.1984 0.373
8746.34414 -6.5786 0.185
8746.34414 0.0191 0.203
8746.34414 -0.1883 0.131
8746.34414 -4.7912 0.399
8746.34414 -5.9445 0.339
8746.34414 -2.3091 0.424
8746.34414 -1.2115 0.578
8746.34414 -4.2817 0.380
8746.34414 -6.6369 0.137
8746.34414 -0.1449 1.379
8746.34414 -0.0420 0.544
8746.34414 0.1413 1.048
8746.34414 -0.4053 0.930
8746.34414 -0.5002 0.429
8746.34414 -0.0204 0.758
8746.34414 -0.0546 0.718
8746.34414 -1.2620 0.844
8746.34414 0.0189 1.078
8746.34414 -0.0228 0.164
8746.34414 0.0980 0.442
8746.34414 -0.0450 0.169
8746.34414 -0.4161 0.744
8746.34414 -0.0894 0.461
8746.34414 -0.0263 2.142
8746.34414 0.0048 0.785
8746.34414 -0.6469 0.326
8746.34414 -0.0100 0.467
8746.34414 -0.0071 0.661
8746.34414 -0.5982 0.636
8746.34414 0.0390 1.323
8746.34414 -0.0381 0.507
8746.34414 0.0888 0.658
8746.34414 0.0905 0.431
8746.34414 -0.6428 0.326
8746.34414 0.1203 0.141
8746.34414 0.0713 0.127
8746.34414 0.1516 0.212
8746.34414 0.0535 0.110
8746.34414 0.0126 0.298
8746.34414 0.0121 0.137
8746.34414 0.1176 0.310
8746.34414 0.0305 0.135
8746.34414 0.1322 0.226
8746.34414 0.0532 0.366
8746.34414 0.0543 0.132
8746.34414 -0.0010 0.206
8746.34414 0.1619 0.301
8746.34414 0.0322 0.160
8746.34414 0.1303 0.239
8746.34414 0.0996 0.151
8746.34414 0.0712 0.196
8746.34414 0.1286 0.237
8746.34414 0.1130 0.271
8746.34414 0.0912 0.117
8746.34414 0.1304 0.202
8746.34414 0.0043 0.141
8746.34414 0.1556 0.374
8746.34414 -0.1290 1.161
8746.34414 0.1203 0.471
8746.34414 0.1082 0.681
8746.34414 0.1590 0.407
8746.34414 0.0850 0.341
8746.34414 0.1306 0.514
8746.34414 0.0301 1.433
8746.34414 0.2395 0.738
8746.34414 0.1546 0.255
8746.34414 0.2919 0.698
8746.34414 0.2038 0.766
8746.34414 0.1446 0.266
8746.34414 -0.0797 1.090
8746.34414 0.0511 0.877
8746.34414 0.3367 0.872
8746.34414 0.3180 2.884
8746.34414 -0.1670 1.303
