8731.41491 0.1366 1.139
8731.41491 -0.0571 0.267
8731.41491 0.0131 1.238
8731.41491 0.0325 0.163
8731.41491 -0.0461 0.059
8731.41491 -0.0190 0.029
8731.41491 -0.0838 0.159
8731.41491 -0.0751 1.279
8731.41491 0.0031 0.243
8731.41491 0.0138 0.076
8731.41491 -0.0536 0.185
8731.41491 -0.0200 0.169
8731.41491 -0.0179 0.189
8731.41491 -0.0380 0.136
8731.41491 -0.0276 0.214
8731.41491 -0.0481 0.487
8731.41491 -0.0762 0.946
8731.41491 0.0015 0.433
8731.41491 -0.0488 0.320
8731.41491 -0.1334 2.336
8731.41491 -0.0085 0.855
8731.41491 0.0175 1.592
8731.41491 -0.0040 1.269
8731.41491 -0.0073 0.899
8731.41491 0.0031 1.117
8731.41491 0.0271 0.334
8731.41491 -0.0053 0.193
8731.41491 -0.0208 0.692
8731.41491 -0.0083 0.531
8731.41491 -0.0136 0.330
8731.41491 -0.0370 0.150
8731.41491 -0.0028 0.293
8731.41491 -0.0229 0.348
8731.41491 0.0019 0.565
8731.41491 0.0052 0.416
8731.41491 -0.0023 0.237
8731.41491 0.0083 0.183
8731.41491 -0.0125 0.294
8731.41491 0.0011 0.152
8731.41491 -0.0294 0.459
8731.41491 -0.0225 0.168
8731.41491 -0.0063 0.063
8731.41491 -0.0263 0.089
8731.41491 -0.0195 0.340
8731.41491 -0.0115 0.095
8731.41491 -0.0352 0.069
8731.41491 -0.0272 0.289
8731.41491 -0.0031 0.036
8731.41491 -0.0345 0.135
8731.41491 -0.0489 0.055
8731.41491 -0.0227 0.080
8731.41491 -0.0093 0.124
8731.41491 0.0017 0.068
8731.41491 -0.0057 0.146
8731.41491 -0.0435 0.071
8731.41491 -0.0097 0.054
8731.41491 -0.0096 0.105
8731.41491 0.0069 0.077
8731.41491 -0.0036 0.093
8731.41491 -0.0408 0.077
8731.41491 -0.0079 0.179
8731.41491 -0.0017 0.124
8731.41491 0.0542 0.122
8731.41491 -0.0226 0.034
8731.41491 -0.0233 0.045
8731.41491 -0.0638 0.084
8731.41491 0.0705 0.110
8731.41491 -0.4114 1.034
8731.41491 0.0172 0.124
8731.41491 0.0221 0.252
8731.41491 -0.0433 0.145
8731.41491 0.0099 0.079
8731.41491 -0.0364 0.308
8731.41491 -0.0729 0.830
8731.41491 0.0837 0.438
8731.41491 0.0125 0.645
8731.41491 -0.0576 2.588
8731.41491 0.0906 0.405
8731.41491 -0.0237 0.565
8731.41491 0.1498 1.310
8731.41491 -0.0142 1.263
8731.41491 0.2636 1.347
8731.41491 -0.2267 2.222
8731.41491 -0.2583 2.118
