8757.50470 -0.8615 5.159
8757.50470 -0.1456 1.336
8757.50470 -0.3409 1.223
8757.50470 -1.0307 1.286
8757.50470 -12.1499 0.225
8757.50470 -11.9987 0.355
8757.50470 -1.8915 1.457
8757.50470 -3.5712 0.780
8757.50470 -0.0481 0.338
8757.50470 -1.1347 0.606
8757.50470 -11.8920 0.332
8757.50470 -0.1416 0.185
8757.50470 -0.2526 0.238
8757.50470 -10.7119 0.700
8757.50470 -11.6395 0.442
8757.50470 -3.8823 1.180
8757.50470 -0.2609 1.805
8757.50470 -10.3438 0.780
8757.50470 -12.1659 0.178
8757.50470 -0.0914 0.715
8757.50470 -0.0025 0.683
8757.50470 0.0291 1.717
8757.50470 -0.4329 1.002
8757.50470 -0.8722 0.547
8757.50470 -0.1723 0.755
8757.50470 -0.1746 0.809
8757.50470 -1.4322 0.662
8757.50470 -0.0388 1.009
8757.50470 0.0511 0.156
8757.50470 -0.0103 0.360
8757.50470 -0.1214 0.138
8757.50470 -0.7149 0.776
8757.50470 -0.3513 0.498
8757.50470 -0.0319 1.667
8757.50470 -0.0131 0.743
8757.50470 -0.1483 0.466
8757.50470 -0.0092 0.405
8757.50470 -0.1778 0.607
8757.50470 0.0121 0.617
8757.50470 -0.1277 1.212
8757.50470 -0.1708 0.444
8757.50470 -0.0921 0.625
8757.50470 -0.0699 0.281
8757.50470 -0.0962 0.373
8757.50470 -0.3555 0.195
8757.50470 -0.0611 0.124
8757.50470 -0.0309 0.225
8757.50470 -0.0660 0.113
8757.50470 -0.0693 0.286
8757.50470 -0.0470 0.106
8757.50470 0.0200 0.158
8757.50470 -0.3428 0.256
8757.50470 -0.1105 0.153
8757.50470 -0.3835 0.249
8757.50470 -0.0796 0.213
8757.50470 -0.0341 0.112
8757.50470 -0.0878 0.308
8757.50470 -0.0761 0.238
8757.50470 -0.0203 0.351
8757.50470 -0.0647 0.114
8757.50470 0.0284 0.138
8757.50470 -0.0192 0.191
8757.50470 -0.0300 0.119
8757.50470 -0.3890 0.196
8757.50470 -0.3228 0.290
8757.50470 -0.3690 0.223
8757.50470 0.1146 0.504
8757.50470 -0.1138 0.354
8757.50470 0.0090 0.323
8757.50470 0.0653 0.176
8757.50470 0.0049 0.354
8757.50470 0.2171 0.581
8757.50470 -0.0932 0.219
8757.50470 -0.2495 0.446
8757.50470 0.0671 0.421
8757.50470 0.0367 0.466
8757.50470 0.0749 1.077
8757.50470 0.0635 0.223
8757.50470 0.0141 0.205
8757.50470 0.0629 1.267
8757.50470 0.1908 0.935
8757.50470 0.1087 0.767
8757.50470 -0.1710 1.665
8757.50470 -0.5649 1.921
