8799.44184 -1.1295 10.445
8799.44184 0.0628 1.926
8799.44184 -0.0235 0.477
8799.44184 -0.1452 1.481
8799.44184 -28.1859 0.583
8799.44184 -28.1851 0.951
8799.44184 -0.1679 1.075
8799.44184 -0.2720 0.725
8799.44184 0.0141 0.432
8799.44184 0.9289 0.675
8799.44184 -27.9843 1.655
8799.44184 0.1651 0.184
8799.44184 -0.0647 0.279
8799.44184 -0.2820 1.897
8799.44184 -28.2504 1.196
8799.44184 -0.2885 1.275
8799.44184 0.2612 0.801
8799.44184 0.4198 0.954
8799.44184 -28.3032 0.196
8799.44184 0.0720 0.885
8799.44184 0.1773 0.552
8799.44184 0.3894 1.095
8799.44184 0.1434 1.102
8799.44184 -1.0617 0.457
8799.44184 0.1800 0.822
8799.44184 -0.1230 0.952
8799.44184 0.2652 0.961
8799.44184 0.3038 0.720
8799.44184 0.3904 0.293
8799.44184 0.3838 0.457
8799.44184 0.1500 0.219
8799.44184 0.0644 0.613
8799.44184 0.3803 0.435
8799.44184 0.3441 1.915
8799.44184 0.1876 1.447
8799.44184 -0.0957 0.421
8799.44184 0.2152 0.478
8799.44184 -0.0032 0.649
8799.44184 0.3737 0.479
8799.44184 0.1741 1.185
8799.44184 0.0460 0.396
8799.44184 0.2734 0.659
8799.44184 0.0897 0.763
8799.44184 0.0040 0.427
8799.44184 0.2665 0.423
8799.44184 0.3086 0.212
8799.44184 0.1386 0.420
8799.44184 0.2234 0.204
8799.44184 0.1196 0.321
8799.44184 0.2726 0.212
8799.44184 0.4178 0.245
8799.44184 0.2479 0.378
8799.44184 0.1543 0.358
8799.44184 0.0991 0.901
8799.44184 0.2447 0.304
8799.44184 0.1393 0.221
8799.44184 0.2943 0.511
8799.44184 0.2723 0.312
8799.44184 0.3014 0.517
8799.44184 0.1540 0.222
8799.44184 0.2821 0.223
8799.44184 0.2669 0.238
8799.44184 0.1572 0.354
8799.44184 0.1644 0.274
8799.44184 0.3094 0.387
8799.44184 0.3134 0.324
8799.44184 0.4514 0.716
8799.44184 0.0998 0.789
8799.44184 0.1853 0.653
8799.44184 -0.6254 0.286
8799.44184 0.3455 0.431
8799.44184 0.2662 0.276
8799.44184 0.3286 0.234
8799.44184 -0.8401 0.709
8799.44184 -0.5193 0.381
8799.44184 0.2039 0.439
8799.44184 0.4360 1.227
8799.44184 0.4428 0.309
8799.44184 0.2796 0.320
8799.44184 0.3646 1.356
8799.44184 0.5793 0.761
8799.44184 0.5646 1.503
8799.44184 0.2864 2.034
8799.44184 0.0594 2.000
