8731.46989 -0.1048 1.068
8731.46989 -0.0249 1.488
8731.46989 -0.0180 1.457
8731.46989 0.0297 0.257
8731.46989 -0.1772 0.104
8731.46989 -0.0903 0.084
8731.46989 -0.1428 0.319
8731.46989 -0.1510 0.195
8731.46989 0.0686 1.173
8731.46989 -0.0033 0.100
8731.46989 -0.1496 0.106
8731.46989 -0.0088 0.097
8731.46989 -0.0181 0.067
8731.46989 -0.1547 0.092
8731.46989 -0.1002 0.091
8731.46989 -0.1343 0.131
8731.46989 -0.0692 0.443
8731.46989 -0.0981 0.361
8731.46989 -0.1666 0.230
8731.46989 -0.0905 1.590
8731.46989 -0.0207 0.830
8731.46989 0.0071 1.845
8731.46989 -0.0411 1.281
8731.46989 -0.0284 0.897
8731.46989 -0.0193 1.267
8731.46989 -0.0062 0.305
8731.46989 -0.0484 0.293
8731.46989 -0.0264 0.898
8731.46989 -0.0060 0.570
8731.46989 -0.0040 0.286
8731.46989 -0.0339 0.143
8731.46989 -0.0379 0.156
8731.46989 -0.0004 0.303
8731.46989 -0.0072 0.836
8731.46989 -0.0203 0.320
8731.46989 -0.0012 0.165
8731.46989 0.0194 0.130
8731.46989 -0.0155 0.464
8731.46989 -0.0031 0.240
8731.46989 -0.0350 0.753
8731.46989 -0.0231 0.252
8731.46989 -0.0132 0.059
8731.46989 -0.0314 0.106
8731.46989 -0.0296 0.270
8731.46989 -0.0220 0.083
8731.46989 -0.0383 0.060
8731.46989 -0.0093 0.110
8731.46989 -0.0043 0.052
8731.46989 -0.0315 0.124
8731.46989 -0.0253 0.044
8731.46989 -0.0168 0.056
8731.46989 -0.0056 0.059
8731.46989 -0.0066 0.063
8731.46989 -0.0032 0.123
8731.46989 -0.0139 0.048
8731.46989 -0.0284 0.060
8731.46989 -0.0144 0.186
8731.46989 -0.0177 0.091
8731.46989 -0.0329 0.062
8731.46989 -0.0275 0.111
8731.46989 -0.0078 0.115
8731.46989 -0.0166 0.291
8731.46989 0.0148 0.071
8731.46989 -0.0262 0.045
8731.46989 -0.0190 0.083
8731.46989 -0.0569 0.109
8731.46989 0.0166 0.209
8731.46989 0.0230 0.456
8731.46989 -0.0701 0.383
8731.46989 0.0083 0.174
8731.46989 -0.0104 0.073
8731.46989 0.0044 0.087
8731.46989 -0.0584 0.071
8731.46989 -0.1618 0.768
8731.46989 0.0647 0.651
8731.46989 0.0161 0.509
8731.46989 0.0783 1.939
8731.46989 0.1032 0.415
8731.46989 -0.0142 1.327
8731.46989 -0.2479 1.351
8731.46989 0.0520 0.834
8731.46989 0.2293 0.744
8731.46989 -0.0427 2.698
8731.46989 -0.0850 3.054
