8746.36987 -0.4935 3.578
8746.36987 -0.1208 1.542
8746.36987 -0.2333 0.748
8746.36987 -1.0506 0.715
8746.36987 -6.6827 0.199
8746.36987 -6.2987 0.400
8746.36987 -0.9070 0.536
8746.36987 -1.6402 0.522
8746.36987 -0.0578 0.444
8746.36987 -1.1935 0.359
8746.36987 -6.6443 0.182
8746.36987 -0.0538 0.137
8746.36987 -0.1888 0.168
8746.36987 -4.7618 0.364
8746.36987 -5.9740 0.355
8746.36987 -2.2838 0.545
8746.36987 -1.2717 0.542
8746.36987 -4.2328 0.369
8746.36987 -6.7166 0.136
8746.36987 -0.0851 0.455
8746.36987 -0.0402 0.322
8746.36987 0.0805 1.438
8746.36987 -0.3350 0.931
8746.36987 -0.5169 0.476
8746.36987 -0.0863 0.777
8746.36987 -0.1216 0.693
8746.36987 -1.2406 0.493
8746.36987 0.0183 1.009
8746.36987 -0.0333 0.147
8746.36987 0.0255 0.265
8746.36987 -0.0625 0.141
8746.36987 -0.4413 0.482
8746.36987 -0.1905 0.338
8746.36987 -0.0272 1.979
8746.36987 -0.0884 0.922
8746.36987 -0.6935 0.353
8746.36987 -0.0017 0.449
8746.36987 -0.0019 0.610
8746.36987 -0.6234 0.614
8746.36987 0.0120 1.280
8746.36987 -0.0838 0.457
8746.36987 0.0545 0.576
8746.36987 0.0666 0.371
8746.36987 -0.7045 0.418
8746.36987 0.0378 0.166
8746.36987 0.0173 0.135
8746.36987 0.0816 0.293
8746.36987 0.0561 0.112
8746.36987 0.0015 0.260
8746.36987 -0.0064 0.102
8746.36987 0.1600 0.140
8746.36987 0.0226 0.151
8746.36987 0.0958 0.150
8746.36987 0.0074 0.394
8746.36987 0.0068 0.145
8746.36987 -0.0572 0.092
8746.36987 0.1385 0.188
8746.36987 0.0589 0.158
8746.36987 0.0796 0.303
8746.36987 0.0483 0.110
8746.36987 0.1213 0.176
8746.36987 0.0928 0.196
8746.36987 0.0749 0.122
8746.36987 0.0782 0.133
8746.36987 0.1287 0.120
8746.36987 0.0670 0.272
8746.36987 0.1635 0.298
8746.36987 -0.0499 0.211
8746.36987 0.0523 0.518
8746.36987 0.1910 0.173
8746.36987 0.0952 0.240
8746.36987 0.0660 0.141
8746.36987 0.1456 0.140
8746.36987 -0.0702 0.788
8746.36987 0.2163 0.217
8746.36987 0.1183 0.271
8746.36987 0.2152 1.145
8746.36987 0.2010 0.212
8746.36987 0.1419 0.638
8746.36987 0.0494 0.936
8746.36987 0.2647 0.491
8746.36987 0.2146 0.915
8746.36987 0.0654 2.593
8746.36987 -0.2368 1.830
