8743.54939 -0.2692 2.261
8743.54939 -0.1576 1.543
8743.54939 -0.3420 1.230
8743.54939 -1.6450 0.474
8743.54939 -5.7555 0.134
8743.54939 -5.6270 0.187
8743.54939 -1.1353 0.575
8743.54939 -1.9976 0.340
8743.54939 -0.0715 0.258
8743.54939 -1.6581 0.281
8743.54939 -5.7167 0.082
8743.54939 -0.0547 0.118
8743.54939 -0.1578 0.188
8743.54939 -4.4924 0.311
8743.54939 -5.2792 0.241
8743.54939 -2.4678 0.540
8743.54939 -1.9911 0.657
8743.54939 -4.1832 0.589
8743.54939 -5.7674 0.131
8743.54939 -0.3087 1.046
8743.54939 0.0189 0.591
8743.54939 0.0416 1.571
8743.54939 -0.4812 1.142
8743.54939 -0.7135 0.793
8743.54939 -0.0772 0.348
8743.54939 -0.0971 0.352
8743.54939 -1.1770 0.792
8743.54939 -0.0109 0.182
8743.54939 -0.0203 0.212
8743.54939 0.0297 0.333
8743.54939 -0.1786 0.199
8743.54939 -0.7889 0.371
8743.54939 -0.3392 0.376
8743.54939 0.0203 0.777
8743.54939 -0.0469 0.409
8743.54939 -0.2334 0.263
8743.54939 0.0714 0.213
8743.54939 -0.0657 0.523
8743.54939 -0.0259 0.253
8743.54939 -0.0507 0.749
8743.54939 -0.1119 0.361
8743.54939 -0.0520 0.125
8743.54939 -0.1555 0.164
8743.54939 -0.0602 0.352
8743.54939 -0.0286 0.128
8743.54939 -0.0270 0.138
8743.54939 -0.0783 0.347
8743.54939 -0.1260 0.122
8743.54939 -0.0448 0.236
8743.54939 -0.0020 0.104
8743.54939 -0.0002 0.105
8743.54939 -0.0527 0.166
8743.54939 -0.0516 0.141
8743.54939 0.0114 0.173
8743.54939 0.0056 0.257
8743.54939 -0.0524 0.161
8743.54939 -0.0403 0.385
8743.54939 -0.0017 0.208
8743.54939 0.0193 0.193
8743.54939 -0.0427 0.152
8743.54939 0.0002 0.285
8743.54939 0.0204 0.204
8743.54939 -0.0371 0.160
8743.54939 0.0158 0.107
8743.54939 -0.0593 0.171
8743.54939 -0.0573 0.236
8743.54939 0.0147 0.441
8743.54939 -0.1019 0.216
8743.54939 -0.0973 0.146
8743.54939 0.0010 0.139
8743.54939 -0.0087 0.150
8743.54939 -0.0376 0.160
8743.54939 -0.0574 0.130
8743.54939 -0.3554 0.737
8743.54939 0.0604 0.127
8743.54939 0.0143 0.192
8743.54939 0.0408 1.227
8743.54939 0.1311 0.361
8743.54939 -0.0133 0.277
8743.54939 -0.1495 2.108
8743.54939 0.0592 0.841
8743.54939 0.1781 0.354
8743.54939 -0.1917 1.992
8743.54939 -0.2911 1.775
