8799.46244 -1.0562 9.779
8799.46244 0.1545 1.582
8799.46244 0.0503 0.382
8799.46244 0.3017 0.844
8799.46244 -28.1660 0.526
8799.46244 -28.2232 0.961
8799.46244 -0.1815 0.856
8799.46244 -0.2485 0.656
8799.46244 0.0029 0.640
8799.46244 0.9700 0.704
8799.46244 -27.9962 1.789
8799.46244 0.1628 0.266
8799.46244 -0.0616 0.384
8799.46244 -0.2438 1.602
8799.46244 -28.2736 1.183
8799.46244 -0.3776 1.382
8799.46244 0.2497 0.908
8799.46244 0.8383 1.677
8799.46244 -28.3089 0.202
8799.46244 1.0712 1.223
8799.46244 0.2122 0.374
8799.46244 0.4177 0.380
8799.46244 0.1063 0.488
8799.46244 -1.0034 0.327
8799.46244 0.2192 0.518
8799.46244 -0.0295 0.304
8799.46244 0.3759 0.611
8799.46244 0.3299 0.653
8799.46244 0.4020 0.739
8799.46244 0.3947 0.708
8799.46244 0.1468 0.250
8799.46244 0.0741 0.988
8799.46244 0.3198 0.748
8799.46244 0.2959 3.085
8799.46244 0.2724 0.514
8799.46244 -0.1050 0.756
8799.46244 0.2078 0.550
8799.46244 0.0176 0.822
8799.46244 0.3754 0.371
8799.46244 0.1860 0.341
8799.46244 0.0546 0.326
8799.46244 0.2663 0.212
8799.46244 0.0843 0.404
8799.46244 -0.0103 0.305
8799.46244 0.2684 0.295
8799.46244 0.3260 0.243
8799.46244 0.1355 0.539
8799.46244 0.2175 0.223
8799.46244 0.1337 0.228
8799.46244 0.2770 0.206
8799.46244 0.4329 0.199
8799.46244 0.2731 0.343
8799.46244 0.1698 0.368
8799.46244 0.1312 0.514
8799.46244 0.2759 0.326
8799.46244 0.1517 0.225
8799.46244 0.3085 0.391
8799.46244 0.2587 0.309
8799.46244 0.3170 0.490
8799.46244 0.1486 0.190
8799.46244 0.2661 0.355
8799.46244 0.2807 0.288
8799.46244 0.1442 0.484
8799.46244 0.1546 0.203
8799.46244 0.3272 0.570
8799.46244 0.3048 0.265
8799.46244 0.4397 0.850
8799.46244 0.1003 0.765
8799.46244 0.1854 0.531
8799.46244 -0.6498 0.497
8799.46244 0.4153 0.340
8799.46244 0.2836 0.347
8799.46244 0.2552 0.358
8799.46244 -0.8433 0.722
8799.46244 -0.5251 0.400
8799.46244 0.2177 0.475
8799.46244 0.4206 0.821
8799.46244 0.4754 0.776
8799.46244 0.3604 0.485
8799.46244 0.3106 1.795
8799.46244 0.6243 1.092
8799.46244 0.4228 0.590
8799.46244 0.3150 2.404
8799.46244 0.1392 2.556
