8731.39170 -0.0000 0.000
8731.39170 -0.0000 0.000
8731.39170 -0.0000 0.000
8731.39170 -0.0000 0.000
8731.39170 -0.0000 0.000
8731.39170 -0.0000 0.000
8731.39170 -0.0000 0.000
8731.39170 -0.0000 0.000
8731.39170 -0.0000 0.000
8731.39170 -0.0000 0.000
8731.39170 -0.0000 0.000
8731.39170 -0.0000 0.000
8731.39170 -0.0000 0.000
8731.39170 -0.0000 0.000
8731.39170 -0.0000 0.000
8731.39170 -0.0000 0.000
8731.39170 -0.0000 0.000
8731.39170 -0.0000 0.000
8731.39170 -0.0000 0.000
8731.39170 -0.0000 0.000
8731.39170 -0.0000 0.000
8731.39170 -0.0000 0.000
8731.39170 -0.0000 0.000
8731.39170 -0.0000 0.000
8731.39170 -0.0000 0.000
8731.39170 -0.0000 0.000
8731.39170 -0.0000 0.000
8731.39170 -0.0000 0.000
8731.39170 -0.0000 0.000
8731.39170 -0.0000 0.000
8731.39170 -0.0000 0.000
8731.39170 -0.0000 0.000
8731.39170 -0.0000 0.000
8731.39170 -0.0000 0.000
8731.39170 -0.0000 0.000
8731.39170 -0.0000 0.000
8731.39170 -0.0000 0.000
8731.39170 -0.0000 0.000
8731.39170 -0.0000 0.000
8731.39170 -0.0000 0.000
8731.39170 -0.0000 0.000
8731.39170 -0.0000 0.000
8731.39170 -0.0000 0.000
8731.39170 -0.0000 0.000
8731.39170 -0.0000 0.000
8731.39170 -0.0000 0.000
8731.39170 -0.0000 0.000
8731.39170 -0.0000 0.000
8731.39170 -0.0000 0.000
8731.39170 -0.0000 0.000
8731.39170 -0.0000 0.000
8731.39170 -0.0000 0.000
8731.39170 -0.0000 0.000
8731.39170 -0.0000 0.000
8731.39170 -0.0000 0.000
8731.39170 -0.0000 0.000
8731.39170 -0.0000 0.000
8731.39170 -0.0000 0.000
8731.39170 -0.0000 0.000
8731.39170 -0.0000 0.000
8731.39170 -0.0000 0.000
8731.39170 -0.0000 0.000
8731.39170 -0.0000 0.000
8731.39170 -0.0000 0.000
8731.39170 -0.0000 0.000
8731.39170 -0.0000 0.000
8731.39170 -0.0000 0.000
8731.39170 -0.0000 0.000
8731.39170 -0.0000 0.000
8731.39170 -0.0000 0.000
8731.39170 -0.0000 0.000
8731.39170 -0.0000 0.000
8731.39170 -0.0000 0.000
8731.39170 -0.0000 0.000
8731.39170 -0.0000 0.000
8731.39170 -0.0000 0.000
8731.39170 -0.0000 0.000
8731.39170 -0.0000 0.000
8731.39170 -0.0000 0.000
8731.39170 -0.0000 0.000
8731.39170 -0.0000 0.000
8731.39170 -0.0000 0.000
8731.39170 -0.0000 0.000
8731.39170 -0.0000 0.000
