8740.36509 -0.4622 2.941
8740.36509 -0.1645 1.551
8740.36509 -0.3491 0.630
8740.36509 -1.1534 0.375
8740.36509 -3.9481 0.102
8740.36509 -3.8826 0.156
8740.36509 -0.9740 0.776
8740.36509 -1.4344 0.249
8740.36509 -0.0216 0.165
8740.36509 -0.9616 0.255
8740.36509 -3.9407 0.078
8740.36509 -0.0994 0.091
8740.36509 -0.1625 0.107
8740.36509 -3.0738 0.254
8740.36509 -3.6400 0.227
8740.36509 -1.6598 0.278
8740.36509 -1.4010 0.525
8740.36509 -2.7920 0.257
8740.36509 -3.9084 0.114
8740.36509 -0.0880 1.702
8740.36509 -0.0655 0.897
8740.36509 0.0172 1.970
8740.36509 -0.3616 0.890
8740.36509 -0.5934 0.351
8740.36509 -0.0468 0.722
8740.36509 -0.1692 0.762
8740.36509 -0.8788 0.408
8740.36509 -0.0812 0.469
8740.36509 -0.0955 0.131
8740.36509 -0.0136 0.203
8740.36509 -0.1318 0.136
8740.36509 -0.5980 0.320
8740.36509 -0.2005 0.365
8740.36509 -0.0486 1.615
8740.36509 -0.1130 0.774
8740.36509 -0.1415 0.362
8740.36509 -0.0969 0.379
8740.36509 -0.0610 0.665
8740.36509 -0.1074 0.650
8740.36509 -0.1183 1.292
8740.36509 -0.0770 0.308
8740.36509 -0.0306 0.505
8740.36509 -0.0910 0.386
8740.36509 -0.1510 0.410
8740.36509 -0.0004 0.145
8740.36509 -0.0894 0.093
8740.36509 -0.0486 0.338
8740.36509 -0.0733 0.063
8740.36509 -0.0923 0.086
8740.36509 -0.1206 0.068
8740.36509 0.0118 0.073
8740.36509 -0.0955 0.119
8740.36509 -0.0232 0.077
8740.36509 -0.0981 0.573
8740.36509 -0.0734 0.066
8740.36509 -0.0741 0.065
8740.36509 -0.0099 0.336
8740.36509 -0.0810 0.126
8740.36509 -0.0562 0.295
8740.36509 -0.0720 0.060
8740.36509 -0.0146 0.294
8740.36509 0.0199 0.254
8740.36509 -0.0516 0.154
8740.36509 -0.1146 0.101
8740.36509 0.0026 0.142
8740.36509 -0.0537 0.106
8740.36509 -0.0142 0.533
8740.36509 -0.1823 0.154
8740.36509 -0.0520 0.081
8740.36509 -0.0273 0.133
8740.36509 -0.0387 0.078
8740.36509 0.0054 0.077
8740.36509 0.0171 0.147
8740.36509 -0.1798 0.360
8740.36509 0.0982 0.251
8740.36509 0.0296 0.497
8740.36509 0.1146 0.900
8740.36509 0.2156 0.505
8740.36509 -0.2066 0.691
8740.36509 -0.1867 0.696
8740.36509 0.0679 1.438
8740.36509 0.0391 1.016
8740.36509 -0.0697 2.813
8740.36509 -0.1379 2.962
