8747.49333 -0.3145 2.508
8747.49333 -0.1029 1.022
8747.49333 -0.0506 0.339
8747.49333 -0.5738 0.863
8747.49333 -7.3290 0.366
8747.49333 -6.6445 0.857
8747.49333 -0.6014 0.528
8747.49333 -1.2053 0.474
8747.49333 0.0106 0.694
8747.49333 -1.1943 0.382
8747.49333 -7.3306 0.216
8747.49333 -0.0096 0.167
8747.49333 -0.1535 0.275
8747.49333 -4.4093 0.717
8747.49333 -6.1040 0.512
8747.49333 -1.7560 0.945
8747.49333 -0.6716 0.658
8747.49333 -3.4730 1.143
8747.49333 -7.4294 0.149
8747.49333 -0.0868 1.262
8747.49333 -0.0243 0.622
8747.49333 0.1333 1.206
8747.49333 -0.1943 1.097
8747.49333 -0.3338 0.454
8747.49333 -0.6369 0.812
8747.49333 -0.0995 0.765
8747.49333 -1.2823 0.424
8747.49333 0.0641 0.638
8747.49333 -0.5759 0.182
8747.49333 0.0615 0.420
8747.49333 -0.0098 0.204
8747.49333 -0.8988 0.401
8747.49333 -0.0329 0.394
8747.49333 0.0409 1.630
8747.49333 0.0813 1.075
8747.49333 0.0022 0.315
8747.49333 0.1153 0.419
8747.49333 -0.0599 0.665
8747.49333 0.0985 0.751
8747.49333 0.0722 1.211
8747.49333 -0.0525 0.536
8747.49333 0.0033 0.532
8747.49333 0.0411 0.349
8747.49333 0.0531 0.355
8747.49333 0.1206 0.162
8747.49333 0.0573 0.186
8747.49333 0.0775 0.338
8747.49333 0.1100 0.151
8747.49333 0.0147 0.201
8747.49333 0.0858 0.149
8747.49333 0.1455 0.157
8747.49333 0.1719 0.186
8747.49333 0.0745 0.184
8747.49333 0.0395 0.467
8747.49333 0.1179 0.173
8747.49333 0.0141 0.175
8747.49333 0.0854 0.337
8747.49333 0.1682 0.173
8747.49333 0.1281 0.207
8747.49333 0.0111 0.164
8747.49333 0.0968 0.265
8747.49333 0.1307 0.196
8747.49333 0.0810 0.203
8747.49333 0.1597 0.155
8747.49333 0.0971 0.168
8747.49333 0.1226 0.307
8747.49333 0.2409 0.659
8747.49333 0.0929 0.914
8747.49333 0.1096 0.467
8747.49333 0.2363 0.163
8747.49333 0.0671 0.187
8747.49333 -0.5518 0.152
8747.49333 0.1641 0.171
8747.49333 -0.0829 0.681
8747.49333 0.2839 0.360
8747.49333 0.1174 0.623
8747.49333 0.1971 1.599
8747.49333 0.2436 0.275
8747.49333 0.1188 0.413
8747.49333 0.0566 0.976
8747.49333 0.3113 1.090
8747.49333 0.2397 1.294
8747.49333 0.0059 2.023
8747.49333 -0.6254 3.109
