8740.38811 -0.3935 2.230
8740.38811 -0.2065 1.335
8740.38811 -0.3431 0.721
8740.38811 -1.1638 0.329
8740.38811 -4.0093 0.100
8740.38811 -3.9118 0.154
8740.38811 -0.9433 0.707
8740.38811 -1.4774 0.240
8740.38811 -0.0221 0.202
8740.38811 -0.9494 0.264
8740.38811 -3.9917 0.102
8740.38811 -0.0927 0.093
8740.38811 -0.1790 0.101
8740.38811 -3.0907 0.254
8740.38811 -3.6652 0.217
8740.38811 -1.6549 0.257
8740.38811 -1.3848 0.481
8740.38811 -2.7847 0.262
8740.38811 -3.9615 0.116
8740.38811 -0.1617 0.658
8740.38811 -0.0753 0.887
8740.38811 0.0341 1.965
8740.38811 -0.3477 0.862
8740.38811 -0.5803 0.344
8740.38811 -0.0487 0.704
8740.38811 -0.1746 0.668
8740.38811 -0.8774 0.377
8740.38811 -0.0857 0.435
8740.38811 -0.0874 0.133
8740.38811 -0.0089 0.201
8740.38811 -0.1362 0.127
8740.38811 -0.5828 0.433
8740.38811 -0.2063 0.357
8740.38811 -0.0809 1.554
8740.38811 -0.1170 0.554
8740.38811 -0.1287 0.371
8740.38811 -0.1016 0.355
8740.38811 -0.0622 0.629
8740.38811 -0.1035 0.690
8740.38811 -0.1306 1.251
8740.38811 -0.0728 0.314
8740.38811 -0.0405 0.554
8740.38811 -0.1009 0.350
8740.38811 -0.1577 0.373
8740.38811 -0.0031 0.129
8740.38811 -0.0958 0.088
8740.38811 -0.0501 0.330
8740.38811 -0.0754 0.054
8740.38811 -0.0985 0.112
8740.38811 -0.1292 0.064
8740.38811 -0.0071 0.050
8740.38811 -0.1063 0.153
8740.38811 -0.0473 0.069
8740.38811 -0.0786 0.116
8740.38811 -0.0969 0.082
8740.38811 -0.0828 0.053
8740.38811 -0.0405 0.266
8740.38811 -0.0747 0.116
8740.38811 -0.0567 0.322
8740.38811 -0.0753 0.064
8740.38811 -0.0200 0.054
8740.38811 0.0051 0.165
8740.38811 -0.0784 0.082
8740.38811 -0.1098 0.066
8740.38811 -0.0251 0.104
8740.38811 -0.0719 0.119
8740.38811 -0.0075 0.162
8740.38811 -0.1634 0.167
8740.38811 -0.0477 0.523
8740.38811 -0.0326 0.079
8740.38811 -0.0651 0.077
8740.38811 -0.0177 0.136
8740.38811 -0.0305 0.070
8740.38811 -0.2107 0.597
8740.38811 0.0894 0.742
8740.38811 0.0053 0.589
8740.38811 0.0935 1.498
8740.38811 0.2035 0.593
8740.38811 -0.1295 0.982
8740.38811 -0.0106 0.956
8740.38811 -0.1122 1.088
8740.38811 0.1511 1.153
8740.38811 -0.1082 1.347
8740.38811 0.1397 2.674
