8731.52430 -0.1891 1.052
8731.52430 -0.0804 1.034
8731.52430 -0.0021 0.265
8731.52430 -0.0072 0.225
8731.52430 -0.2878 0.077
8731.52430 -0.1927 0.158
8731.52430 -0.1371 0.358
8731.52430 -0.1650 0.169
8731.52430 0.0868 0.207
8731.52430 -0.0789 0.066
8731.52430 -0.2888 0.036
8731.52430 -0.0487 0.120
8731.52430 -0.0266 0.094
8731.52430 -0.2529 0.103
8731.52430 -0.2125 0.086
8731.52430 -0.1804 0.157
8731.52430 -0.0809 0.265
8731.52430 -0.1612 0.315
8731.52430 -0.3091 0.052
8731.52430 -0.0199 1.308
8731.52430 -0.0147 0.856
8731.52430 0.0264 1.834
8731.52430 0.0023 0.984
8731.52430 -0.0517 0.352
8731.52430 -0.0464 0.732
8731.52430 -0.0146 0.476
8731.52430 -0.1046 0.498
8731.52430 -0.0377 0.385
8731.52430 -0.0206 0.132
8731.52430 -0.0363 0.302
8731.52430 -0.0315 0.149
8731.52430 -0.0324 0.198
8731.52430 -0.0096 0.287
8731.52430 -0.0505 1.375
8731.52430 -0.0358 0.820
8731.52430 -0.0188 0.281
8731.52430 -0.0112 0.355
8731.52430 -0.0440 0.626
8731.52430 -0.0297 0.266
8731.52430 -0.0723 0.981
8731.52430 -0.0638 0.245
8731.52430 -0.0392 0.517
8731.52430 -0.0460 0.352
8731.52430 -0.0659 0.396
8731.52430 -0.0371 0.128
8731.52430 -0.0582 0.093
8731.52430 -0.0455 0.397
8731.52430 -0.0154 0.065
8731.52430 -0.0516 0.107
8731.52430 -0.0428 0.063
8731.52430 -0.0456 0.071
8731.52430 -0.0487 0.144
8731.52430 -0.0342 0.076
8731.52430 -0.0473 0.619
8731.52430 -0.0280 0.066
8731.52430 -0.0488 0.068
8731.52430 -0.0360 0.174
8731.52430 -0.0130 0.116
8731.52430 -0.0322 0.138
8731.52430 -0.0494 0.094
8731.52430 -0.0141 0.097
8731.52430 -0.0254 0.284
8731.52430 -0.0124 0.074
8731.52430 -0.0473 0.081
8731.52430 -0.0367 0.150
8731.52430 -0.0423 0.304
8731.52430 -0.0004 0.142
8731.52430 -0.1159 0.536
8731.52430 -0.0261 0.257
8731.52430 -0.0185 0.088
8731.52430 -0.0514 0.105
8731.52430 -0.0374 0.127
8731.52430 -0.0927 0.122
8731.52430 -0.1177 0.664
8731.52430 0.0367 0.502
8731.52430 -0.0427 0.475
8731.52430 0.0468 1.406
8731.52430 0.0702 0.426
8731.52430 -0.0553 0.639
8731.52430 -0.0689 0.988
8731.52430 -0.0328 1.100
8731.52430 0.1163 0.913
8731.52430 -0.1868 2.398
8731.52430 -0.0602 2.353
