8757.34193 -0.9308 4.071
8757.34193 -0.0854 1.619
8757.34193 -0.3607 1.301
8757.34193 -3.1939 1.026
8757.34193 -11.7820 0.246
8757.34193 -11.6607 0.391
8757.34193 -1.4081 1.661
8757.34193 -3.5192 0.913
8757.34193 -0.0543 0.349
8757.34193 -1.1124 0.568
8757.34193 -11.5050 0.341
8757.34193 -0.1171 0.171
8757.34193 -0.2454 0.311
8757.34193 -10.0808 0.614
8757.34193 -11.3560 0.399
8757.34193 -10.1224 0.943
8757.34193 -11.7380 0.185
8757.34193 0.0566 1.221
8757.34193 -0.0126 0.902
8757.34193 0.0416 1.532
8757.34193 -0.5675 1.288
8757.34193 -1.1837 0.711
8757.34193 -0.1686 0.381
8757.34193 -0.1479 0.332
8757.34193 -1.4028 0.710
8757.34193 0.0002 0.219
8757.34193 0.0394 0.183
8757.34193 -0.0129 0.272
8757.34193 -0.1065 0.214
8757.34193 -0.9973 0.651
8757.34193 -0.4679 0.550
8757.34193 0.0234 0.770
8757.34193 0.1238 0.312
8757.34193 -0.1342 0.284
8757.34193 0.0312 0.235
8757.34193 -0.1614 0.557
8757.34193 0.0519 0.204
8757.34193 -0.1141 0.837
8757.34193 -0.1784 0.427
8757.34193 -0.0845 0.269
8757.34193 -0.0733 0.197
8757.34193 -0.0915 0.336
8757.34193 -0.3664 0.217
8757.34193 -0.0534 0.178
8757.34193 -0.0097 0.227
8757.34193 -0.0722 0.173
8757.34193 -0.0794 0.398
8757.34193 -0.0621 0.172
8757.34193 0.0028 0.381
8757.34193 -0.3468 0.252
8757.34193 -0.1091 0.218
8757.34193 -0.4189 0.450
8757.34193 -0.0703 0.308
8757.34193 -0.0205 0.177
8757.34193 -0.1120 0.393
8757.34193 -0.0650 0.365
8757.34193 -0.0683 0.242
8757.34193 -0.0782 0.198
8757.34193 0.0080 0.196
8757.34193 -0.0219 0.238
8757.34193 -0.0414 0.201
8757.34193 -0.3938 0.180
8757.34193 -0.3295 0.192
8757.34193 -0.4048 0.263
8757.34193 0.1131 0.356
8757.34193 -0.2468 0.345
8757.34193 -0.0225 0.279
8757.34193 0.0615 0.213
8757.34193 -0.0304 0.245
8757.34193 -0.0048 0.201
8757.34193 -0.0475 0.234
8757.34193 -0.1800 0.675
8757.34193 0.0620 0.356
8757.34193 -0.0208 0.589
8757.34193 -0.0856 0.909
8757.34193 0.1035 0.255
8757.34193 -0.0543 0.520
8757.34193 -0.0312 1.171
8757.34193 0.0543 0.528
8757.34193 0.0794 1.089
8757.34193 0.0685 2.802
8757.34193 -0.5643 3.504
