8748.33134 -0.5034 3.213
8748.33134 -0.2007 1.627
8748.33134 -0.3710 0.576
8748.33134 -1.5878 0.609
8748.33134 -7.5603 0.165
8748.33134 -7.3041 0.292
8748.33134 -1.2170 0.891
8748.33134 -2.2937 0.483
8748.33134 -0.0859 1.316
8748.33134 -1.3946 0.379
8748.33134 -7.4840 0.247
8748.33134 -0.0478 0.161
8748.33134 -0.2840 0.297
8748.33134 -5.8298 0.361
8748.33134 -6.9951 0.335
8748.33134 -2.8561 0.502
8748.33134 -1.9272 0.674
8748.33134 -5.4517 0.483
8748.33134 -7.6118 0.160
8748.33134 -0.1855 0.829
8748.33134 -0.1120 0.883
8748.33134 0.0112 1.575
8748.33134 -0.4871 1.091
8748.33134 -0.7799 0.421
8748.33134 -0.0262 0.767
8748.33134 -0.1924 0.774
8748.33134 -1.3136 0.459
8748.33134 -0.0615 0.565
8748.33134 0.0217 0.184
8748.33134 -0.0357 0.492
8748.33134 -0.0994 0.189
8748.33134 -0.7667 0.512
8748.33134 -0.2388 0.396
8748.33134 -0.0898 1.842
8748.33134 -0.1380 0.631
8748.33134 -0.2214 0.429
8748.33134 -0.0918 0.457
8748.33134 -0.0620 0.622
8748.33134 0.0135 0.746
8748.33134 -0.1184 1.302
8748.33134 -0.0701 0.461
8748.33134 -0.0018 0.629
8748.33134 -0.1524 0.404
8748.33134 -0.1573 0.528
8748.33134 0.0096 0.164
8748.33134 0.0421 0.170
8748.33134 -0.0392 0.343
8748.33134 -0.0633 0.158
8748.33134 -0.0606 0.229
8748.33134 -0.0304 0.155
8748.33134 0.0632 0.148
8748.33134 0.0133 0.181
8748.33134 -0.0089 0.187
8748.33134 -0.0564 0.378
8748.33134 -0.0570 0.272
8748.33134 -0.1297 0.187
8748.33134 0.0060 0.303
8748.33134 -0.0441 0.253
8748.33134 0.0547 0.305
8748.33134 -0.0564 0.195
8748.33134 0.0131 0.218
8748.33134 -0.0309 0.260
8748.33134 -0.0265 0.170
8748.33134 -0.0239 0.187
8748.33134 -0.0093 0.170
8748.33134 -0.0424 0.399
8748.33134 0.0800 0.239
8748.33134 -0.1072 0.242
8748.33134 -0.0399 0.364
8748.33134 0.0485 0.252
8748.33134 -0.0582 0.204
8748.33134 0.0409 0.225
8748.33134 -0.0397 0.298
8748.33134 -0.2091 0.424
8748.33134 0.1106 0.294
8748.33134 0.0371 0.236
8748.33134 0.0774 1.197
8748.33134 0.0628 0.336
8748.33134 -0.0288 0.462
8748.33134 0.0192 1.109
8748.33134 0.0269 0.778
8748.33134 0.2372 0.401
8748.33134 -0.1981 2.460
8748.33134 -0.4535 2.704
