8749.30300 -0.6619 4.382
8749.30300 -0.1812 1.236
8749.30300 -0.2031 0.604
8749.30300 -1.4517 0.677
8749.30300 -7.9124 0.179
8749.30300 -7.6423 0.410
8749.30300 -1.0849 0.802
8749.30300 -2.1527 0.455
8749.30300 0.0422 0.814
8749.30300 -1.5213 0.414
8749.30300 -7.8319 1.397
8749.30300 -0.0681 0.189
8749.30300 -0.2962 0.195
8749.30300 -6.4591 0.421
8749.30300 -7.2888 0.359
8749.30300 -3.0010 0.519
8749.30300 -1.7924 0.617
8749.30300 -5.4931 0.429
8749.30300 -7.9640 0.155
8749.30300 -0.1611 1.501
8749.30300 -0.1136 0.818
8749.30300 0.0154 1.708
8749.30300 -0.4715 1.073
8749.30300 -0.7159 0.434
8749.30300 -0.0579 0.726
8749.30300 -0.2201 0.757
8749.30300 -1.5834 0.515
8749.30300 0.0140 1.060
8749.30300 -0.0889 0.147
8749.30300 0.0406 0.357
8749.30300 -0.1365 0.122
8749.30300 -0.6350 0.470
8749.30300 -0.1847 0.391
8749.30300 -0.0745 1.704
8749.30300 -0.1401 0.729
8749.30300 -0.2351 0.476
8749.30300 -0.1019 0.373
8749.30300 -0.0831 0.613
8749.30300 -0.0107 0.740
8749.30300 -0.1329 1.356
8749.30300 -0.0862 0.426
8749.30300 -0.0190 0.596
8749.30300 -0.1685 0.290
8749.30300 -0.1605 0.438
8749.30300 -0.0036 0.107
8749.30300 0.0248 0.133
8749.30300 -0.0502 0.275
8749.30300 -0.1052 0.098
8749.30300 -0.0181 0.314
8749.30300 -0.0487 0.091
8749.30300 0.0394 0.083
8749.30300 -0.0022 0.147
8749.30300 -0.0460 0.116
8749.30300 0.0121 0.093
8749.30300 -0.0774 0.237
8749.30300 -0.0085 0.127
8749.30300 -0.0184 0.273
8749.30300 -0.0401 0.175
8749.30300 0.0415 0.315
8749.30300 -0.0004 0.128
8749.30300 0.0478 0.132
8749.30300 -0.0601 0.207
8749.30300 0.0260 0.124
8749.30300 -0.0451 0.106
8749.30300 -0.0007 0.212
8749.30300 -0.0813 0.164
8749.30300 0.0542 0.443
8749.30300 -0.1834 0.877
8749.30300 0.0102 0.541
8749.30300 0.0419 0.272
8749.30300 -0.0295 0.313
8749.30300 0.0440 0.122
8749.30300 -0.0059 0.295
8749.30300 -0.1619 0.715
8749.30300 0.1143 0.452
8749.30300 0.0198 0.369
8749.30300 0.0639 1.266
8749.30300 0.0666 0.169
8749.30300 0.1227 0.404
8749.30300 0.0791 0.960
8749.30300 0.0740 0.991
8749.30300 0.4066 0.623
8749.30300 -0.0670 2.917
8749.30300 -0.5352 1.775
