8732.54121 -0.3066 0.925
8732.54121 -0.1665 0.898
8732.54121 -0.2034 0.418
8732.54121 -0.2071 0.266
8732.54121 -0.7822 0.066
8732.54121 -0.8045 0.049
8732.54121 -0.1694 0.659
8732.54121 -0.3572 0.228
8732.54121 0.0917 0.354
8732.54121 -0.1621 0.133
8732.54121 -0.8209 0.044
8732.54121 -0.0054 0.169
8732.54121 -0.0717 0.158
8732.54121 -0.5706 0.079
8732.54121 -0.7963 0.123
8732.54121 -0.3879 0.155
8732.54121 -0.2919 0.280
8732.54121 -0.5454 0.164
8732.54121 -0.7910 0.073
8732.54121 -0.1572 1.522
8732.54121 -0.0946 0.816
8732.54121 0.0665 1.856
8732.54121 -0.1249 0.865
8732.54121 -0.1500 0.387
8732.54121 -0.1048 0.727
8732.54121 -0.1027 0.738
8732.54121 -0.2447 0.204
8732.54121 -0.0438 0.839
8732.54121 -0.0916 0.174
8732.54121 -0.0140 0.294
8732.54121 -0.1192 0.168
8732.54121 -0.1670 0.172
8732.54121 -0.1237 0.344
8732.54121 -0.0557 1.331
8732.54121 -0.1244 0.601
8732.54121 -0.1488 0.423
8732.54121 -0.0812 0.386
8732.54121 -0.0741 0.646
8732.54121 -0.0694 0.696
8732.54121 -0.0561 0.842
8732.54121 -0.0481 0.216
8732.54121 -0.0330 0.303
8732.54121 -0.1669 0.313
8732.54121 -0.1078 0.414
8732.54121 -0.0102 0.181
8732.54121 -0.0447 0.176
8732.54121 -0.0402 0.347
8732.54121 -0.0132 0.227
8732.54121 -0.0512 0.161
8732.54121 -0.0869 0.132
8732.54121 -0.0726 0.189
8732.54121 -0.0402 0.202
8732.54121 -0.0960 0.142
8732.54121 -0.0874 0.182
8732.54121 -0.0282 0.189
8732.54121 -0.0793 0.147
8732.54121 -0.0324 0.413
8732.54121 -0.0308 0.167
8732.54121 -0.0066 0.180
8732.54121 -0.0492 0.148
8732.54121 -0.0124 0.188
8732.54121 -0.0220 0.295
8732.54121 -0.0052 0.161
8732.54121 -0.0730 0.142
8732.54121 -0.0733 0.144
8732.54121 -0.1327 0.306
8732.54121 -0.0208 0.343
8732.54121 -0.1408 0.543
8732.54121 -0.1082 0.184
8732.54121 -0.0648 0.271
8732.54121 -0.0476 0.159
8732.54121 -0.0318 0.165
8732.54121 -0.1053 0.166
8732.54121 -0.1620 0.410
8732.54121 0.0775 0.506
8732.54121 -0.0542 0.469
8732.54121 0.0656 1.717
8732.54121 0.0502 0.434
8732.54121 0.0029 0.304
8732.54121 -0.0863 0.656
8732.54121 -0.1055 1.125
8732.54121 0.0793 0.558
8732.54121 -0.2037 2.054
8732.54121 -0.3640 2.168
