8731.40803 0.0056 0.292
8731.40803 -0.0152 1.368
8731.40803 0.0073 1.308
8731.40803 0.0637 0.114
8731.40803 -0.0334 0.045
8731.40803 -0.0020 0.053
8731.40803 -0.0785 0.433
8731.40803 -0.0121 0.107
8731.40803 0.0215 0.156
8731.40803 -0.0003 0.051
8731.40803 -0.0326 0.035
8731.40803 -0.0202 0.092
8731.40803 -0.0170 0.093
8731.40803 -0.0354 0.075
8731.40803 -0.0195 0.140
8731.40803 -0.0320 0.403
8731.40803 -0.1037 0.885
8731.40803 -0.0081 0.359
8731.40803 -0.0358 0.315
8731.40803 -0.0760 2.091
8731.40803 -0.0082 1.057
8731.40803 0.0607 1.960
8731.40803 0.0149 1.632
8731.40803 -0.0171 1.020
8731.40803 -0.0210 1.229
8731.40803 0.0144 0.272
8731.40803 0.0002 0.259
8731.40803 -0.0046 0.619
8731.40803 0.0011 0.575
8731.40803 -0.0090 0.386
8731.40803 -0.0286 0.107
8731.40803 -0.0027 0.135
8731.40803 -0.0295 0.332
8731.40803 0.0201 0.378
8731.40803 -0.0065 0.245
8731.40803 0.0033 0.196
8731.40803 -0.0061 0.114
8731.40803 -0.0270 0.427
8731.40803 0.0157 0.149
8731.40803 -0.0303 0.628
8731.40803 -0.0391 0.225
8731.40803 -0.0205 0.174
8731.40803 -0.0390 0.128
8731.40803 -0.0297 0.154
8731.40803 -0.0220 0.127
8731.40803 -0.0137 0.116
8731.40803 0.0043 0.207
8731.40803 -0.0121 0.049
8731.40803 -0.0222 0.224
8731.40803 -0.0131 0.025
8731.40803 -0.0102 0.078
8731.40803 0.0122 0.068
8731.40803 -0.0203 0.041
8731.40803 0.0241 0.385
8731.40803 -0.0079 0.036
8731.40803 -0.0106 0.042
8731.40803 0.0000 0.097
8731.40803 -0.0279 0.077
8731.40803 -0.0048 0.068
8731.40803 -0.0143 0.117
8731.40803 -0.0074 0.069
8731.40803 -0.0020 0.118
8731.40803 -0.0182 0.076
8731.40803 -0.0037 0.090
8731.40803 -0.0066 0.130
8731.40803 -0.0414 0.111
8731.40803 0.0421 0.197
8731.40803 -0.0923 0.620
8731.40803 -0.0279 0.102
8731.40803 0.0014 0.338
8731.40803 -0.0540 0.353
8731.40803 -0.0084 0.120
8731.40803 -0.0587 0.074
8731.40803 -0.1789 0.519
8731.40803 0.0632 0.672
8731.40803 0.0192 0.488
8731.40803 -0.2615 1.863
8731.40803 0.1265 0.288
8731.40803 -0.0479 0.637
8731.40803 -0.0846 1.293
8731.40803 0.0247 0.418
8731.40803 0.2791 0.688
8731.40803 0.0615 3.078
8731.40803 -172.0563 3.985
