8731.42180 0.1587 1.585
8731.42180 -0.0223 0.912
8731.42180 0.0585 0.616
8731.42180 0.0488 0.282
8731.42180 -0.0707 0.046
8731.42180 -0.0303 0.077
8731.42180 -0.0741 0.419
8731.42180 -0.0480 0.256
8731.42180 0.0485 1.102
8731.42180 0.0178 0.140
8731.42180 -0.0535 0.136
8731.42180 -0.0325 0.149
8731.42180 -0.0087 0.121
8731.42180 -0.0478 0.044
8731.42180 -0.0285 0.032
8731.42180 -0.0406 0.065
8731.42180 -0.0427 0.453
8731.42180 -0.0246 0.264
8731.42180 -0.0538 0.219
8731.42180 -0.0346 1.529
8731.42180 -0.0056 0.651
8731.42180 0.0124 1.319
8731.42180 -0.0036 1.183
8731.42180 -0.0060 0.814
8731.42180 -0.0099 0.987
8731.42180 0.0337 0.408
8731.42180 -0.0221 0.163
8731.42180 -0.0262 0.327
8731.42180 0.0086 0.321
8731.42180 -0.0251 0.268
8731.42180 -0.0338 0.130
8731.42180 -0.0181 0.361
8731.42180 -0.0281 0.352
8731.42180 -0.0180 0.554
8731.42180 -0.0053 0.323
8731.42180 -0.0015 0.224
8731.42180 -0.0131 0.128
8731.42180 -0.0208 0.320
8731.42180 -0.0130 0.110
8731.42180 -0.0310 0.588
8731.42180 -0.0353 0.211
8731.42180 -0.0363 0.479
8731.42180 -0.0186 0.192
8731.42180 -0.0310 0.329
8731.42180 0.0024 0.112
8731.42180 -0.0393 0.076
8731.42180 -0.0081 0.226
8731.42180 -0.0007 0.053
8731.42180 -0.0310 0.166
8731.42180 -0.0112 0.043
8731.42180 -0.0163 0.047
8731.42180 -0.0141 0.105
8731.42180 -0.0001 0.042
8731.42180 -0.0106 0.323
8731.42180 -0.0361 0.097
8731.42180 -0.0147 0.047
8731.42180 0.0059 0.236
8731.42180 0.0093 0.079
8731.42180 -0.0092 0.058
8731.42180 -0.0089 0.085
8731.42180 0.0104 0.054
8731.42180 -0.0099 0.154
8731.42180 0.0365 0.124
8731.42180 -0.0077 0.039
8731.42180 -0.0072 0.120
8731.42180 -0.0362 0.085
8731.42180 0.0350 0.233
8731.42180 -0.0701 0.336
8731.42180 0.0123 0.055
8731.42180 0.0293 0.190
8731.42180 -0.0492 0.062
8731.42180 -0.0156 0.094
8731.42180 -0.0488 0.265
8731.42180 -0.1395 0.755
8731.42180 0.0615 0.522
8731.42180 0.0386 0.436
8731.42180 0.0835 1.626
8731.42180 0.1069 1.004
8731.42180 -0.0739 0.982
8731.42180 0.2172 1.476
8731.42180 -0.0255 1.005
8731.42180 0.4017 0.957
8731.42180 -0.1312 2.503
8731.42180 -0.0507 3.552
