8739.53855 -0.2378 2.008
8739.53855 -0.0559 1.233
8739.53855 -0.2997 0.422
8739.53855 -1.1795 0.497
8739.53855 -3.8045 0.120
8739.53855 -3.8059 0.164
8739.53855 -0.8931 0.784
8739.53855 -1.4356 0.307
8739.53855 0.0294 0.171
8739.53855 -0.8506 0.271
8739.53855 -3.8391 0.187
8739.53855 -0.0430 0.114
8739.53855 -0.1172 0.120
8739.53855 -3.0430 0.273
8739.53855 -3.6817 0.227
8739.53855 -1.6152 0.308
8739.53855 -1.5373 0.518
8739.53855 -2.8711 0.287
8739.53855 -3.8646 0.103
8739.53855 -0.1265 0.537
8739.53855 -0.0056 0.583
8739.53855 0.0430 1.609
8739.53855 -0.2795 0.838
8739.53855 -0.5979 0.361
8739.53855 -0.0162 0.738
8739.53855 -0.1434 0.506
8739.53855 -0.8966 0.373
8739.53855 -0.0787 0.391
8739.53855 -0.0579 0.142
8739.53855 0.0252 0.232
8739.53855 -0.1183 0.124
8739.53855 -0.6583 0.494
8739.53855 -0.2614 0.413
8739.53855 -0.0377 1.565
8739.53855 -0.0889 0.875
8739.53855 -0.1849 0.454
8739.53855 -0.0408 0.369
8739.53855 -0.0479 0.598
8739.53855 -0.0306 0.635
8739.53855 -0.1105 0.918
8739.53855 -0.0839 0.364
8739.53855 -0.0210 0.581
8739.53855 -0.1489 0.304
8739.53855 -0.1190 0.390
8739.53855 0.0216 0.120
8739.53855 -0.0761 0.127
8739.53855 -0.0463 0.362
8739.53855 -0.0920 0.078
8739.53855 -0.0445 0.202
8739.53855 -0.0484 0.067
8739.53855 0.0311 0.077
8739.53855 -0.0124 0.168
8739.53855 -0.0208 0.080
8739.53855 -0.0957 0.443
8739.53855 -0.0446 0.104
8739.53855 -0.0104 0.070
8739.53855 -0.0333 0.212
8739.53855 -0.0400 0.115
8739.53855 0.0148 0.359
8739.53855 -0.0369 0.073
8739.53855 0.0212 0.074
8739.53855 0.0020 0.162
8739.53855 -0.0053 0.071
8739.53855 -0.0508 0.074
8739.53855 -0.0634 0.151
8739.53855 -0.0634 0.115
8739.53855 0.0515 0.199
8739.53855 -0.0495 0.510
8739.53855 -0.0952 0.153
8739.53855 0.0016 0.276
8739.53855 0.0090 0.114
8739.53855 -0.0159 0.200
8739.53855 -0.0475 0.245
8739.53855 -0.2037 0.417
8739.53855 0.0853 0.575
8739.53855 0.0541 0.549
8739.53855 0.1090 1.336
8739.53855 0.1894 0.534
8739.53855 -0.0106 0.780
8739.53855 0.0594 1.742
8739.53855 0.2300 0.692
8739.53855 0.1369 0.316
8739.53855 -0.2030 2.806
8739.53855 -0.3085 1.930
