8766.44397 -0.7289 4.357
8766.44397 -0.0685 1.378
8766.44397 -0.5108 0.753
8766.44397 -1.5244 1.557
8766.44397 -16.0501 0.262
8766.44397 -16.1089 0.478
8766.44397 -1.5610 1.403
8766.44397 -3.3610 4.403
8766.44397 0.0182 0.840
8766.44397 -0.2749 0.635
8766.44397 -15.7326 0.330
8766.44397 0.0231 0.240
8766.44397 -0.1271 0.356
8766.44397 -14.5528 0.798
8766.44397 -15.8720 0.455
8766.44397 -2.8970 4.959
8766.44397 -0.6113 3.464
8766.44397 -15.3135 0.887
8766.44397 -16.0570 0.186
8766.44397 0.0099 1.377
8766.44397 0.0365 0.903
8766.44397 0.1772 1.794
8766.44397 -0.4448 1.127
8766.44397 -0.8645 0.971
8766.44397 0.0085 0.546
8766.44397 -0.1447 0.497
8766.44397 -0.7674 0.638
8766.44397 0.1511 0.279
8766.44397 0.2402 0.146
8766.44397 0.2059 0.236
8766.44397 0.0324 0.186
8766.44397 -0.2850 0.710
8766.44397 -0.0852 0.527
8766.44397 0.2087 0.666
8766.44397 -0.0105 0.444
8766.44397 -0.1919 0.313
8766.44397 0.0008 0.336
8766.44397 -0.0198 0.584
8766.44397 0.1310 0.232
8766.44397 -0.0195 0.751
8766.44397 -0.0037 0.223
8766.44397 0.0867 0.510
8766.44397 -0.0914 0.227
8766.44397 -0.1249 0.509
8766.44397 0.1385 0.212
8766.44397 0.1370 0.151
8766.44397 0.0211 0.393
8766.44397 0.0132 0.152
8766.44397 0.0373 0.251
8766.44397 -0.0071 0.157
8766.44397 0.1727 0.168
8766.44397 0.0360 0.278
8766.44397 0.0493 0.226
8766.44397 0.0360 0.206
8766.44397 -0.0093 0.288
8766.44397 -0.0670 0.160
8766.44397 0.0692 0.280
8766.44397 -0.0137 0.244
8766.44397 0.0575 0.438
8766.44397 0.0195 0.152
8766.44397 0.1172 0.243
8766.44397 0.1267 0.178
8766.44397 0.0250 0.175
8766.44397 -0.0490 0.185
8766.44397 0.1141 0.299
8766.44397 0.0172 0.201
8766.44397 0.1446 0.361
8766.44397 -0.1295 0.842
8766.44397 0.0715 0.509
8766.44397 0.0903 0.757
8766.44397 0.0903 0.213
8766.44397 0.0096 0.242
8766.44397 0.1345 0.243
8766.44397 -0.1139 0.701
8766.44397 0.2048 0.215
8766.44397 0.0183 0.696
8766.44397 0.1876 0.762
8766.44397 0.2285 0.302
8766.44397 0.2604 0.345
8766.44397 0.0541 0.992
8766.44397 1.1197 1.259
8766.44397 0.1993 0.799
8766.44397 -0.0214 1.681
8766.44397 -0.7982 2.311
