8747.51129 -0.1256 2.237
8747.51129 -0.0421 0.953
8747.51129 -0.0337 0.513
8747.51129 -0.6155 0.657
8747.51129 -7.3931 0.348
8747.51129 -6.7176 0.698
8747.51129 -0.5787 0.470
8747.51129 -1.2992 0.460
8747.51129 -0.0586 0.244
8747.51129 -1.2977 0.373
8747.51129 -7.3619 0.267
8747.51129 0.0092 0.208
8747.51129 -0.1498 0.274
8747.51129 -4.5208 0.825
8747.51129 -6.2144 0.620
8747.51129 -1.9089 1.128
8747.51129 -0.7667 0.785
8747.51129 -3.7817 0.690
8747.51129 -7.4637 0.154
8747.51129 -0.1388 2.016
8747.51129 -0.0202 0.567
8747.51129 0.1251 1.401
8747.51129 -0.2526 1.058
8747.51129 -0.3887 0.691
8747.51129 -0.6285 0.359
8747.51129 -0.0825 0.282
8747.51129 -1.3028 0.604
8747.51129 0.0728 0.235
8747.51129 -0.5688 0.248
8747.51129 0.0906 0.293
8747.51129 -0.0166 0.205
8747.51129 -0.9193 0.454
8747.51129 -0.0510 0.576
8747.51129 0.0872 0.747
8747.51129 0.1054 0.340
8747.51129 0.0207 0.217
8747.51129 0.1114 0.233
8747.51129 -0.0505 0.500
8747.51129 0.1072 0.172
8747.51129 0.0899 0.837
8747.51129 -0.0568 0.428
8747.51129 0.0178 0.180
8747.51129 0.0402 0.168
8747.51129 0.0604 0.291
8747.51129 0.1097 0.155
8747.51129 0.0547 0.190
8747.51129 0.0775 0.305
8747.51129 0.1260 0.144
8747.51129 0.0156 0.207
8747.51129 0.0869 0.141
8747.51129 0.1540 0.142
8747.51129 0.1679 0.189
8747.51129 0.0872 0.173
8747.51129 0.0939 0.241
8747.51129 0.1181 0.270
8747.51129 0.0352 0.153
8747.51129 0.1146 0.389
8747.51129 0.1654 0.176
8747.51129 0.1267 0.250
8747.51129 0.0227 0.177
8747.51129 0.1112 0.187
8747.51129 0.1307 0.183
8747.51129 0.0834 0.241
8747.51129 0.1607 0.146
8747.51129 0.1221 0.162
8747.51129 0.1313 0.267
8747.51129 0.2695 0.342
8747.51129 0.0810 0.782
8747.51129 0.1398 0.652
8747.51129 0.2526 0.230
8747.51129 0.0842 0.324
8747.51129 -0.5583 0.187
8747.51129 0.2193 0.149
8747.51129 -0.0887 0.498
8747.51129 0.2311 0.318
8747.51129 0.0678 0.553
8747.51129 0.2277 1.004
8747.51129 0.2531 0.395
8747.51129 0.3610 0.655
8747.51129 0.1616 1.124
8747.51129 0.3785 1.675
8747.51129 0.3220 1.075
8747.51129 0.1036 2.906
8747.51129 -0.2164 2.763
