8742.53805 2.1840 1.576
8742.53805 2.6756 1.143
8742.53805 1.5545 0.744
8742.53805 0.9244 0.386
8742.53805 -3.2193 0.142
8742.53805 -2.7164 0.295
8742.53805 1.1465 0.381
8742.53805 0.2644 0.271
8742.53805 1.2142 0.204
8742.53805 0.1110 0.268
8742.53805 -3.8051 0.142
8742.53805 1.1230 0.207
8742.53805 0.8477 0.279
8742.53805 -3.0099 0.319
8742.53805 -3.6167 0.204
8742.53805 -0.7703 0.519
8742.53805 -0.4475 0.785
8742.53805 -2.6223 0.591
8742.53805 -4.5612 0.216
8742.53805 0.3726 1.529
8742.53805 0.4677 0.595
8742.53805 0.6620 1.269
8742.53805 0.1006 1.063
8742.53805 -0.1201 0.869
8742.53805 1.6129 0.722
8742.53805 0.1371 0.374
8742.53805 -0.8502 0.487
8742.53805 0.2882 0.408
8742.53805 0.1861 0.280
8742.53805 0.1974 0.371
8742.53805 1.2926 0.640
8742.53805 0.8036 0.608
8742.53805 4.7700 4.565
8742.53805 0.1165 0.833
8742.53805 -0.0152 0.548
8742.53805 -0.3608 0.269
8742.53805 0.0816 0.290
8742.53805 0.0167 0.390
8742.53805 -0.0340 0.197
8742.53805 -0.0457 0.777
8742.53805 -0.1222 0.389
8742.53805 -0.0391 0.207
8742.53805 0.0014 0.209
8742.53805 -0.0842 0.409
8742.53805 -0.1087 0.213
8742.53805 -0.0881 0.257
8742.53805 -0.0519 0.331
8742.53805 -0.0752 0.196
8742.53805 -0.0104 0.264
8742.53805 -0.0496 0.186
8742.53805 0.0029 0.310
8742.53805 -0.0074 0.209
8742.53805 -0.0434 0.217
8742.53805 -0.0745 0.282
8742.53805 -0.0727 0.278
8742.53805 -0.1370 0.183
8742.53805 -0.0647 0.388
8742.53805 -0.0455 0.238
8742.53805 -0.0029 0.269
8742.53805 -0.0193 0.226
8742.53805 0.0323 0.222
8742.53805 0.0225 0.305
8742.53805 -0.0106 0.203
8742.53805 -0.0444 0.203
8742.53805 0.1106 0.192
8742.53805 0.1538 0.281
8742.53805 0.1409 0.241
8742.53805 -0.0928 0.344
8742.53805 0.0336 0.223
8742.53805 0.0459 0.455
8742.53805 0.0084 0.291
8742.53805 -0.0289 0.229
8742.53805 0.0187 0.215
8742.53805 -0.1597 0.688
8742.53805 0.1461 0.723
8742.53805 -0.0226 0.684
8742.53805 0.1818 0.880
8742.53805 0.1605 0.211
8742.53805 -0.0227 0.342
8742.53805 -0.0513 1.163
8742.53805 -0.0534 0.911
8742.53805 0.2283 1.081
8742.53805 -0.2590 1.304
8742.53805 -0.2056 2.148
