8743.53820 -0.4851 3.328
8743.53820 -0.1826 1.437
8743.53820 -0.3965 0.589
8743.53820 -1.5175 0.438
8743.53820 -5.7245 0.134
8743.53820 -5.5679 0.202
8743.53820 -1.1316 0.693
8743.53820 -1.9178 0.339
8743.53820 -0.1205 0.499
8743.53820 -1.6215 0.278
8743.53820 -5.7006 0.133
8743.53820 -0.0666 0.123
8743.53820 -0.1601 0.163
8743.53820 -4.4472 0.299
8743.53820 -5.2286 0.284
8743.53820 -2.4128 0.411
8743.53820 -1.8533 0.563
8743.53820 -4.0657 0.305
8743.53820 -5.7527 0.142
8743.53820 -0.1184 1.449
8743.53820 0.0582 0.897
8743.53820 0.0881 1.994
8743.53820 -0.3952 1.048
8743.53820 -0.6303 0.451
8743.53820 -0.0769 0.748
8743.53820 -0.0712 0.852
8743.53820 -1.1381 0.324
8743.53820 -0.0123 0.295
8743.53820 -0.0295 0.153
8743.53820 -0.0013 0.388
8743.53820 -0.1636 0.154
8743.53820 -0.7585 0.363
8743.53820 -0.2575 0.385
8743.53820 -0.0076 1.861
8743.53820 -0.0580 0.593
8743.53820 -0.2284 0.514
8743.53820 0.0389 0.404
8743.53820 -0.0883 0.655
8743.53820 -0.0564 0.720
8743.53820 -0.0608 1.222
8743.53820 -0.1239 0.480
8743.53820 -0.0605 0.632
8743.53820 -0.1678 0.396
8743.53820 -0.0652 0.362
8743.53820 -0.0353 0.138
8743.53820 -0.0196 0.138
8743.53820 -0.0676 0.297
8743.53820 -0.1246 0.124
8743.53820 -0.0553 0.200
8743.53820 0.0016 0.104
8743.53820 -0.0035 0.108
8743.53820 -0.0634 0.165
8743.53820 -0.0699 0.147
8743.53820 -0.0149 0.418
8743.53820 -0.0039 0.212
8743.53820 -0.0353 0.165
8743.53820 -0.0412 0.418
8743.53820 -0.0279 0.187
8743.53820 0.0145 0.166
8743.53820 -0.0806 0.122
8743.53820 -0.0157 0.183
8743.53820 -0.0248 0.329
8743.53820 -0.0504 0.156
8743.53820 0.0373 0.118
8743.53820 -0.0574 0.130
8743.53820 -0.0839 0.297
8743.53820 0.0160 0.608
8743.53820 -0.1123 0.208
8743.53820 -0.1126 0.212
8743.53820 -0.0164 0.175
8743.53820 -0.0243 0.141
8743.53820 -0.0230 0.138
8743.53820 -0.0673 0.151
8743.53820 -0.2332 0.787
8743.53820 0.1115 0.410
8743.53820 -0.0120 0.887
8743.53820 0.1023 1.881
8743.53820 0.1407 0.466
8743.53820 -0.0498 0.339
8743.53820 -0.0141 1.366
8743.53820 0.0796 0.978
8743.53820 0.1175 0.459
8743.53820 -0.2181 2.853
8743.53820 -0.3004 2.442
