8740.43212 -0.3531 1.551
8740.43212 -0.1453 1.287
8740.43212 -0.2815 1.967
8740.43212 -1.2093 0.452
8740.43212 -4.1132 0.108
8740.43212 -4.0094 0.143
8740.43212 -0.8986 0.641
8740.43212 -1.5185 1.179
8740.43212 -0.0696 0.802
8740.43212 -0.9683 0.371
8740.43212 -4.0989 0.280
8740.43212 -0.1148 0.379
8740.43212 -0.1824 0.259
8740.43212 -3.1855 0.350
8740.43212 -3.7556 0.185
8740.43212 -1.7278 0.533
8740.43212 -1.4912 0.993
8740.43212 -2.8886 0.379
8740.43212 -4.0511 0.230
8740.43212 -0.3642 2.540
8740.43212 -0.1111 1.146
8740.43212 -0.0608 2.072
8740.43212 -0.3927 1.184
8740.43212 -0.6409 0.897
8740.43212 -0.0757 0.826
8740.43212 -0.2205 0.398
8740.43212 -0.8872 0.456
8740.43212 -0.1123 0.357
8740.43212 -0.1101 0.206
8740.43212 -0.0326 0.277
8740.43212 -0.1688 0.191
8740.43212 -0.6058 0.314
8740.43212 -0.2426 0.325
8740.43212 -0.0430 0.353
8740.43212 -0.1329 0.349
8740.43212 -0.1491 0.213
8740.43212 -0.1108 0.169
8740.43212 -0.0728 0.571
8740.43212 -0.1217 0.343
8740.43212 -0.1417 1.015
8740.43212 -0.0825 0.285
8740.43212 -0.0578 0.569
8740.43212 -0.1011 0.215
8740.43212 -0.1600 0.361
8740.43212 -0.0134 0.070
8740.43212 -0.0956 0.114
8740.43212 -0.0641 0.291
8740.43212 -0.0871 0.049
8740.43212 -0.1151 0.070
8740.43212 -0.1320 0.055
8740.43212 -0.0124 0.046
8740.43212 -0.1071 0.108
8740.43212 -0.0510 0.051
8740.43212 -0.1035 0.362
8740.43212 -0.1021 0.071
8740.43212 -0.0933 0.051
8740.43212 -0.0479 0.135
8740.43212 -0.0960 0.065
8740.43212 -0.0726 0.168
8740.43212 -0.1208 0.051
8740.43212 -0.0307 0.064
8740.43212 0.0048 0.243
8740.43212 -0.0786 0.070
8740.43212 -0.1258 0.064
8740.43212 -0.0309 0.096
8740.43212 -0.0560 0.089
8740.43212 -0.0200 0.428
8740.43212 -0.1969 0.243
8740.43212 -0.0490 0.331
8740.43212 -0.0413 0.086
8740.43212 -0.0779 0.131
8740.43212 -0.0198 0.129
8740.43212 -0.0241 0.076
8740.43212 -0.1931 0.362
8740.43212 0.0992 0.260
8740.43212 0.0228 0.626
8740.43212 0.0793 1.197
8740.43212 0.1655 0.841
8740.43212 -0.1492 0.966
8740.43212 -0.0230 1.294
8740.43212 -0.0526 0.881
8740.43212 0.2442 0.427
8740.43212 -0.0950 2.441
8740.43212 -0.1975 2.453
