8748.40615 -0.2546 2.354
8748.40615 -0.1272 1.018
8748.40615 -0.2972 1.082
8748.40615 -1.3888 0.449
8748.40615 -7.6945 0.207
8748.40615 -7.3613 0.276
8748.40615 -1.0910 1.125
8748.40615 -2.0499 0.800
8748.40615 -0.0691 3.018
8748.40615 -1.2812 0.692
8748.40615 -7.6367 0.316
8748.40615 -0.0420 0.194
8748.40615 -0.2641 0.209
8748.40615 -5.6455 0.421
8748.40615 -7.0225 0.364
8748.40615 -2.6987 0.570
8748.40615 -1.7232 1.299
8748.40615 -5.3303 0.846
8748.40615 -7.7603 0.200
8748.40615 -0.2654 1.757
8748.40615 -0.1363 1.112
8748.40615 -0.0230 1.912
8748.40615 -0.5107 1.603
8748.40615 -0.7313 0.930
8748.40615 -0.0334 0.587
8748.40615 -0.1707 0.388
8748.40615 -1.2249 0.602
8748.40615 -0.0767 0.704
8748.40615 0.0256 0.158
8748.40615 0.0023 0.157
8748.40615 -0.0963 0.179
8748.40615 -0.6562 0.351
8748.40615 -0.1869 0.354
8748.40615 -0.0835 1.720
8748.40615 -0.1116 0.483
8748.40615 -0.2153 0.351
8748.40615 -0.0788 0.340
8748.40615 -0.0527 0.566
8748.40615 0.0104 0.713
8748.40615 -0.1019 1.177
8748.40615 -0.0740 0.374
8748.40615 -0.0018 0.707
8748.40615 -0.1555 0.550
8748.40615 -0.1446 0.601
8748.40615 0.0177 0.162
8748.40615 0.0455 0.126
8748.40615 -0.0322 0.251
8748.40615 -0.0621 0.131
8748.40615 -0.0784 0.329
8748.40615 -0.0265 0.126
8748.40615 0.0660 0.128
8748.40615 0.0376 0.180
8748.40615 -0.0062 0.139
8748.40615 -0.0619 0.256
8748.40615 -0.0487 0.220
8748.40615 -0.1235 0.133
8748.40615 0.0086 0.302
8748.40615 -0.0254 0.179
8748.40615 0.0610 0.145
8748.40615 -0.0426 0.152
8748.40615 0.0184 0.257
8748.40615 -0.0398 0.199
8748.40615 -0.0123 0.204
8748.40615 -0.0438 0.142
8748.40615 0.0021 0.138
8748.40615 -0.0460 0.260
8748.40615 0.1013 0.562
8748.40615 -0.1206 0.572
8748.40615 -0.0673 0.229
8748.40615 0.0574 0.236
8748.40615 -0.0409 0.169
8748.40615 0.0253 0.160
8748.40615 0.0158 0.171
8748.40615 -0.2263 0.470
8748.40615 0.1020 0.201
8748.40615 0.0376 0.447
8748.40615 0.0748 1.510
8748.40615 0.0801 0.193
8748.40615 -0.0276 0.349
8748.40615 -0.0070 1.227
8748.40615 0.1620 0.676
8748.40615 -0.0225 0.504
8748.40615 -0.3656 2.409
8748.40615 -0.6990 2.215
