8741.52893 -0.1327 0.218
8741.52893 -0.1781 1.001
8741.52893 -0.3280 0.417
8741.52893 -1.4287 0.550
8741.52893 -4.7535 0.129
8741.52893 -4.6580 0.193
8741.52893 -1.1040 0.768
8741.52893 -1.8063 0.424
8741.52893 -0.1115 0.224
8741.52893 -1.0847 0.267
8741.52893 -4.7502 0.129
8741.52893 -0.1053 0.164
8741.52893 -0.2869 0.239
8741.52893 -3.8081 0.326
8741.52893 -4.5844 0.212
8741.52893 -2.2398 0.558
8741.52893 -2.0217 0.623
8741.52893 -3.6929 0.606
8741.52893 -4.8273 0.292
8741.52893 -0.3028 2.307
8741.52893 -0.1229 0.697
8741.52893 -0.0180 1.521
8741.52893 -0.4731 1.962
8741.52893 -0.6846 1.143
8741.52893 -0.0341 1.155
8741.52893 -0.1093 0.514
8741.52893 -1.0719 0.675
8741.52893 -0.0770 0.737
8741.52893 -0.0070 0.414
8741.52893 -0.0498 0.323
8741.52893 -0.1376 0.146
8741.52893 -0.8428 0.305
8741.52893 -0.3626 0.308
8741.52893 -0.1095 0.586
8741.52893 -0.0554 0.329
8741.52893 -0.1342 0.206
8741.52893 -0.0085 0.206
8741.52893 -0.1383 0.198
8741.52893 -0.0217 0.251
8741.52893 -0.1073 0.131
8741.52893 -0.1487 0.121
8741.52893 -0.1123 0.116
8741.52893 -0.0917 0.142
8741.52893 -0.0510 0.305
8741.52893 -0.0867 0.519
8741.52893 -0.0581 0.145
8741.52893 -0.1465 0.183
8741.52893 -0.0778 0.112
8741.52893 -0.0887 0.235
8741.52893 -0.0172 0.125
8741.52893 -0.0698 0.249
8741.52893 -0.0898 0.224
8741.52893 -0.1271 0.130
8741.52893 -0.1312 0.519
8741.52893 -0.0346 0.218
8741.52893 -0.0922 0.112
8741.52893 -0.0958 0.280
8741.52893 -0.0363 0.157
8741.52893 -0.0605 0.235
8741.52893 -0.0710 0.123
8741.52893 -0.0597 0.187
8741.52893 -0.0960 0.205
8741.52893 -0.0224 0.143
8741.52893 -0.0184 0.124
8741.52893 -0.0391 0.137
8741.52893 -0.0830 0.155
8741.52893 -0.0387 0.448
8741.52893 -0.1714 0.243
8741.52893 -0.0169 0.668
8741.52893 -0.0673 0.142
8741.52893 -0.0417 0.134
8741.52893 -0.0477 0.150
8741.52893 -0.1190 0.170
8741.52893 -0.2854 0.878
8741.52893 0.0367 0.832
8741.52893 -0.0638 0.788
8741.52893 0.0022 1.516
8741.52893 0.0552 0.563
8741.52893 -0.0509 1.154
8741.52893 -0.0716 1.960
8741.52893 -0.0857 1.551
8741.52893 -0.0183 1.017
8741.52893 -0.3942 0.788
8741.52893 -0.1353 5.366
