8743.58975 -0.2785 1.649
8743.58975 -0.0680 0.756
8743.58975 -0.4346 1.077
8743.58975 -1.8673 0.701
8743.58975 -5.8295 0.176
8743.58975 -5.7461 0.293
8743.58975 -1.2947 0.654
8743.58975 -2.1605 0.522
8743.58975 -0.1419 0.455
8743.58975 -1.7560 0.302
8743.58975 -5.7623 1.329
8743.58975 -0.0774 0.122
8743.58975 -0.1679 0.185
8743.58975 -4.6626 0.336
8743.58975 -5.4345 0.250
8743.58975 -2.6548 0.560
8743.58975 -2.2805 0.649
8743.58975 -4.4208 0.617
8743.58975 -5.8497 0.128
8743.58975 -0.2689 1.774
8743.58975 0.0154 0.452
8743.58975 0.0744 1.420
8743.58975 -0.5675 1.556
8743.58975 -0.8113 0.790
8743.58975 -0.0700 0.250
8743.58975 -0.1105 0.395
8743.58975 -1.2664 0.709
8743.58975 -0.0332 0.246
8743.58975 -0.0471 0.274
8743.58975 0.0021 0.354
8743.58975 -0.1886 0.211
8743.58975 -0.9348 0.366
8743.58975 -0.4271 0.402
8743.58975 0.0088 0.931
8743.58975 -0.0471 0.459
8743.58975 -0.2362 0.252
8743.58975 0.0399 0.230
8743.58975 -0.0808 0.451
8743.58975 -0.0510 0.128
8743.58975 -0.0645 0.797
8743.58975 -0.1204 0.396
8743.58975 -0.0587 0.113
8743.58975 -0.1612 0.152
8743.58975 -0.0821 0.287
8743.58975 -0.0348 0.140
8743.58975 -0.0239 0.136
8743.58975 -0.0755 0.225
8743.58975 -0.1362 0.113
8743.58975 -0.0548 0.269
8743.58975 0.0050 0.089
8743.58975 -0.0159 0.111
8743.58975 -0.0545 0.124
8743.58975 -0.0490 0.118
8743.58975 -0.0347 0.135
8743.58975 0.0006 0.193
8743.58975 -0.0420 0.144
8743.58975 -0.0748 0.336
8743.58975 -0.0263 0.134
8743.58975 0.0309 0.195
8743.58975 -0.0776 0.103
8743.58975 -0.0014 0.120
8743.58975 -0.0342 0.224
8743.58975 -0.0450 0.126
8743.58975 -0.0042 0.096
8743.58975 -0.0445 0.135
8743.58975 -0.0406 0.207
8743.58975 -0.0141 0.588
8743.58975 -0.1141 0.731
8743.58975 -0.0589 0.178
8743.58975 -0.0256 0.183
8743.58975 -0.0200 0.192
8743.58975 -0.0484 0.234
8743.58975 -0.0882 0.135
8743.58975 -0.1981 0.685
8743.58975 0.1023 0.274
8743.58975 -0.0392 0.371
8743.58975 0.1234 1.563
8743.58975 0.1139 0.527
8743.58975 -0.0938 0.804
8743.58975 -0.1112 1.481
8743.58975 0.1121 1.418
8743.58975 0.2242 0.626
8743.58975 -0.1209 3.217
8743.58975 0.8796 5.534
