8748.35841 -0.2981 2.478
8748.35841 -0.1794 1.520
8748.35841 -0.2800 1.486
8748.35841 -1.4908 0.841
8748.35841 -7.6035 0.163
8748.35841 -7.3106 0.316
8748.35841 -1.1659 0.774
8748.35841 -2.1751 0.441
8748.35841 -0.0713 0.748
8748.35841 -1.3330 0.515
8748.35841 -7.5340 0.202
8748.35841 -0.0582 0.214
8748.35841 -0.2709 0.229
8748.35841 -6.1419 0.402
8748.35841 -6.9956 0.348
8748.35841 -2.7530 0.595
8748.35841 -1.8264 1.113
8748.35841 -5.3915 0.836
8748.35841 -7.6421 0.194
8748.35841 -0.2962 1.544
8748.35841 -0.1501 0.663
8748.35841 -0.0104 1.647
8748.35841 -0.5393 1.334
8748.35841 -0.8035 1.084
8748.35841 -0.0163 1.243
8748.35841 -0.1936 0.549
8748.35841 -1.2895 0.627
8748.35841 -0.0473 1.155
8748.35841 0.0459 0.652
8748.35841 0.0094 0.422
8748.35841 -0.0964 0.266
8748.35841 -0.7185 0.378
8748.35841 -0.2193 0.583
8748.35841 -0.0210 0.805
8748.35841 -0.1049 0.404
8748.35841 -0.2234 0.385
8748.35841 -0.0639 0.307
8748.35841 -0.0342 0.566
8748.35841 0.0280 0.160
8748.35841 -0.0947 0.791
8748.35841 -0.0366 0.376
8748.35841 0.0108 0.184
8748.35841 -0.1228 0.187
8748.35841 -0.1447 0.356
8748.35841 0.0262 0.152
8748.35841 0.0634 0.186
8748.35841 -0.0206 0.325
8748.35841 -0.0515 0.159
8748.35841 -0.0626 0.226
8748.35841 -0.0125 0.140
8748.35841 0.0648 0.148
8748.35841 0.0354 0.184
8748.35841 0.0063 0.149
8748.35841 -0.0543 0.338
8748.35841 -0.0257 0.195
8748.35841 -0.1456 0.157
8748.35841 0.0229 0.341
8748.35841 -0.0170 0.179
8748.35841 0.0786 0.161
8748.35841 -0.0357 0.144
8748.35841 0.0216 0.175
8748.35841 -0.0237 0.200
8748.35841 -0.0254 0.207
8748.35841 -0.0317 0.164
8748.35841 0.0430 0.239
8748.35841 -0.0506 0.274
8748.35841 0.0671 0.302
8748.35841 -0.0784 0.704
8748.35841 -0.0378 0.196
8748.35841 0.0796 0.175
8748.35841 -0.0605 0.208
8748.35841 0.0694 0.160
8748.35841 0.0239 0.287
8748.35841 -0.2211 0.672
8748.35841 0.0445 0.375
8748.35841 0.0083 0.305
8748.35841 0.0338 1.492
8748.35841 0.1130 0.483
8748.35841 -0.0236 0.750
8748.35841 -0.0115 1.134
8748.35841 0.1223 1.003
8748.35841 0.0772 2.055
8748.35841 -0.2214 0.866
8748.35841 -0.4368 2.533
