8749.37292 -0.4843 3.810
8749.37292 -0.1026 1.509
8749.37292 -0.1042 1.404
8749.37292 -1.1048 0.455
8749.37292 -8.0295 0.237
8749.37292 -7.6547 0.329
8749.37292 -0.9116 0.652
8749.37292 -1.8636 0.558
8749.37292 0.0808 2.736
8749.37292 -1.3609 0.519
8749.37292 -8.0176 0.354
8749.37292 -0.0569 0.314
8749.37292 -0.2626 0.293
8749.37292 -5.7499 0.566
8749.37292 -7.2185 0.462
8749.37292 -2.6748 0.617
8749.37292 -1.5095 1.314
8749.37292 -5.1780 0.835
8749.37292 -8.0895 0.152
8749.37292 -0.2779 0.960
8749.37292 -0.1553 1.263
8749.37292 0.0075 2.407
8749.37292 -0.4792 1.964
8749.37292 -0.6982 1.368
8749.37292 -0.0344 1.555
8749.37292 -0.1900 0.545
8749.37292 -1.4268 0.449
8749.37292 0.0347 1.446
8749.37292 -0.0912 0.163
8749.37292 0.0527 0.151
8749.37292 -0.1255 0.199
8749.37292 -0.5312 0.563
8749.37292 -0.1600 0.354
8749.37292 -0.0354 1.705
8749.37292 -0.1545 0.254
8749.37292 -0.2327 0.229
8749.37292 -0.1036 0.323
8749.37292 -0.0799 0.528
8749.37292 -0.0163 0.799
8749.37292 -0.1324 1.115
8749.37292 -0.0981 0.367
8749.37292 -0.0386 0.623
8749.37292 -0.1707 0.584
8749.37292 -0.1675 0.540
8749.37292 0.0106 0.099
8749.37292 0.0099 0.088
8749.37292 -0.0455 0.152
8749.37292 -0.0855 0.080
8749.37292 -0.0331 0.327
8749.37292 -0.0404 0.081
8749.37292 0.0466 0.055
8749.37292 -0.0185 0.126
8749.37292 -0.0414 0.114
8749.37292 0.0270 0.293
8749.37292 -0.0636 0.163
8749.37292 -0.0130 0.076
8749.37292 -0.0098 0.207
8749.37292 -0.0524 0.237
8749.37292 0.0324 0.122
8749.37292 -0.0033 0.137
8749.37292 0.0713 0.228
8749.37292 -0.0522 0.101
8749.37292 0.0173 0.109
8749.37292 -0.0519 0.082
8749.37292 0.0005 0.079
8749.37292 -0.0560 0.324
8749.37292 0.0546 0.618
8749.37292 -0.1810 0.196
8749.37292 -0.0064 0.215
8749.37292 0.0293 0.122
8749.37292 0.0274 0.241
8749.37292 0.0388 0.095
8749.37292 -0.0342 0.183
8749.37292 -0.1954 0.466
8749.37292 0.1515 0.425
8749.37292 0.0303 0.561
8749.37292 0.0060 1.922
8749.37292 0.0679 0.323
8749.37292 -0.0467 0.876
8749.37292 -0.2100 1.074
8749.37292 0.3068 1.435
8749.37292 0.2644 1.247
8749.37292 -0.2830 3.094
8749.37292 -0.2592 2.179
