8746.38138 -0.5190 3.205
8746.38138 -0.1553 1.396
8746.38138 -0.2325 0.553
8746.38138 -0.9613 0.590
8746.38138 -6.6979 0.199
8746.38138 -6.3348 0.420
8746.38138 -0.8758 0.446
8746.38138 -1.6064 0.464
8746.38138 -0.0430 0.537
8746.38138 -1.1839 0.344
8746.38138 -6.6689 0.217
8746.38138 -0.0587 0.156
8746.38138 -0.1819 0.163
8746.38138 -4.7477 0.367
8746.38138 -5.9766 0.361
8746.38138 -2.2740 0.644
8746.38138 -1.2582 0.540
8746.38138 -4.2045 0.417
8746.38138 -6.7416 0.135
8746.38138 -0.0736 1.330
8746.38138 -0.0540 0.430
8746.38138 0.0633 1.822
8746.38138 -0.3564 0.977
8746.38138 -0.5165 0.404
8746.38138 -0.0843 0.779
8746.38138 -0.1263 0.703
8746.38138 -1.2453 0.506
8746.38138 -0.0008 0.918
8746.38138 -0.0331 0.156
8746.38138 0.0304 0.313
8746.38138 -0.0708 0.128
8746.38138 -0.4507 0.544
8746.38138 -0.1556 0.330
8746.38138 -0.0052 1.913
8746.38138 -0.0860 0.830
8746.38138 -0.6988 0.379
8746.38138 -0.0228 0.455
8746.38138 -0.0014 0.596
8746.38138 -0.6255 0.630
8746.38138 0.0124 1.227
8746.38138 -0.0767 0.512
8746.38138 0.0623 0.589
8746.38138 0.0667 0.391
8746.38138 -0.6983 0.398
8746.38138 0.0403 0.148
8746.38138 0.0193 0.133
8746.38138 0.0711 0.388
8746.38138 0.0461 0.114
8746.38138 0.0098 0.246
8746.38138 -0.0152 0.107
8746.38138 0.1569 0.146
8746.38138 0.0256 0.132
8746.38138 0.0930 0.158
8746.38138 -0.0036 0.581
8746.38138 0.0125 0.112
8746.38138 -0.0561 0.094
8746.38138 0.1230 0.240
8746.38138 0.0512 0.161
8746.38138 0.0857 0.334
8746.38138 0.0290 0.159
8746.38138 0.1136 0.273
8746.38138 0.0739 0.144
8746.38138 0.0712 0.125
8746.38138 0.0759 0.133
8746.38138 0.1270 0.149
8746.38138 0.0564 0.277
8746.38138 0.1855 0.496
8746.38138 -0.0234 0.280
8746.38138 0.0559 0.461
8746.38138 0.1611 0.315
8746.38138 0.0961 0.236
8746.38138 0.0472 0.164
8746.38138 0.1194 0.167
8746.38138 -0.0464 1.477
8746.38138 0.2292 0.341
8746.38138 0.1480 0.340
8746.38138 0.2409 1.346
8746.38138 0.1708 0.428
8746.38138 0.0997 0.628
8746.38138 0.0479 1.093
8746.38138 0.2476 0.728
8746.38138 0.2081 1.178
8746.38138 0.0615 1.913
8746.38138 -0.1170 2.522
