8731.49742 -0.1509 0.831
8731.49742 -0.0545 0.394
8731.49742 -0.0021 0.483
8731.49742 0.0007 0.227
8731.49742 -0.2291 0.088
8731.49742 -0.1169 0.136
8731.49742 -0.1401 0.422
8731.49742 -0.1843 0.213
8731.49742 0.0562 0.206
8731.49742 -0.0316 0.071
8731.49742 -0.2205 0.109
8731.49742 -0.0464 0.075
8731.49742 -0.0243 0.124
8731.49742 -0.2001 0.144
8731.49742 -0.1286 0.175
8731.49742 -0.1518 0.258
8731.49742 -0.1145 0.481
8731.49742 -0.1486 0.343
8731.49742 -0.2288 0.198
8731.49742 -0.1086 1.043
8731.49742 -0.0151 0.639
8731.49742 0.0009 1.048
8731.49742 -0.0170 0.660
8731.49742 -0.0387 0.549
8731.49742 -0.0090 0.670
8731.49742 -0.0003 0.256
8731.49742 -0.0737 0.135
8731.49742 -0.0322 0.579
8731.49742 0.0103 0.443
8731.49742 -0.0169 0.456
8731.49742 -0.0287 0.116
8731.49742 0.0071 0.216
8731.49742 -0.0317 0.359
8731.49742 -0.0263 0.245
8731.49742 0.0111 0.335
8731.49742 0.0172 0.246
8731.49742 0.0043 0.239
8731.49742 -0.0177 0.154
8731.49742 -0.0097 0.236
8731.49742 -0.0299 0.376
8731.49742 -0.0251 0.302
8731.49742 -0.0164 0.103
8731.49742 -0.0254 0.127
8731.49742 -0.0389 0.329
8731.49742 0.0003 0.414
8731.49742 -0.0331 0.092
8731.49742 -0.0180 0.071
8731.49742 0.0002 0.058
8731.49742 -0.0453 0.195
8731.49742 -0.0217 0.063
8731.49742 -0.0047 0.131
8731.49742 0.0027 0.121
8731.49742 -0.0074 0.068
8731.49742 -0.0553 0.437
8731.49742 -0.0244 0.057
8731.49742 -0.0278 0.088
8731.49742 -0.0192 0.107
8731.49742 -0.0083 0.121
8731.49742 -0.0310 0.192
8731.49742 -0.0395 0.086
8731.49742 0.0063 0.182
8731.49742 -0.0196 0.192
8731.49742 0.0226 0.111
8731.49742 -0.0256 0.055
8731.49742 -0.0133 0.072
8731.49742 -0.0297 0.097
8731.49742 0.0482 0.107
8731.49742 -0.0992 0.159
8731.49742 -0.0126 0.071
8731.49742 -0.0252 0.090
8731.49742 -0.0427 0.118
8731.49742 -0.0003 0.154
8731.49742 -0.0618 0.155
8731.49742 -0.1243 0.873
8731.49742 0.0688 0.651
8731.49742 0.0337 0.721
8731.49742 0.0529 1.245
8731.49742 0.0987 0.442
8731.49742 -0.0375 0.807
8731.49742 -0.2490 1.296
8731.49742 -0.0229 1.115
8731.49742 0.1826 0.896
8731.49742 -0.2194 4.210
8731.49742 0.0163 4.131
