8741.51687 -0.3869 2.528
8741.51687 -0.2418 1.649
8741.51687 -0.3503 1.340
8741.51687 -1.4302 0.506
8741.51687 -4.7223 0.140
8741.51687 -4.6280 0.171
8741.51687 -1.0610 0.792
8741.51687 -1.7839 0.359
8741.51687 -0.0431 2.589
8741.51687 -1.0680 0.347
8741.51687 -4.7354 0.295
8741.51687 -0.0822 0.156
8741.51687 -0.2746 0.138
8741.51687 -3.7701 0.307
8741.51687 -4.5602 0.207
8741.51687 -2.2312 0.452
8741.51687 -1.9702 0.461
8741.51687 -3.6727 0.543
8741.51687 -4.8077 0.271
8741.51687 -0.3505 2.008
8741.51687 -0.1524 1.070
8741.51687 -0.0415 2.155
8741.51687 -0.4393 1.639
8741.51687 -0.7022 1.138
8741.51687 -0.0520 1.536
8741.51687 -0.1330 0.594
8741.51687 -1.0512 0.364
8741.51687 -0.0862 0.846
8741.51687 -0.0087 0.558
8741.51687 -0.0659 0.248
8741.51687 -0.1533 0.147
8741.51687 -0.8418 0.324
8741.51687 -0.3925 0.285
8741.51687 -0.0850 0.326
8741.51687 -0.0458 0.271
8741.51687 -0.1531 0.204
8741.51687 -0.0251 0.159
8741.51687 -0.1561 0.467
8741.51687 -0.0352 0.130
8741.51687 -0.1486 0.796
8741.51687 -0.1541 0.279
8741.51687 -0.1264 0.133
8741.51687 -0.1050 0.181
8741.51687 -0.0645 0.310
8741.51687 -0.0974 0.117
8741.51687 -0.0571 0.143
8741.51687 -0.1355 0.146
8741.51687 -0.0951 0.103
8741.51687 -0.0916 0.232
8741.51687 -0.0206 0.121
8741.51687 -0.0591 0.159
8741.51687 -0.0939 0.226
8741.51687 -0.1141 0.124
8741.51687 -0.0933 0.158
8741.51687 -0.0584 0.186
8741.51687 -0.0785 0.109
8741.51687 -0.0956 0.293
8741.51687 -0.0567 0.183
8741.51687 -0.0510 0.118
8741.51687 -0.0765 0.127
8741.51687 -0.0517 0.297
8741.51687 -0.1054 0.239
8741.51687 -0.0049 0.147
8741.51687 -0.0370 0.115
8741.51687 -0.0155 0.127
8741.51687 -0.0674 0.151
8741.51687 -0.0436 0.416
8741.51687 -0.1829 0.213
8741.51687 0.0047 0.273
8741.51687 -0.0867 0.133
8741.51687 -0.0270 0.156
8741.51687 -0.0394 0.162
8741.51687 -0.0998 0.140
8741.51687 -0.0623 0.640
8741.51687 0.0931 0.452
8741.51687 -0.0848 0.257
8741.51687 -0.0121 1.702
8741.51687 0.0201 0.903
8741.51687 -0.0775 0.762
8741.51687 -0.2094 1.381
8741.51687 -0.0859 1.045
8741.51687 0.3026 2.463
8741.51687 -0.1860 3.137
8741.51687 -0.2320 4.137
