8766.46264 -0.9018 5.837
8766.46264 -0.1116 1.780
8766.46264 -0.5476 1.486
8766.46264 -1.6398 1.705
8766.46264 -16.0751 0.274
8766.46264 -16.1592 0.483
8766.46264 -1.5921 1.426
8766.46264 -3.2803 1.964
8766.46264 0.0766 2.788
8766.46264 -0.4055 1.078
8766.46264 -15.7729 0.726
8766.46264 0.0185 0.308
8766.46264 -0.1219 0.386
8766.46264 -14.6527 0.798
8766.46264 -15.9295 0.525
8766.46264 -2.9101 4.648
8766.46264 -0.5686 2.777
8766.46264 -15.4286 0.871
8766.46264 -16.1034 0.189
8766.46264 -0.0538 1.539
8766.46264 0.0018 1.032
8766.46264 0.1596 2.236
8766.46264 -0.4292 1.800
8766.46264 -0.9582 1.369
8766.46264 -0.0277 1.204
8766.46264 -0.1737 0.565
8766.46264 -0.8531 0.543
8766.46264 0.1400 0.981
8766.46264 0.1989 0.320
8766.46264 0.1884 0.130
8766.46264 0.0180 0.176
8766.46264 -0.2763 0.723
8766.46264 -0.0824 0.558
8766.46264 0.1443 0.270
8766.46264 -0.0286 0.327
8766.46264 -0.2095 0.351
8766.46264 0.0026 0.331
8766.46264 -0.0582 0.591
8766.46264 0.1033 0.134
8766.46264 -0.0314 0.865
8766.46264 -0.0269 0.274
8766.46264 0.0675 0.597
8766.46264 -0.1163 0.378
8766.46264 -0.1296 0.594
8766.46264 0.1144 0.239
8766.46264 0.1334 0.140
8766.46264 0.0084 0.200
8766.46264 0.0116 0.149
8766.46264 0.0242 0.248
8766.46264 -0.0201 0.154
8766.46264 0.1623 0.418
8766.46264 0.0155 0.222
8766.46264 0.0292 0.276
8766.46264 -0.0013 0.543
8766.46264 -0.0589 0.271
8766.46264 -0.0851 0.225
8766.46264 0.0748 0.211
8766.46264 -0.0072 0.238
8766.46264 0.0633 0.205
8766.46264 0.0089 0.177
8766.46264 0.1080 0.154
8766.46264 0.1226 0.318
8766.46264 0.0057 0.166
8766.46264 -0.0634 0.187
8766.46264 0.1160 0.175
8766.46264 0.0322 0.204
8766.46264 0.1512 0.441
8766.46264 -0.1040 0.358
8766.46264 0.0491 0.248
8766.46264 0.0811 0.690
8766.46264 0.0594 0.390
8766.46264 -0.0092 0.199
8766.46264 0.0916 0.397
8766.46264 -0.1759 0.557
8766.46264 0.1949 0.301
8766.46264 0.0354 0.504
8766.46264 0.2375 1.155
8766.46264 0.1850 0.493
8766.46264 0.2725 0.448
8766.46264 0.1575 1.480
8766.46264 -0.2563 0.793
8766.46264 0.1833 1.560
8766.46264 0.2839 1.147
8766.46264 -1.1010 3.303
