8748.34632 -0.4584 2.837
8748.34632 -0.1975 1.463
8748.34632 -0.3546 0.607
8748.34632 -1.5713 0.545
8748.34632 -7.5812 0.164
8748.34632 -7.3074 0.314
8748.34632 -1.1451 0.786
8748.34632 -2.2238 0.440
8748.34632 -0.0902 0.913
8748.34632 -1.3672 0.376
8748.34632 -7.5143 0.131
8748.34632 -0.0406 0.155
8748.34632 -0.2763 0.268
8748.34632 -6.1367 0.383
8748.34632 -6.9961 0.339
8748.34632 -2.8180 0.479
8748.34632 -1.8064 0.673
8748.34632 -5.3786 0.504
8748.34632 -7.6403 0.161
8748.34632 -0.2133 0.731
8748.34632 -0.1122 0.783
8748.34632 0.0127 1.405
8748.34632 -0.4657 1.068
8748.34632 -0.7470 0.422
8748.34632 -0.0385 0.770
8748.34632 -0.2025 0.753
8748.34632 -1.2973 0.459
8748.34632 -0.0635 0.277
8748.34632 0.0114 0.179
8748.34632 -0.0266 0.461
8748.34632 -0.1120 0.188
8748.34632 -0.7614 0.572
8748.34632 -0.2033 0.380
8748.34632 -0.0555 1.753
8748.34632 -0.1309 0.857
8748.34632 -0.2318 0.425
8748.34632 -0.0955 0.447
8748.34632 -0.0560 0.609
8748.34632 0.0101 0.732
8748.34632 -0.1092 1.201
8748.34632 -0.0727 0.481
8748.34632 -0.0216 0.611
8748.34632 -0.1494 0.426
8748.34632 -0.1709 0.486
8748.34632 0.0083 0.167
8748.34632 0.0267 0.166
8748.34632 -0.0348 0.270
8748.34632 -0.0609 0.153
8748.34632 -0.0703 0.223
8748.34632 -0.0287 0.147
8748.34632 0.0486 0.151
8748.34632 0.0132 0.215
8748.34632 -0.0257 0.184
8748.34632 -0.0703 0.239
8748.34632 -0.0645 0.275
8748.34632 -0.1250 0.159
8748.34632 0.0009 0.430
8748.34632 -0.0504 0.245
8748.34632 0.0525 0.335
8748.34632 -0.0709 0.155
8748.34632 0.0122 0.311
8748.34632 -0.0364 0.211
8748.34632 -0.0353 0.178
8748.34632 -0.0524 0.165
8748.34632 0.0131 0.187
8748.34632 -0.0422 0.225
8748.34632 0.0607 0.311
8748.34632 -0.1314 0.260
8748.34632 -0.0316 0.601
8748.34632 0.0465 0.289
8748.34632 -0.0454 0.223
8748.34632 0.0224 0.169
8748.34632 0.0091 0.202
8748.34632 -0.2191 0.572
8748.34632 0.1073 0.321
8748.34632 0.0258 0.549
8748.34632 0.0534 1.631
8748.34632 0.1131 0.451
8748.34632 -0.0026 0.657
8748.34632 -0.0644 0.851
8748.34632 -0.0151 0.658
8748.34632 0.1190 0.530
8748.34632 -0.2746 2.729
8748.34632 -0.9430 2.134
