8731.47677 -0.0213 0.317
8731.47677 0.0016 0.992
8731.47677 0.0102 0.884
8731.47677 -0.0313 0.227
8731.47677 -0.1910 0.093
8731.47677 -0.0885 0.109
8731.47677 -0.1831 0.457
8731.47677 -0.1405 0.267
8731.47677 0.1175 0.217
8731.47677 -0.0314 0.085
8731.47677 -0.1795 0.138
8731.47677 -0.0327 0.089
8731.47677 -0.0199 0.122
8731.47677 -0.1757 0.125
8731.47677 -0.1122 0.210
8731.47677 -0.1338 0.302
8731.47677 -0.0692 0.817
8731.47677 -0.1009 0.427
8731.47677 -0.1804 0.265
8731.47677 -0.1302 1.799
8731.47677 -0.0051 0.765
8731.47677 0.0081 1.718
8731.47677 -0.0508 1.062
8731.47677 -0.0500 0.817
8731.47677 -0.0167 0.382
8731.47677 0.0164 0.338
8731.47677 -0.0633 0.194
8731.47677 -0.0419 0.700
8731.47677 0.0042 0.420
8731.47677 -0.0237 0.223
8731.47677 -0.0290 0.136
8731.47677 -0.0274 0.231
8731.47677 -0.0250 0.302
8731.47677 0.0078 1.027
8731.47677 -0.0121 0.387
8731.47677 0.0222 0.243
8731.47677 0.0298 0.207
8731.47677 -0.0101 0.269
8731.47677 -0.0245 0.163
8731.47677 -0.0295 0.354
8731.47677 -0.0315 0.069
8731.47677 -0.0232 0.073
8731.47677 -0.0321 0.089
8731.47677 -0.0141 0.266
8731.47677 -0.0103 0.090
8731.47677 -0.0501 0.069
8731.47677 -0.0312 0.328
8731.47677 -0.0373 0.054
8731.47677 -0.0292 0.106
8731.47677 -0.0311 0.047
8731.47677 -0.0220 0.060
8731.47677 -0.0176 0.071
8731.47677 -0.0392 0.070
8731.47677 -0.0076 0.267
8731.47677 -0.0213 0.088
8731.47677 -0.0379 0.060
8731.47677 -0.0046 0.101
8731.47677 -0.0159 0.085
8731.47677 -0.0215 0.063
8731.47677 -0.0386 0.084
8731.47677 -0.0086 0.060
8731.47677 -0.0297 0.172
8731.47677 0.0125 0.078
8731.47677 -0.0213 0.047
8731.47677 -0.1388 0.134
8731.47677 -0.0224 0.107
8731.47677 0.0369 0.198
8731.47677 -0.0803 0.086
8731.47677 0.0203 0.221
8731.47677 0.0035 0.088
8731.47677 -0.0555 0.131
8731.47677 -0.0259 0.101
8731.47677 -0.0297 0.133
8731.47677 -0.1436 0.405
8731.47677 0.0320 0.266
8731.47677 -0.0188 0.568
8731.47677 0.0465 1.011
8731.47677 0.1245 0.559
8731.47677 -0.0089 0.371
8731.47677 0.0360 0.954
8731.47677 -0.0060 1.385
8731.47677 0.1744 0.304
8731.47677 -0.1050 2.225
8731.47677 -0.2571 4.181
