8748.36845 -0.3283 2.320
8748.36845 -0.1943 1.493
8748.36845 -0.2938 1.215
8748.36845 -1.4967 0.451
8748.36845 -7.6102 0.173
8748.36845 -7.3218 0.294
8748.36845 -1.1171 0.447
8748.36845 -2.1553 0.427
8748.36845 -0.1349 0.252
8748.36845 -1.3035 0.388
8748.36845 -7.5562 0.241
8748.36845 -0.0233 0.144
8748.36845 -0.2702 0.227
8748.36845 -6.1253 0.391
8748.36845 -6.9967 0.341
8748.36845 -2.7925 0.517
8748.36845 -1.7597 0.678
8748.36845 -5.3646 0.658
8748.36845 -7.6708 0.159
8748.36845 -0.2105 1.154
8748.36845 -0.1699 0.545
8748.36845 0.0289 1.601
8748.36845 -0.4896 0.917
8748.36845 -0.7824 0.747
8748.36845 -0.0230 0.344
8748.36845 -0.1572 0.440
8748.36845 -1.2543 0.607
8748.36845 -0.0476 0.179
8748.36845 0.0152 0.210
8748.36845 -0.0081 0.261
8748.36845 -0.1079 0.192
8748.36845 -0.7189 0.353
8748.36845 -0.1950 0.393
8748.36845 -0.0366 0.707
8748.36845 -0.1093 0.438
8748.36845 -0.2276 0.397
8748.36845 -0.0686 0.223
8748.36845 -0.0488 0.630
8748.36845 0.0244 0.136
8748.36845 -0.0883 0.980
8748.36845 -0.0677 0.393
8748.36845 0.0100 0.152
8748.36845 -0.1504 0.199
8748.36845 -0.1567 0.426
8748.36845 0.0296 0.147
8748.36845 0.0478 0.147
8748.36845 -0.0158 0.346
8748.36845 -0.0474 0.143
8748.36845 -0.0687 0.229
8748.36845 -0.0157 0.139
8748.36845 0.0590 0.135
8748.36845 0.0240 0.216
8748.36845 0.0036 0.172
8748.36845 -0.0540 0.286
8748.36845 -0.0448 0.242
8748.36845 -0.1185 0.148
8748.36845 0.0071 0.377
8748.36845 -0.0091 0.235
8748.36845 0.0783 0.313
8748.36845 -0.0551 0.273
8748.36845 0.0305 0.161
8748.36845 -0.0322 0.241
8748.36845 -0.0216 0.260
8748.36845 -0.0473 0.163
8748.36845 0.0064 0.160
8748.36845 -0.0433 0.238
8748.36845 0.1407 0.485
8748.36845 -0.1379 0.544
8748.36845 -0.0336 0.914
8748.36845 0.0620 0.249
8748.36845 -0.0278 0.191
8748.36845 0.0430 0.187
8748.36845 0.0305 0.197
8748.36845 -0.1958 0.673
8748.36845 0.1221 0.428
8748.36845 0.0105 0.517
8748.36845 0.0967 1.417
8748.36845 0.1248 0.640
8748.36845 0.0788 0.395
8748.36845 -0.0615 1.125
8748.36845 0.1479 0.875
8748.36845 0.0337 2.580
8748.36845 -0.2336 1.778
8748.36845 -0.5249 1.984
