8732.58390 -0.0361 0.813
8732.58390 -0.1330 0.712
8732.58390 -0.2365 1.185
8732.58390 -0.3377 0.415
8732.58390 -0.8764 0.110
8732.58390 -0.9759 0.244
8732.58390 -0.1571 0.614
8732.58390 -0.3718 0.310
8732.58390 0.1166 1.180
8732.58390 -0.1832 0.149
8732.58390 -0.8961 0.164
8732.58390 -0.0287 0.191
8732.58390 -0.0488 0.179
8732.58390 -0.6359 0.175
8732.58390 -0.9452 0.198
8732.58390 -0.3809 0.322
8732.58390 -0.4468 0.284
8732.58390 -0.6482 0.132
8732.58390 -0.8738 0.031
8732.58390 -0.1509 2.091
8732.58390 -0.0888 0.251
8732.58390 0.0666 1.172
8732.58390 -0.1381 0.946
8732.58390 -0.1852 0.222
8732.58390 -0.0578 0.187
8732.58390 -0.0915 0.167
8732.58390 -0.2508 0.494
8732.58390 -0.0330 0.798
8732.58390 -0.0896 0.333
8732.58390 0.0060 0.440
8732.58390 -0.1240 0.222
8732.58390 -0.1891 0.261
8732.58390 -0.1664 0.319
8732.58390 -0.0519 0.491
8732.58390 -0.1104 0.310
8732.58390 -0.1737 0.318
8732.58390 -0.0844 0.298
8732.58390 -0.0769 0.616
8732.58390 -0.0680 0.461
8732.58390 -0.0526 0.735
8732.58390 -0.0399 0.236
8732.58390 -0.0182 0.182
8732.58390 -0.1563 0.282
8732.58390 -0.0956 0.448
8732.58390 -0.0170 0.200
8732.58390 -0.0268 0.188
8732.58390 -0.0345 0.289
8732.58390 -0.0011 0.200
8732.58390 -0.0318 0.180
8732.58390 -0.0855 0.151
8732.58390 -0.0752 0.171
8732.58390 -0.0273 0.174
8732.58390 -0.0732 0.160
8732.58390 -0.0748 0.184
8732.58390 -0.0014 0.163
8732.58390 -0.0718 0.150
8732.58390 -0.0364 0.397
8732.58390 -0.0417 0.181
8732.58390 -0.0161 0.238
8732.58390 -0.0299 0.177
8732.58390 -0.0025 0.194
8732.58390 -0.0292 0.326
8732.58390 0.0010 0.178
8732.58390 -0.0671 0.154
8732.58390 -0.0710 0.164
8732.58390 -0.1207 0.224
8732.58390 -0.0700 0.188
8732.58390 -0.1507 0.847
8732.58390 -0.0917 0.417
8732.58390 -0.0524 0.336
8732.58390 -0.0387 0.211
8732.58390 -0.0066 0.190
8732.58390 -0.0714 0.179
8732.58390 -0.1645 0.372
8732.58390 0.0605 0.774
8732.58390 -0.0080 0.654
8732.58390 0.0884 1.588
8732.58390 0.0234 0.496
8732.58390 0.0284 0.552
8732.58390 0.3024 2.042
8732.58390 0.4748 1.801
8732.58390 -0.0061 1.037
8732.58390 -0.2656 1.487
8732.58390 -0.3296 1.713
