8749.34869 -0.5277 3.733
8749.34869 -0.0864 0.619
8749.34869 -0.1351 0.455
8749.34869 -1.3117 1.442
8749.34869 -7.9739 0.200
8749.34869 -7.6465 0.363
8749.34869 -0.9531 0.640
8749.34869 -1.9569 1.376
8749.34869 0.0064 0.333
8749.34869 -1.4039 0.416
8749.34869 -7.9517 0.181
8749.34869 -0.0755 0.161
8749.34869 -0.2683 0.187
8749.34869 -5.8047 0.450
8749.34869 -7.2460 0.421
8749.34869 -2.8276 0.729
8749.34869 -1.6404 0.794
8749.34869 -5.3120 0.819
8749.34869 -8.0324 0.150
8749.34869 -0.2338 1.865
8749.34869 -0.1349 0.652
8749.34869 0.0128 1.692
8749.34869 -0.4635 0.796
8749.34869 -0.6742 0.695
8749.34869 -0.0508 0.580
8749.34869 -0.2240 0.539
8749.34869 -1.4782 0.541
8749.34869 0.0343 1.098
8749.34869 -0.0788 0.155
8749.34869 0.0293 0.279
8749.34869 -0.1138 0.114
8749.34869 -0.5714 0.353
8749.34869 -0.1755 0.362
8749.34869 -0.0543 0.440
8749.34869 -0.1280 0.231
8749.34869 -0.2157 0.624
8749.34869 -0.0868 0.290
8749.34869 -0.0750 0.696
8749.34869 0.0088 0.079
8749.34869 -0.1283 0.962
8749.34869 -0.0956 0.333
8749.34869 -0.0069 0.097
8749.34869 -0.1711 0.166
8749.34869 -0.1648 0.385
8749.34869 -0.0009 0.131
8749.34869 0.0367 0.122
8749.34869 -0.0560 0.163
8749.34869 -0.0963 0.081
8749.34869 -0.0217 0.293
8749.34869 -0.0349 0.082
8749.34869 0.0534 0.074
8749.34869 -0.0096 0.134
8749.34869 -0.0700 0.142
8749.34869 -0.0139 0.190
8749.34869 -0.0806 0.306
8749.34869 -0.0180 0.124
8749.34869 -0.0093 0.318
8749.34869 -0.0495 0.149
8749.34869 0.0032 0.484
8749.34869 -0.0064 0.144
8749.34869 0.0525 0.087
8749.34869 -0.0642 0.174
8749.34869 0.0347 0.077
8749.34869 -0.0494 0.089
8749.34869 -0.0207 0.089
8749.34869 -0.0851 0.270
8749.34869 0.0590 0.720
8749.34869 -0.1611 0.162
8749.34869 -0.0217 0.194
8749.34869 0.0151 0.157
8749.34869 0.0349 0.086
8749.34869 0.0387 0.096
8749.34869 -0.0024 0.152
8749.34869 -0.1639 0.654
8749.34869 0.1457 0.508
8749.34869 -0.0177 0.371
8749.34869 0.0221 1.225
8749.34869 0.0622 0.195
8749.34869 -0.0594 0.201
8749.34869 0.0758 0.867
8749.34869 0.0814 0.659
8749.34869 0.2075 1.052
8749.34869 -0.7303 1.951
8749.34869 -0.5199 2.495
