8746.39728 -0.3239 2.027
8746.39728 -0.1410 0.967
8746.39728 -0.2312 1.065
8746.39728 -0.9470 0.418
8746.39728 -6.7252 0.204
8746.39728 -6.3479 0.350
8746.39728 -0.8503 0.372
8746.39728 -1.6093 0.478
8746.39728 -0.0556 0.211
8746.39728 -1.1816 0.352
8746.39728 -6.7074 0.239
8746.39728 -0.0519 0.172
8746.39728 -0.1723 0.193
8746.39728 -4.7474 0.432
8746.39728 -5.9910 0.439
8746.39728 -2.2525 0.611
8746.39728 -1.2969 0.907
8746.39728 -4.2792 0.757
8746.39728 -6.7702 0.177
8746.39728 -0.2120 1.764
8746.39728 -0.0924 0.778
8746.39728 0.0423 1.777
8746.39728 -0.4008 1.232
8746.39728 -0.5595 0.930
8746.39728 -0.0842 0.367
8746.39728 -0.1380 0.381
8746.39728 -1.2363 0.557
8746.39728 0.0167 1.029
8746.39728 -0.0358 0.240
8746.39728 0.0282 0.428
8746.39728 -0.0716 0.181
8746.39728 -0.4671 0.383
8746.39728 -0.1917 0.456
8746.39728 0.0468 0.948
8746.39728 -0.0681 0.363
8746.39728 -0.6949 0.174
8746.39728 -0.0126 0.211
8746.39728 -0.0091 0.525
8746.39728 -0.6114 0.130
8746.39728 0.0322 0.872
8746.39728 -0.0820 0.261
8746.39728 0.0663 0.144
8746.39728 0.0728 0.224
8746.39728 -0.7011 0.356
8746.39728 0.0520 0.201
8746.39728 0.0217 0.153
8746.39728 0.0800 0.452
8746.39728 0.0395 0.119
8746.39728 0.0070 0.172
8746.39728 -0.0102 0.110
8746.39728 0.1566 0.172
8746.39728 0.0203 0.125
8746.39728 0.0887 0.158
8746.39728 -0.0134 0.385
8746.39728 0.0215 0.123
8746.39728 -0.0022 0.210
8746.39728 0.1154 0.173
8746.39728 0.0471 0.168
8746.39728 0.0716 0.175
8746.39728 0.0276 0.212
8746.39728 0.1001 0.140
8746.39728 0.0833 0.194
8746.39728 0.0661 0.139
8746.39728 0.0772 0.131
8746.39728 0.1223 0.198
8746.39728 0.0644 0.323
8746.39728 0.1545 0.428
8746.39728 -0.0157 1.019
8746.39728 0.0392 0.683
8746.39728 0.1530 0.186
8746.39728 0.0935 0.135
8746.39728 0.0352 0.181
8746.39728 0.1358 0.167
8746.39728 -0.0734 0.552
8746.39728 0.2350 0.531
8746.39728 0.1209 0.294
8746.39728 0.2425 1.226
8746.39728 0.2044 0.563
8746.39728 0.1492 0.695
8746.39728 0.0855 0.918
8746.39728 0.2294 0.764
8746.39728 0.2639 0.811
8746.39728 0.0840 1.879
8746.39728 0.0945 2.113
