8749.32901 -0.5960 4.597
8749.32901 -0.1499 1.085
8749.32901 -0.0710 0.790
8749.32901 -1.3436 0.578
8749.32901 -7.9465 0.193
8749.32901 -7.6291 0.350
8749.32901 -0.9533 0.572
8749.32901 -1.9881 0.475
8749.32901 0.0204 0.288
8749.32901 -1.4086 0.412
8749.32901 -7.9217 0.119
8749.32901 -0.0793 0.240
8749.32901 -0.2607 0.151
8749.32901 -5.8179 0.444
8749.32901 -7.2246 0.379
8749.32901 -2.8343 0.571
8749.32901 -1.6196 0.810
8749.32901 -5.3587 0.903
8749.32901 -8.0012 0.146
8749.32901 -0.2827 0.763
8749.32901 -0.1225 0.349
8749.32901 0.0309 0.632
8749.32901 -0.4466 0.339
8749.32901 -0.6889 0.557
8749.32901 -0.0476 0.390
8749.32901 -0.1772 0.203
8749.32901 -1.5003 0.615
8749.32901 0.0263 1.184
8749.32901 -0.0688 0.243
8749.32901 0.0317 0.293
8749.32901 -0.1182 0.174
8749.32901 -0.6189 0.397
8749.32901 -0.1948 0.437
8749.32901 -0.0084 0.690
8749.32901 -0.1182 0.420
8749.32901 -0.2209 0.285
8749.32901 -0.0839 0.271
8749.32901 -0.0796 0.545
8749.32901 0.0110 0.117
8749.32901 -0.1335 0.653
8749.32901 -0.1080 0.295
8749.32901 -0.0086 0.133
8749.32901 -0.1596 0.142
8749.32901 -0.1668 0.347
8749.32901 -0.0023 0.097
8749.32901 0.0354 0.119
8749.32901 -0.0500 0.246
8749.32901 -0.0840 0.092
8749.32901 -0.0133 0.235
8749.32901 -0.0371 0.081
8749.32901 0.0402 0.075
8749.32901 -0.0047 0.131
8749.32901 -0.0316 0.121
8749.32901 0.0138 0.099
8749.32901 -0.0672 0.226
8749.32901 -0.0087 0.115
8749.32901 -0.0282 0.278
8749.32901 -0.0333 0.189
8749.32901 0.0261 0.512
8749.32901 -0.0119 0.104
8749.32901 0.0609 0.146
8749.32901 -0.0539 0.199
8749.32901 0.0336 0.091
8749.32901 -0.0454 0.102
8749.32901 0.0002 0.101
8749.32901 -0.0579 0.180
8749.32901 0.0390 0.693
8749.32901 -0.1663 0.562
8749.32901 0.0009 0.237
8749.32901 0.0251 0.104
8749.32901 0.0076 0.106
8749.32901 0.0393 0.122
8749.32901 -0.0402 0.208
8749.32901 -0.1861 0.447
8749.32901 0.1637 0.802
8749.32901 0.0245 0.429
8749.32901 0.0255 1.577
8749.32901 0.0664 0.138
8749.32901 -0.0872 0.326
8749.32901 0.1658 0.898
8749.32901 -1.3648 1.327
8749.32901 0.1399 0.311
8749.32901 -0.1252 2.277
8749.32901 -0.5843 3.457
