8747.48529 -0.4301 3.020
8747.48529 -0.0821 1.506
8747.48529 -0.0660 0.432
8747.48529 -0.5632 0.912
8747.48529 -7.2989 0.372
8747.48529 -6.6639 0.818
8747.48529 -0.5726 0.555
8747.48529 -1.1538 0.513
8747.48529 -0.0081 0.876
8747.48529 -1.2096 0.369
8747.48529 -7.3162 0.216
8747.48529 -0.0203 0.171
8747.48529 -0.1459 0.257
8747.48529 -4.3878 0.713
8747.48529 -6.1061 0.501
8747.48529 -1.7648 0.931
8747.48529 -0.6661 0.626
8747.48529 -3.5216 1.140
8747.48529 -7.4205 0.149
8747.48529 -0.0338 1.926
8747.48529 0.0014 0.616
8747.48529 0.1018 1.211
8747.48529 -0.1939 1.087
8747.48529 -0.3445 0.450
8747.48529 -0.6082 0.794
8747.48529 -0.0977 0.789
8747.48529 -1.2596 0.493
8747.48529 0.0521 0.594
8747.48529 -0.5752 0.192
8747.48529 0.0915 0.303
8747.48529 -0.0147 0.195
8747.48529 -0.8901 0.536
8747.48529 -0.0435 0.409
8747.48529 0.0509 1.720
8747.48529 0.0852 0.857
8747.48529 0.0081 0.326
8747.48529 0.1196 0.433
8747.48529 -0.0629 0.665
8747.48529 0.1053 0.664
8747.48529 0.0892 1.218
8747.48529 -0.0487 0.455
8747.48529 -0.0079 0.602
8747.48529 0.0366 0.380
8747.48529 0.0541 0.359
8747.48529 0.1249 0.164
8747.48529 0.0554 0.179
8747.48529 0.0790 0.270
8747.48529 0.1280 0.165
8747.48529 0.0208 0.181
8747.48529 0.1011 0.150
8747.48529 0.1331 0.156
8747.48529 0.1754 0.201
8747.48529 0.0749 0.180
8747.48529 0.0262 0.597
8747.48529 0.1292 0.246
8747.48529 0.0340 0.173
8747.48529 0.1087 0.398
8747.48529 0.1458 0.196
8747.48529 0.1377 0.350
8747.48529 0.0198 0.166
8747.48529 0.1033 0.181
8747.48529 0.1363 0.198
8747.48529 0.0836 0.253
8747.48529 0.1426 0.167
8747.48529 0.0902 0.200
8747.48529 0.1321 0.294
8747.48529 0.2353 0.440
8747.48529 0.0675 0.650
8747.48529 0.1335 0.688
8747.48529 0.2143 0.191
8747.48529 0.0774 0.188
8747.48529 -0.5703 0.140
8747.48529 0.2249 0.158
8747.48529 -0.0606 0.693
8747.48529 0.2318 0.394
8747.48529 0.0854 0.778
8747.48529 0.2106 1.801
8747.48529 0.2120 0.334
8747.48529 0.0910 0.462
8747.48529 0.0843 0.959
8747.48529 0.2026 1.329
8747.48529 0.2178 1.254
8747.48529 -0.0040 1.568
8747.48529 -0.1532 2.794
