8742.52010 2.2116 1.626
8742.52010 2.7130 0.807
8742.52010 1.4971 0.415
8742.52010 0.8759 0.688
8742.52010 -3.1838 0.137
8742.52010 -2.7012 0.197
8742.52010 1.2437 0.336
8742.52010 0.2117 1.769
8742.52010 1.2260 0.539
8742.52010 0.1383 0.288
8742.52010 -3.7735 0.149
8742.52010 1.0912 0.196
8742.52010 0.8471 0.227
8742.52010 -2.9940 0.314
8742.52010 -3.5894 0.171
8742.52010 -0.7605 0.312
8742.52010 -0.4752 0.783
8742.52010 -2.6036 0.371
8742.52010 -4.5142 0.195
8742.52010 0.3831 0.767
8742.52010 0.4611 0.588
8742.52010 0.6634 1.121
8742.52010 0.1873 0.501
8742.52010 -0.1012 0.454
8742.52010 1.6022 0.715
8742.52010 0.1419 0.320
8742.52010 -0.8158 0.541
8742.52010 0.2801 0.177
8742.52010 0.1906 0.271
8742.52010 0.2123 0.464
8742.52010 1.3139 0.627
8742.52010 0.8401 0.597
8742.52010 4.7030 4.589
8742.52010 0.0696 0.512
8742.52010 0.0040 0.451
8742.52010 -0.3413 0.238
8742.52010 0.0790 0.271
8742.52010 0.0142 0.439
8742.52010 -0.0203 0.222
8742.52010 -0.0651 1.001
8742.52010 -0.1179 0.407
8742.52010 -0.0475 0.216
8742.52010 -0.0057 0.224
8742.52010 -0.0681 0.382
8742.52010 -0.0975 0.220
8742.52010 -0.1029 0.222
8742.52010 -0.0627 0.306
8742.52010 -0.0701 0.189
8742.52010 -0.0194 0.296
8742.52010 -0.0431 0.192
8742.52010 0.0286 0.218
8742.52010 0.0002 0.250
8742.52010 -0.0637 0.208
8742.52010 -0.1217 0.364
8742.52010 -0.0480 0.207
8742.52010 -0.1349 0.179
8742.52010 -0.0534 0.534
8742.52010 -0.0513 0.249
8742.52010 0.0121 0.328
8742.52010 -0.0198 0.201
8742.52010 0.0392 0.233
8742.52010 0.0211 0.300
8742.52010 0.0099 0.205
8742.52010 -0.0501 0.196
8742.52010 0.1248 0.206
8742.52010 -0.0019 0.247
8742.52010 0.1151 0.453
8742.52010 -0.0543 0.506
8742.52010 0.0368 0.246
8742.52010 0.0567 0.279
8742.52010 -0.0054 0.249
8742.52010 0.0014 0.216
8742.52010 0.0147 0.216
8742.52010 -0.1423 0.397
8742.52010 0.1707 0.480
8742.52010 -0.0508 0.330
8742.52010 0.1862 0.966
8742.52010 0.1628 0.240
8742.52010 -0.0038 0.520
8742.52010 -0.1609 1.278
8742.52010 0.0240 1.358
8742.52010 0.1606 0.791
8742.52010 -0.2930 2.374
8742.52010 -0.3038 3.494
