8740.37661 -0.4420 2.355
8740.37661 -0.1577 1.546
8740.37661 -0.3548 0.644
8740.37661 -1.1836 0.370
8740.37661 -3.9785 0.108
8740.37661 -3.8964 0.152
8740.37661 -0.9294 0.765
8740.37661 -1.4382 0.258
8740.37661 -0.0339 0.152
8740.37661 -0.9594 0.260
8740.37661 -3.9653 0.130
8740.37661 -0.1076 0.127
8740.37661 -0.1750 0.103
8740.37661 -3.0882 0.250
8740.37661 -3.6533 0.212
8740.37661 -1.6602 0.263
8740.37661 -1.4448 0.508
8740.37661 -2.7946 0.248
8740.37661 -3.9359 0.106
8740.37661 -0.1607 0.723
8740.37661 -0.0858 1.000
8740.37661 0.0357 2.024
8740.37661 -0.3650 0.788
8740.37661 -0.5943 0.366
8740.37661 -0.0583 0.749
8740.37661 -0.1633 0.711
8740.37661 -0.8666 0.370
8740.37661 -0.0863 0.430
8740.37661 -0.1042 0.134
8740.37661 -0.0114 0.200
8740.37661 -0.1354 0.146
8740.37661 -0.5950 0.379
8740.37661 -0.2132 0.343
8740.37661 -0.0600 1.646
8740.37661 -0.1318 0.705
8740.37661 -0.1375 0.373
8740.37661 -0.1044 0.349
8740.37661 -0.0687 0.645
8740.37661 -0.1205 0.561
8740.37661 -0.1312 1.273
8740.37661 -0.0808 0.321
8740.37661 -0.0421 0.592
8740.37661 -0.0935 0.389
8740.37661 -0.1630 0.387
8740.37661 0.0054 0.142
8740.37661 -0.0870 0.095
8740.37661 -0.0516 0.361
8740.37661 -0.0806 0.058
8740.37661 -0.1014 0.109
8740.37661 -0.1269 0.067
8740.37661 -0.0059 0.053
8740.37661 -0.1118 0.195
8740.37661 -0.0448 0.065
8740.37661 -0.0938 0.203
8740.37661 -0.0851 0.082
8740.37661 -0.0777 0.061
8740.37661 -0.0321 0.255
8740.37661 -0.0757 0.117
8740.37661 -0.0546 0.327
8740.37661 -0.0819 0.066
8740.37661 -0.0119 0.060
8740.37661 0.0073 0.277
8740.37661 -0.0607 0.068
8740.37661 -0.1216 0.085
8740.37661 -0.0158 0.124
8740.37661 -0.0730 0.091
8740.37661 0.0091 0.163
8740.37661 -0.1698 0.200
8740.37661 -0.0661 0.404
8740.37661 -0.0450 0.105
8740.37661 -0.0539 0.157
8740.37661 0.0073 0.132
8740.37661 -0.0037 0.108
8740.37661 -0.1669 0.611
8740.37661 -0.0555 0.866
8740.37661 0.0386 0.530
8740.37661 0.1130 1.224
8740.37661 0.1802 0.349
8740.37661 -0.1324 0.758
8740.37661 0.3115 0.888
8740.37661 -0.0976 1.195
8740.37661 0.1388 0.690
8740.37661 -0.0009 2.466
8740.37661 -0.3349 1.770
