8743.50516 -0.5131 3.800
8743.50516 -0.1646 1.470
8743.50516 -0.3746 0.433
8743.50516 -1.4237 0.501
8743.50516 -5.6420 0.136
8743.50516 -5.4720 0.190
8743.50516 -1.0800 0.818
8743.50516 -1.8077 0.326
8743.50516 -0.0397 0.781
8743.50516 -1.5860 0.276
8743.50516 -5.6398 0.186
8743.50516 -0.0488 0.142
8743.50516 -0.1445 0.195
8743.50516 -4.3419 0.292
8743.50516 -5.1254 0.270
8743.50516 -2.3262 0.408
8743.50516 -1.7058 0.495
8743.50516 -3.9327 0.307
8743.50516 -5.6829 0.124
8743.50516 -0.1409 0.473
8743.50516 0.0634 0.947
8743.50516 0.0927 1.916
8743.50516 -0.3903 1.041
8743.50516 -0.5790 0.404
8743.50516 -0.0760 0.754
8743.50516 -0.0687 0.812
8743.50516 -1.0883 0.334
8743.50516 -0.0191 0.295
8743.50516 -0.0316 0.164
8743.50516 0.0037 0.405
8743.50516 -0.1696 0.164
8743.50516 -0.7169 0.443
8743.50516 -0.2448 0.382
8743.50516 0.0023 1.923
8743.50516 -0.0623 0.809
8743.50516 -0.2237 0.482
8743.50516 0.0397 0.423
8743.50516 -0.0941 0.617
8743.50516 -0.0531 0.623
8743.50516 -0.0531 1.250
8743.50516 -0.1180 0.504
8743.50516 -0.0623 0.580
8743.50516 -0.1666 0.452
8743.50516 -0.0682 0.377
8743.50516 -0.0381 0.142
8743.50516 -0.0300 0.149
8743.50516 -0.0770 0.355
8743.50516 -0.1256 0.136
8743.50516 -0.0649 0.325
8743.50516 0.0065 0.115
8743.50516 -0.0118 0.122
8743.50516 -0.0546 0.153
8743.50516 -0.0593 0.151
8743.50516 -0.0148 0.285
8743.50516 0.0096 0.258
8743.50516 -0.0518 0.178
8743.50516 -0.0665 0.500
8743.50516 -0.0129 0.212
8743.50516 0.0109 0.215
8743.50516 -0.0744 0.126
8743.50516 -0.0120 0.170
8743.50516 -0.0211 0.342
8743.50516 -0.0413 0.173
8743.50516 -0.0116 0.134
8743.50516 -0.0546 0.181
8743.50516 -0.0851 0.226
8743.50516 0.0273 0.536
8743.50516 -0.0512 0.196
8743.50516 -0.1117 0.581
8743.50516 -0.0201 0.152
8743.50516 -0.0133 0.221
8743.50516 -0.0226 0.178
8743.50516 -0.0640 0.149
8743.50516 -0.2173 0.656
8743.50516 0.1020 0.898
8743.50516 -0.0009 0.699
8743.50516 0.0740 1.468
8743.50516 0.1299 0.164
8743.50516 -0.1635 0.537
8743.50516 -0.0166 0.950
8743.50516 0.0643 0.582
8743.50516 0.0922 0.380
8743.50516 -0.4752 2.691
8743.50516 -0.4156 2.197
