8732.57354 -0.0617 0.583
8732.57354 -0.1260 0.602
8732.57354 -0.2602 0.911
8732.57354 -0.2807 0.332
8732.57354 -0.8342 0.088
8732.57354 -0.9251 0.156
8732.57354 -0.1603 0.566
8732.57354 -0.3387 0.295
8732.57354 0.1123 2.051
8732.57354 -0.1797 0.182
8732.57354 -0.8705 0.128
8732.57354 -0.0244 0.222
8732.57354 -0.0500 0.232
8732.57354 -0.6185 0.202
8732.57354 -0.9065 0.146
8732.57354 -0.3737 0.385
8732.57354 -0.3907 0.399
8732.57354 -0.6165 0.502
8732.57354 -0.8432 0.070
8732.57354 -0.2119 1.452
8732.57354 -0.1383 0.484
8732.57354 -0.0025 1.536
8732.57354 -0.1796 1.109
8732.57354 -0.1881 0.771
8732.57354 -0.0807 0.518
8732.57354 -0.0866 0.356
8732.57354 -0.2393 0.389
8732.57354 -0.0392 0.828
8732.57354 -0.0836 0.203
8732.57354 -0.0020 0.279
8732.57354 -0.1299 0.175
8732.57354 -0.1769 0.258
8732.57354 -0.1388 0.292
8732.57354 -0.0022 0.401
8732.57354 -0.1016 0.326
8732.57354 -0.1605 0.456
8732.57354 -0.0784 0.364
8732.57354 -0.0717 0.620
8732.57354 -0.0523 0.421
8732.57354 -0.0570 0.789
8732.57354 -0.0154 0.251
8732.57354 -0.0422 0.492
8732.57354 -0.1500 0.425
8732.57354 -0.1094 0.512
8732.57354 -0.0026 0.184
8732.57354 -0.0338 0.186
8732.57354 -0.0401 0.279
8732.57354 -0.0238 0.203
8732.57354 -0.0385 0.230
8732.57354 -0.0849 0.140
8732.57354 -0.0626 0.173
8732.57354 -0.0317 0.173
8732.57354 -0.0771 0.160
8732.57354 -0.0901 0.388
8732.57354 -0.0005 0.212
8732.57354 -0.0545 0.153
8732.57354 -0.0285 0.402
8732.57354 0.0008 0.176
8732.57354 -0.0184 0.171
8732.57354 -0.0137 0.180
8732.57354 -0.0077 0.224
8732.57354 -0.0359 0.283
8732.57354 0.0040 0.194
8732.57354 -0.0496 0.156
8732.57354 -0.0879 0.194
8732.57354 -0.1334 0.234
8732.57354 -0.0429 0.195
8732.57354 -0.1477 0.348
8732.57354 -0.1097 0.309
8732.57354 -0.0438 0.387
8732.57354 -0.0509 0.167
8732.57354 0.0007 0.187
8732.57354 -0.0645 0.186
8732.57354 -0.1856 0.451
8732.57354 0.0579 0.355
8732.57354 -0.0652 0.820
8732.57354 0.1130 0.919
8732.57354 -0.1198 0.502
8732.57354 0.0576 0.848
8732.57354 -0.2321 0.604
8732.57354 -0.2225 0.751
8732.57354 -0.0823 0.937
8732.57354 -0.1845 1.753
8732.57354 -0.2346 3.835
