8757.31759 -0.8858 4.145
8757.31759 -0.2035 2.672
8757.31759 -0.4709 1.565
8757.31759 -3.0190 1.315
8757.31759 -11.7254 0.225
8757.31759 -11.6038 0.355
8757.31759 -1.4442 2.435
8757.31759 -3.4547 3.135
8757.31759 -0.0827 0.604
8757.31759 -1.0759 1.114
8757.31759 -11.4721 1.365
8757.31759 -0.0604 2.129
8757.31759 -0.2565 2.957
8757.31759 -10.2556 3.835
8757.31759 -11.1824 3.992
8757.31759 -9.1028 5.870
8757.31759 1558.0164 20.935
8757.31759 5.0964 17.806
8757.31759 5.8281 20.501
8757.31759 1426.9812 1.484
8757.31759 2.4392 13.354
8757.31759 -1885.614 54.392
8757.31759 3.3943 10.151
8757.31759 1.8122 10.261
8757.31759 3.4355 18.335
8757.31759 1.6740 18.763
8757.31759 1977.6450 5.928
8757.31759 1.1317 18.822
8757.31759 1121.1137 18.933
8757.31759 1.5010 7.464
8757.31759 574.0459 15.437
8757.31759 -0.2315 5.913
8757.31759 0.6177 3.087
8757.31759 -1.0573 3.529
8757.31759 0.7609 3.254
8757.31759 0.6150 1.514
8757.31759 0.4413 2.120
8757.31759 -0.0653 1.217
8757.31759 -1.2034 2.198
8757.31759 0.3709 3.714
8757.31759 -0.2658 1.121
8757.31759 0.1598 1.025
8757.31759 -0.0197 1.498
8757.31759 -0.0782 0.289
8757.31759 -0.0874 0.360
8757.31759 -0.0539 0.194
8757.31759 0.0003 0.598
8757.31759 -0.3301 0.260
8757.31759 -0.1123 0.233
8757.31759 -0.4259 0.313
8757.31759 -0.0760 0.362
8757.31759 -0.0196 0.185
8757.31759 -0.0798 0.417
8757.31759 -0.0491 0.290
8757.31759 -0.0148 0.343
8757.31759 -0.0596 0.191
8757.31759 0.0110 0.227
8757.31759 -0.0174 0.233
8757.31759 -0.0446 0.201
8757.31759 -0.3948 0.174
8757.31759 -0.3346 0.226
8757.31759 -0.3863 0.383
8757.31759 0.0970 0.523
8757.31759 -0.1151 0.342
8757.31759 -0.0123 0.580
8757.31759 0.0874 0.265
8757.31759 -0.0065 0.207
8757.31759 -0.0300 0.289
8757.31759 -0.0584 0.255
8757.31759 -0.2489 0.415
8757.31759 0.0740 0.805
8757.31759 0.0188 0.521
8757.31759 0.1184 0.623
8757.31759 0.1752 0.460
8757.31759 0.5916 0.790
8757.31759 -0.5569 0.874
8757.31759 -0.3525 0.995
8757.31759 0.1670 1.104
8757.31759 -0.3303 1.223
8757.31759 0.0694 9.188
