8757.36470 -0.2056 6.887
8757.36470 7.4419 18.710
8757.36470 -0.1870 2.516
8757.36470 -1.5470 2.125
8757.36470 -11.9799 0.843
8757.36470 -14.0151 2.642
8757.36470 -1.5871 14.927
8757.36470 -0.2233 2.761
8757.36470 -1.0684 0.802
8757.36470 -11.7298 0.760
8757.36470 0.2389 3.116
8757.36470 -0.2525 0.361
8757.36470 -10.0667 0.754
8757.36470 -11.3879 0.595
8757.36470 -1.3161 2.658
8757.36470 -10.2829 1.419
8757.36470 -11.7125 0.337
8757.36470 0.0093 2.688
8757.36470 -0.0859 0.640
8757.36470 -0.1117 1.224
8757.36470 -0.1977 1.324
8757.36470 -1.3067 1.342
8757.36470 -0.1371 0.681
8757.36470 -0.1781 1.084
8757.36470 -1.3778 0.888
8757.36470 -0.0034 1.783
8757.36470 0.0624 1.149
8757.36470 0.0818 1.300
8757.36470 -0.3205 0.508
8757.36470 -0.6695 1.012
8757.36470 -0.6094 2.462
8757.36470 0.1888 1.686
8757.36470 -0.0878 0.936
8757.36470 -0.0716 0.800
8757.36470 -0.1092 0.732
8757.36470 -0.3031 0.859
8757.36470 0.1056 0.523
8757.36470 -0.0818 1.015
8757.36470 -0.1198 0.719
8757.36470 -0.1106 0.528
8757.36470 -0.0863 0.585
8757.36470 -1.2198 1.248
8757.36470 -0.3050 0.440
8757.36470 0.6211 1.196
8757.36470 -0.0840 0.551
8757.36470 -0.2590 0.446
8757.36470 -0.2229 1.188
8757.36470 -0.9422 0.925
8757.36470 0.0032 0.737
8757.36470 -0.4321 0.263
8757.36470 -0.1451 0.584
8757.36470 -0.6642 2.839
8757.36470 -0.4204 1.054
8757.36470 0.2748 1.050
8757.36470 -0.3342 0.785
8757.36470 0.1007 0.745
8757.36470 -0.0854 0.414
8757.36470 -0.0662 0.549
8757.36470 0.1095 1.003
8757.36470 0.0324 0.533
8757.36470 -0.1911 0.733
8757.36470 -0.3332 0.417
8757.36470 -0.3825 0.708
8757.36470 -0.6510 0.765
8757.36470 -0.4387 1.850
8757.36470 0.0361 2.692
8757.36470 0.0462 1.614
8757.36470 -0.1302 0.973
8757.36470 0.0522 1.056
8757.36470 0.7964 3.461
8757.36470 -0.3199 0.886
8757.36470 -1.2990 3.964
8757.36470 -90.1407 4.743
8757.36470 0.2972 3.732
8757.36470 2.7344 4.305
8757.36470 -0.9342 3.358
8757.36470 0.1733 0.880
8757.36470 -467.3851 0.874
8757.36470 -1864.181 0.767
8757.36470 -1608.832 6.541
8757.36470 -1225.874 62.733
