8741.48082 -0.4357 2.550
8741.48082 -0.2081 1.172
8741.48082 -0.2985 0.750
8741.48082 -1.3494 0.536
8741.48082 -4.6423 0.132
8741.48082 -4.5273 0.168
8741.48082 -1.0219 0.806
8741.48082 -1.7317 0.357
8741.48082 -0.1011 0.191
8741.48082 -1.0144 0.253
8741.48082 -4.6441 0.125
8741.48082 -0.0843 0.132
8741.48082 -0.2767 0.135
8741.48082 -3.6937 0.297
8741.48082 -4.4653 0.250
8741.48082 -2.2007 0.303
8741.48082 -1.8353 0.612
8741.48082 -3.5436 0.287
8741.48082 -4.7263 0.122
8741.48082 -0.1779 0.852
8741.48082 -0.0927 0.619
8741.48082 0.0258 1.977
8741.48082 -0.3835 0.860
8741.48082 -0.6039 0.352
8741.48082 -0.0510 0.758
8741.48082 -0.1180 0.746
8741.48082 -1.0228 0.443
8741.48082 -0.0657 0.331
8741.48082 -0.0068 0.165
8741.48082 -0.0440 0.365
8741.48082 -0.1246 0.148
8741.48082 -0.7697 0.436
8741.48082 -0.3386 0.360
8741.48082 -0.1187 1.863
8741.48082 -0.0378 0.841
8741.48082 -0.1451 0.294
8741.48082 -0.0280 0.399
8741.48082 -0.1380 0.669
8741.48082 -0.0357 0.694
8741.48082 -0.1484 1.198
8741.48082 -0.1627 0.346
8741.48082 -0.1128 0.569
8741.48082 -0.1062 0.576
8741.48082 -0.0509 0.405
8741.48082 -0.1098 0.107
8741.48082 -0.0568 0.124
8741.48082 -0.1510 0.338
8741.48082 -0.0870 0.096
8741.48082 -0.0982 0.347
8741.48082 -0.0178 0.110
8741.48082 -0.0680 0.122
8741.48082 -0.0919 0.240
8741.48082 -0.1176 0.124
8741.48082 -0.0901 0.220
8741.48082 -0.0593 0.194
8741.48082 -0.0815 0.121
8741.48082 -0.0854 0.239
8741.48082 -0.0433 0.204
8741.48082 -0.0478 0.107
8741.48082 -0.0635 0.125
8741.48082 -0.0519 0.117
8741.48082 -0.0949 0.211
8741.48082 -0.0138 0.123
8741.48082 -0.0393 0.106
8741.48082 -0.0306 0.120
8741.48082 -0.0619 0.139
8741.48082 -0.0545 0.512
8741.48082 -0.1713 0.172
8741.48082 0.0011 0.486
8741.48082 -0.0721 0.133
8741.48082 -0.0431 0.206
8741.48082 -0.0570 0.205
8741.48082 -0.0999 0.110
8741.48082 -0.1968 1.401
8741.48082 0.0255 0.177
8741.48082 -0.0732 0.540
8741.48082 0.0086 1.452
8741.48082 0.0342 0.309
8741.48082 -0.0316 0.699
8741.48082 -0.1277 1.257
8741.48082 -0.0217 0.998
8741.48082 -0.0620 0.802
8741.48082 -0.2626 2.189
8741.48082 -0.4723 1.781
