8731.51120 -0.0349 0.447
8731.51120 -0.0647 1.237
8731.51120 0.0457 1.438
8731.51120 0.0206 0.190
8731.51120 -0.2412 0.090
8731.51120 -0.1627 0.096
8731.51120 -0.1227 0.228
8731.51120 -0.1233 0.186
8731.51120 0.1060 0.275
8731.51120 -0.0488 0.074
8731.51120 -0.2575 0.132
8731.51120 -0.0272 0.101
8731.51120 -0.0214 0.099
8731.51120 -0.2229 0.139
8731.51120 -0.1626 0.186
8731.51120 -0.1830 0.450
8731.51120 -0.1236 0.957
8731.51120 -0.1398 0.353
8731.51120 -0.2525 0.389
8731.51120 -0.1045 2.491
8731.51120 -0.0647 1.034
8731.51120 -0.0037 2.160
8731.51120 -0.0072 1.791
8731.51120 -0.0671 1.033
8731.51120 -0.0432 1.447
8731.51120 0.0024 0.297
8731.51120 -0.0764 0.385
8731.51120 -0.0273 1.084
8731.51120 0.0023 0.666
8731.51120 -0.0171 0.308
8731.51120 -0.0289 0.100
8731.51120 -0.0407 0.172
8731.51120 -0.0101 0.377
8731.51120 -0.0251 0.215
8731.51120 -0.0260 0.165
8731.51120 -0.0064 0.163
8731.51120 -0.0041 0.159
8731.51120 -0.0227 0.407
8731.51120 -0.0122 0.215
8731.51120 -0.0449 0.731
8731.51120 -0.0394 0.181
8731.51120 -0.0254 0.104
8731.51120 -0.0177 0.178
8731.51120 -0.0375 0.301
8731.51120 -0.0312 0.108
8731.51120 -0.0453 0.143
8731.51120 0.0012 0.154
8731.51120 -0.0106 0.073
8731.51120 -0.0422 0.061
8731.51120 -0.0271 0.060
8731.51120 -0.0081 0.104
8731.51120 -0.0137 0.116
8731.51120 -0.0109 0.083
8731.51120 -0.0017 0.268
8731.51120 -0.0234 0.088
8731.51120 -0.0286 0.064
8731.51120 -0.0136 0.116
8731.51120 -0.0356 0.091
8731.51120 -0.0249 0.064
8731.51120 -0.0397 0.068
8731.51120 0.0053 0.355
8731.51120 -0.0231 0.161
8731.51120 0.0115 0.117
8731.51120 -0.0322 0.082
8731.51120 -0.0253 0.218
8731.51120 -0.0545 0.138
8731.51120 0.0344 0.098
8731.51120 -0.0560 0.266
8731.51120 -0.0193 0.140
8731.51120 0.0046 0.144
8731.51120 -0.0631 0.402
8731.51120 -0.0226 0.126
8731.51120 -0.0688 0.229
8731.51120 -0.1386 0.491
8731.51120 0.0393 0.315
8731.51120 -0.0010 0.594
8731.51120 0.0839 1.574
8731.51120 0.0801 0.563
8731.51120 -0.0994 1.338
8731.51120 -0.0424 1.044
8731.51120 -0.0278 1.395
8731.51120 0.0202 1.194
8731.51120 -0.2039 1.120
8731.51120 -0.2380 2.269
