8742.52950 2.1572 2.115
8742.52950 2.6428 1.129
8742.52950 1.5247 0.801
8742.52950 0.9236 0.367
8742.52950 -3.2106 0.145
8742.52950 -2.7091 0.241
8742.52950 1.1579 0.366
8742.52950 0.2666 0.279
8742.52950 1.2252 0.267
8742.52950 0.1051 0.257
8742.52950 -3.7902 0.102
8742.52950 1.1296 0.111
8742.52950 0.8540 0.213
8742.52950 -2.9809 0.259
8742.52950 -3.5843 0.217
8742.52950 -0.7580 0.476
8742.52950 -0.4608 0.590
8742.52950 -2.5967 0.498
8742.52950 -4.5314 0.199
8742.52950 0.3910 0.881
8742.52950 0.4620 0.592
8742.52950 0.6262 1.044
8742.52950 0.1530 0.769
8742.52950 -0.1138 0.706
8742.52950 1.6085 0.723
8742.52950 0.1298 0.296
8742.52950 -0.8599 0.386
8742.52950 0.2857 0.354
8742.52950 0.1892 0.207
8742.52950 0.2202 0.261
8742.52950 1.2994 0.646
8742.52950 0.7896 0.654
8742.52950 4.7451 4.566
8742.52950 0.0695 0.285
8742.52950 -0.0249 0.409
8742.52950 -0.3576 0.225
8742.52950 0.0826 0.258
8742.52950 0.0044 0.442
8742.52950 -0.0248 0.271
8742.52950 -0.0605 0.841
8742.52950 -0.1168 0.417
8742.52950 -0.0352 0.208
8742.52950 -0.0030 0.219
8742.52950 -0.0823 0.391
8742.52950 -0.0986 0.221
8742.52950 -0.1059 0.248
8742.52950 -0.0840 0.422
8742.52950 -0.0800 0.191
8742.52950 -0.0196 0.295
8742.52950 -0.0551 0.192
8742.52950 0.0311 0.234
8742.52950 -0.0051 0.265
8742.52950 -0.0296 0.215
8742.52950 -0.1118 0.402
8742.52950 -0.0746 0.202
8742.52950 -0.1204 0.179
8742.52950 -0.0677 0.373
8742.52950 -0.0606 0.245
8742.52950 -0.0306 0.343
8742.52950 -0.0019 0.187
8742.52950 0.0276 0.209
8742.52950 0.0241 0.261
8742.52950 0.0027 0.228
8742.52950 -0.0343 0.203
8742.52950 0.1454 0.211
8742.52950 0.0179 0.260
8742.52950 0.0699 0.455
8742.52950 -0.0884 0.244
8742.52950 0.0387 0.257
8742.52950 0.0434 0.436
8742.52950 0.0618 0.211
8742.52950 0.0168 0.229
8742.52950 0.0624 0.228
8742.52950 -0.0869 0.606
8742.52950 0.1581 0.722
8742.52950 0.0263 0.617
8742.52950 0.1762 1.301
8742.52950 0.1283 0.525
8742.52950 0.0041 0.372
8742.52950 -0.0866 0.926
8742.52950 0.0010 0.883
8742.52950 0.1510 0.445
8742.52950 -0.2952 2.221
8742.52950 -0.2987 1.442
