8731.40115 -0.0397 0.030
8731.40115 0.0294 0.192
8731.40115 -0.0364 0.327
8731.40115 0.0340 0.779
8731.40115 -0.0152 0.040
8731.40115 -0.0054 0.097
8731.40115 -0.0975 0.428
8731.40115 -0.0486 1.387
8731.40115 0.0296 0.262
8731.40115 0.0079 0.061
8731.40115 -0.0123 0.142
8731.40115 -0.0441 0.245
8731.40115 -0.0271 0.167
8731.40115 -0.0299 0.070
8731.40115 -0.0002 0.109
8731.40115 -0.0518 0.233
8731.40115 -0.0524 0.501
8731.40115 0.0067 0.374
8731.40115 -0.0294 0.150
8731.40115 -0.0138 1.124
8731.40115 0.0119 0.305
8731.40115 0.0149 0.711
8731.40115 0.0291 0.696
8731.40115 -0.0105 0.552
8731.40115 -0.0193 0.393
8731.40115 -0.0022 0.314
8731.40115 0.0086 0.239
8731.40115 -0.0147 0.774
8731.40115 0.0126 0.259
8731.40115 -0.0063 0.387
8731.40115 -0.0421 0.156
8731.40115 -0.0088 0.211
8731.40115 -0.0291 0.423
8731.40115 -0.0020 0.308
8731.40115 -0.0243 0.179
8731.40115 -0.0202 0.565
8731.40115 -0.0207 0.370
8731.40115 -0.0067 0.644
8731.40115 -0.0156 0.152
8731.40115 -0.0498 0.964
8731.40115 -0.0370 0.288
8731.40115 -0.0298 0.108
8731.40115 -0.0247 0.243
8731.40115 -0.0221 0.224
8731.40115 0.0001 0.088
8731.40115 -0.0314 0.050
8731.40115 0.0067 0.095
8731.40115 -0.0067 0.057
8731.40115 -0.0186 0.157
8731.40115 -0.0139 0.031
8731.40115 0.0079 0.132
8731.40115 -0.0066 0.053
8731.40115 -0.0223 0.037
8731.40115 0.0086 0.132
8731.40115 -0.0185 0.040
8731.40115 -0.0294 0.068
8731.40115 -0.0013 0.110
8731.40115 0.0075 0.068
8731.40115 -0.0500 0.237
8731.40115 -0.0217 0.114
8731.40115 0.0090 0.045
8731.40115 -0.0254 0.139
8731.40115 0.0054 0.042
8731.40115 -0.0253 0.076
8731.40115 -0.0067 0.042
8731.40115 -0.0266 0.227
8731.40115 0.0155 0.126
8731.40115 -0.0574 0.831
8731.40115 0.0101 0.199
8731.40115 0.0438 0.279
8731.40115 -0.0275 0.170
8731.40115 -0.0251 0.169
8731.40115 -0.0316 0.298
8731.40115 -0.1261 0.513
8731.40115 0.0328 0.085
8731.40115 0.0319 0.692
8731.40115 0.0527 1.270
8731.40115 0.0806 0.512
8731.40115 -0.0364 0.727
8731.40115 -0.0700 1.267
8731.40115 -0.1211 0.865
8731.40115 0.0347 0.676
8731.40115 -0.0667 3.039
