8731.48999 -0.1886 0.932
8731.48999 -0.0520 1.044
8731.48999 -0.0608 0.301
8731.48999 0.0195 0.234
8731.48999 -0.2148 0.086
8731.48999 -0.1282 0.144
8731.48999 -0.1603 0.309
8731.48999 -0.1708 0.155
8731.48999 0.0848 0.198
8731.48999 -0.0455 0.072
8731.48999 -0.2120 0.195
8731.48999 -0.0395 0.121
8731.48999 -0.0494 0.072
8731.48999 -0.2090 0.102
8731.48999 -0.1353 0.098
8731.48999 -0.1637 0.276
8731.48999 -0.0737 0.277
8731.48999 -0.1201 0.320
8731.48999 -0.2334 0.061
8731.48999 -0.0487 1.321
8731.48999 -0.0033 0.925
8731.48999 0.0266 1.887
8731.48999 -0.0026 0.965
8731.48999 -0.0445 0.324
8731.48999 -0.0335 0.725
8731.48999 -0.0260 0.735
8731.48999 -0.0965 0.491
8731.48999 -0.0143 0.304
8731.48999 -0.0296 0.117
8731.48999 -0.0244 0.233
8731.48999 -0.0389 0.130
8731.48999 -0.0264 0.234
8731.48999 0.0084 0.301
8731.48999 -0.0629 1.556
8731.48999 -0.0344 0.882
8731.48999 -0.0296 0.346
8731.48999 -0.0102 0.387
8731.48999 -0.0361 0.588
8731.48999 -0.0261 0.544
8731.48999 -0.0408 0.922
8731.48999 -0.0542 0.222
8731.48999 -0.0398 0.110
8731.48999 -0.0494 0.361
8731.48999 -0.0373 0.373
8731.48999 -0.0364 0.185
8731.48999 -0.0624 0.108
8731.48999 -0.0329 0.186
8731.48999 -0.0213 0.057
8731.48999 -0.0540 0.172
8731.48999 -0.0359 0.055
8731.48999 -0.0377 0.054
8731.48999 -0.0327 0.101
8731.48999 -0.0239 0.073
8731.48999 -0.0516 0.657
8731.48999 -0.0054 0.063
8731.48999 -0.0402 0.061
8731.48999 -0.0286 0.127
8731.48999 -0.0383 0.120
8731.48999 -0.0295 0.134
8731.48999 -0.0530 0.075
8731.48999 -0.0313 0.061
8731.48999 -0.0405 0.155
8731.48999 -0.0137 0.061
8731.48999 -0.0382 0.105
8731.48999 -0.0161 0.061
8731.48999 -0.0551 0.282
8731.48999 0.0316 0.317
8731.48999 -0.1253 0.135
8731.48999 -0.0193 0.459
8731.48999 -0.0069 0.179
8731.48999 -0.0703 0.156
8731.48999 -0.0290 0.085
8731.48999 -0.0580 0.122
8731.48999 -0.1528 0.731
8731.48999 0.0544 0.500
8731.48999 -0.0259 0.562
8731.48999 0.0446 1.609
8731.48999 0.0689 0.394
8731.48999 -0.0364 0.760
8731.48999 -0.0458 0.952
8731.48999 -0.0645 0.923
8731.48999 0.1455 0.799
8731.48999 -0.1737 1.729
8731.48999 -0.3912 2.383
