8742.50870 2.0862 2.308
8742.50870 2.6280 0.970
8742.50870 1.5001 0.356
8742.50870 0.9144 0.330
8742.50870 -3.1576 0.135
8742.50870 -2.6684 0.232
8742.50870 1.1996 0.336
8742.50870 0.2335 0.276
8742.50870 1.2212 0.358
8742.50870 0.1520 0.257
8742.50870 -3.7543 0.148
8742.50870 1.1035 0.096
8742.50870 0.8317 0.098
8742.50870 -2.9727 0.218
8742.50870 -3.5595 0.179
8742.50870 -0.7334 0.343
8742.50870 -0.4161 0.504
8742.50870 -2.5297 0.506
8742.50870 -4.4997 0.203
8742.50870 0.5313 1.173
8742.50870 0.5182 0.672
8742.50870 0.6270 1.889
8742.50870 0.1974 1.048
8742.50870 -0.0543 0.432
8742.50870 1.5259 0.746
8742.50870 0.1559 0.596
8742.50870 -0.8153 0.528
8742.50870 0.2740 0.611
8742.50870 0.1858 0.188
8742.50870 0.2041 0.358
8742.50870 1.2858 0.625
8742.50870 0.6691 0.709
8742.50870 4.5452 4.512
8742.50870 0.0457 1.804
8742.50870 -0.0306 0.610
8742.50870 -0.3668 0.317
8742.50870 0.0620 0.439
8742.50870 0.0008 0.632
8742.50870 -0.0492 0.764
8742.50870 -0.0642 1.289
8742.50870 -0.1190 0.477
8742.50870 -0.0582 0.520
8742.50870 -0.0101 0.422
8742.50870 -0.0764 0.440
8742.50870 -0.1150 0.203
8742.50870 -0.1045 0.226
8742.50870 -0.0854 0.257
8742.50870 -0.0833 0.184
8742.50870 -0.0297 0.237
8742.50870 -0.0542 0.187
8742.50870 0.0232 0.232
8742.50870 -0.0259 0.230
8742.50870 -0.0616 0.207
8742.50870 -0.1137 0.524
8742.50870 -0.0833 0.244
8742.50870 -0.1488 0.168
8742.50870 -0.0920 0.381
8742.50870 -0.0595 0.223
8742.50870 -0.0326 0.337
8742.50870 -0.0320 0.256
8742.50870 0.0235 0.227
8742.50870 0.0041 0.306
8742.50870 -0.0373 0.218
8742.50870 -0.0508 0.192
8742.50870 0.1176 0.229
8742.50870 -0.0053 0.270
8742.50870 0.0997 0.488
8742.50870 -0.1405 0.228
8742.50870 0.0312 0.318
8742.50870 0.0436 0.235
8742.50870 0.0432 0.246
8742.50870 -0.0134 0.242
8742.50870 0.0097 0.225
8742.50870 -0.1518 0.565
8742.50870 0.1231 0.467
8742.50870 -0.0266 0.672
8742.50870 0.1667 1.577
8742.50870 0.1184 0.396
8742.50870 -0.0019 0.407
8742.50870 -0.0969 1.027
8742.50870 -0.0444 0.984
8742.50870 0.2297 0.497
8742.50870 -0.3122 2.119
8742.50870 -0.3959 2.066
