8799.41875 -1.2982 11.251
8799.41875 0.1059 1.671
8799.41875 0.0503 0.496
8799.41875 0.3125 1.064
8799.41875 -28.1805 0.605
8799.41875 -28.1114 1.059
8799.41875 -0.1380 1.138
8799.41875 -0.2855 0.710
8799.41875 0.0104 0.429
8799.41875 0.8644 0.647
8799.41875 -28.0011 1.304
8799.41875 0.1609 0.248
8799.41875 -0.0877 0.256
8799.41875 -0.3020 1.961
8799.41875 -28.2145 1.217
8799.41875 -0.2691 1.259
8799.41875 0.2346 0.767
8799.41875 0.4318 0.941
8799.41875 -28.2738 0.192
8799.41875 0.1021 0.943
8799.41875 0.1379 0.683
8799.41875 0.3758 1.002
8799.41875 0.1200 1.095
8799.41875 -1.0515 0.445
8799.41875 0.1865 0.815
8799.41875 -0.1124 0.943
8799.41875 0.2358 0.964
8799.41875 0.2871 0.766
8799.41875 0.3885 0.400
8799.41875 0.3639 0.505
8799.41875 0.1281 0.215
8799.41875 0.0696 0.645
8799.41875 0.3840 0.442
8799.41875 0.3314 1.904
8799.41875 0.1927 1.306
8799.41875 -0.1162 0.444
8799.41875 0.2304 0.460
8799.41875 0.0028 0.640
8799.41875 0.3795 0.686
8799.41875 0.1588 1.243
8799.41875 0.0332 0.386
8799.41875 0.2554 0.666
8799.41875 0.0856 0.824
8799.41875 -0.0215 0.382
8799.41875 0.2649 0.426
8799.41875 0.3025 0.218
8799.41875 0.1330 0.513
8799.41875 0.2294 0.201
8799.41875 0.1165 0.308
8799.41875 0.2727 0.213
8799.41875 0.4211 0.323
8799.41875 0.2527 0.423
8799.41875 0.1735 0.354
8799.41875 0.0819 1.310
8799.41875 0.2504 0.276
8799.41875 0.1271 0.168
8799.41875 0.2931 0.354
8799.41875 0.2590 0.345
8799.41875 0.3052 0.401
8799.41875 0.1443 0.192
8799.41875 0.2475 0.305
8799.41875 0.2741 0.254
8799.41875 0.1488 0.403
8799.41875 0.1438 0.189
8799.41875 0.3060 0.384
8799.41875 0.3381 0.252
8799.41875 0.4060 0.715
8799.41875 0.1011 0.936
8799.41875 0.2015 0.645
8799.41875 -0.6561 0.334
8799.41875 0.3507 0.356
8799.41875 0.2413 0.334
8799.41875 0.2640 0.224
8799.41875 -0.8501 1.976
8799.41875 -0.5053 0.219
8799.41875 0.1836 0.482
8799.41875 0.4225 0.957
8799.41875 0.4557 0.590
8799.41875 0.3511 0.516
8799.41875 0.4730 1.491
8799.41875 0.5539 0.624
8799.41875 0.3389 1.572
8799.41875 0.3020 1.568
8799.41875 -0.0200 1.834
