8731.50431 0.1190 1.041
8731.50431 -0.0086 0.968
8731.50431 0.0318 1.682
8731.50431 0.0551 0.220
8731.50431 -0.2672 0.094
8731.50431 -0.1525 0.121
8731.50431 -0.1277 1.400
8731.50431 -0.1761 0.243
8731.50431 0.1234 1.805
8731.50431 -0.0379 0.063
8731.50431 -0.2475 0.154
8731.50431 -0.0044 0.192
8731.50431 0.0017 0.133
8731.50431 -0.2212 0.166
8731.50431 -0.1683 0.164
8731.50431 -0.1693 0.148
8731.50431 -0.0864 0.756
8731.50431 -0.1467 0.106
8731.50431 -0.2520 0.119
8731.50431 -0.0681 1.433
8731.50431 0.0153 0.505
8731.50431 0.0083 1.228
8731.50431 -0.0235 1.100
8731.50431 -0.0707 0.597
8731.50431 -0.0143 0.170
8731.50431 0.0213 0.472
8731.50431 -0.0864 0.206
8731.50431 -0.0358 0.279
8731.50431 0.0021 0.278
8731.50431 -0.0277 0.445
8731.50431 -0.0174 0.140
8731.50431 -0.0248 0.230
8731.50431 -0.0307 0.383
8731.50431 0.0194 0.491
8731.50431 0.0106 0.393
8731.50431 0.0025 0.135
8731.50431 -0.0065 0.133
8731.50431 -0.0318 0.144
8731.50431 -0.0165 0.124
8731.50431 -0.0224 0.413
8731.50431 -0.0295 0.121
8731.50431 -0.0162 0.105
8731.50431 -0.0134 0.065
8731.50431 -0.0557 0.149
8731.50431 0.0081 0.545
8731.50431 -0.0374 0.114
8731.50431 -0.0336 0.070
8731.50431 -0.0112 0.054
8731.50431 -0.0507 0.212
8731.50431 -0.0271 0.051
8731.50431 -0.0333 0.058
8731.50431 0.0013 0.133
8731.50431 -0.0170 0.070
8731.50431 -0.0202 0.681
8731.50431 -0.0393 0.085
8731.50431 -0.0325 0.068
8731.50431 -0.0148 0.207
8731.50431 0.0019 0.101
8731.50431 -0.0313 0.206
8731.50431 -0.0416 0.091
8731.50431 -0.0245 0.059
8731.50431 -0.0153 0.180
8731.50431 0.0039 0.160
8731.50431 -0.0257 0.108
8731.50431 -0.0213 0.064
8731.50431 0.0043 0.094
8731.50431 0.0279 0.165
8731.50431 -0.1193 0.417
8731.50431 -0.0112 0.132
8731.50431 -0.0054 0.091
8731.50431 -0.0720 0.108
8731.50431 0.0020 0.180
8731.50431 -0.0420 0.075
8731.50431 -0.1503 0.455
8731.50431 0.0855 0.508
8731.50431 0.0192 0.480
8731.50431 0.2035 1.429
8731.50431 -0.5058 1.605
8731.50431 -0.0224 0.304
8731.50431 -0.0015 0.784
8731.50431 0.0275 1.485
8731.50431 0.0728 1.611
8731.50431 -0.0705 3.864
8731.50431 1.6316 5.486
