8731.46304 -0.1231 1.065
8731.46304 -0.0229 1.776
8731.46304 0.0650 1.505
8731.46304 0.0262 0.306
8731.46304 -0.1669 0.087
8731.46304 -0.0847 0.064
8731.46304 -0.1266 0.391
8731.46304 -0.1220 0.143
8731.46304 0.0639 0.181
8731.46304 0.0153 0.058
8731.46304 -0.1451 0.147
8731.46304 -0.0501 0.127
8731.46304 -0.0189 0.131
8731.46304 -0.1499 0.177
8731.46304 -0.1002 0.126
8731.46304 -0.0995 0.267
8731.46304 -0.0582 0.789
8731.46304 -0.0715 0.263
8731.46304 -0.1503 0.173
8731.46304 -0.0584 0.451
8731.46304 0.0094 0.906
8731.46304 0.0374 1.917
8731.46304 -0.0207 0.845
8731.46304 -0.0256 0.619
8731.46304 -0.0155 0.400
8731.46304 -0.0231 0.167
8731.46304 -0.0521 0.143
8731.46304 0.0012 0.437
8731.46304 0.0055 0.227
8731.46304 -0.0053 0.317
8731.46304 -0.0310 0.167
8731.46304 -0.0260 0.175
8731.46304 -0.0165 0.448
8731.46304 -0.0034 0.591
8731.46304 -0.0076 0.257
8731.46304 -0.0039 0.190
8731.46304 -0.0119 0.205
8731.46304 -0.0053 0.298
8731.46304 -0.0055 0.066
8731.46304 -0.0324 0.537
8731.46304 -0.0267 0.136
8731.46304 -0.0337 0.108
8731.46304 -0.0362 0.078
8731.46304 -0.0317 0.251
8731.46304 -0.0097 0.190
8731.46304 -0.0312 0.082
8731.46304 -0.0034 0.106
8731.46304 -0.0193 0.074
8731.46304 -0.0341 0.202
8731.46304 -0.0272 0.037
8731.46304 -0.0036 0.091
8731.46304 -0.0136 0.095
8731.46304 -0.0199 0.074
8731.46304 -0.0122 0.261
8731.46304 -0.0076 0.048
8731.46304 -0.0327 0.061
8731.46304 -0.0058 0.144
8731.46304 -0.0028 0.122
8731.46304 -0.0221 0.168
8731.46304 -0.0397 0.087
8731.46304 0.0113 0.059
8731.46304 -0.0181 0.140
8731.46304 0.0124 0.087
8731.46304 -0.0341 0.075
8731.46304 0.0139 0.056
8731.46304 0.0020 0.224
8731.46304 -0.0133 0.269
8731.46304 -0.1061 0.505
8731.46304 -0.0036 0.057
8731.46304 -0.0210 0.192
8731.46304 -0.0253 0.107
8731.46304 -0.0205 0.179
8731.46304 -0.0292 0.085
8731.46304 -0.1122 0.815
8731.46304 0.0865 0.908
8731.46304 -0.0252 0.656
8731.46304 0.1224 1.718
8731.46304 0.1517 0.538
8731.46304 -0.0504 0.860
8731.46304 -0.0909 0.991
8731.46304 -0.0749 1.068
8731.46304 0.1254 0.426
8731.46304 -0.0996 1.625
8731.46304 -0.0979 2.714
