8732.53089 -0.2837 1.007
8732.53089 -0.1935 1.096
8732.53089 -0.1977 0.298
8732.53089 -0.2357 0.265
8732.53089 -0.7595 0.064
8732.53089 -0.7658 0.055
8732.53089 -0.2000 0.581
8732.53089 -0.3470 0.150
8732.53089 0.0947 0.218
8732.53089 -0.1485 0.129
8732.53089 -0.7955 0.117
8732.53089 -0.0400 0.153
8732.53089 -0.0756 0.148
8732.53089 -0.5636 0.072
8732.53089 -0.7667 0.123
8732.53089 -0.3876 0.165
8732.53089 -0.2957 0.302
8732.53089 -0.5429 0.113
8732.53089 -0.7684 0.071
8732.53089 -0.1853 0.847
8732.53089 -0.0966 0.782
8732.53089 0.0661 1.392
8732.53089 -0.1223 0.928
8732.53089 -0.1501 0.370
8732.53089 -0.0918 0.770
8732.53089 -0.1071 0.755
8732.53089 -0.2392 0.185
8732.53089 -0.0421 0.839
8732.53089 -0.0975 0.172
8732.53089 -0.0073 0.316
8732.53089 -0.1155 0.169
8732.53089 -0.1582 0.210
8732.53089 -0.1321 0.343
8732.53089 -0.0843 1.315
8732.53089 -0.1152 0.864
8732.53089 -0.1436 0.423
8732.53089 -0.0816 0.391
8732.53089 -0.0732 0.617
8732.53089 -0.0622 0.677
8732.53089 -0.0617 0.929
8732.53089 -0.0395 0.244
8732.53089 -0.0330 0.159
8732.53089 -0.1543 0.326
8732.53089 -0.0988 0.414
8732.53089 -0.0192 0.201
8732.53089 -0.0557 0.174
8732.53089 -0.0566 0.245
8732.53089 -0.0072 0.206
8732.53089 -0.0505 0.155
8732.53089 -0.0962 0.128
8732.53089 -0.0549 0.151
8732.53089 -0.0366 0.192
8732.53089 -0.0911 0.135
8732.53089 -0.0993 0.390
8732.53089 -0.0140 0.146
8732.53089 -0.0755 0.132
8732.53089 -0.0359 0.255
8732.53089 -0.0484 0.166
8732.53089 -0.0194 0.153
8732.53089 -0.0442 0.150
8732.53089 -0.0247 0.163
8732.53089 -0.0316 0.223
8732.53089 -0.0152 0.155
8732.53089 -0.0609 0.137
8732.53089 -0.1019 0.138
8732.53089 -0.1294 0.265
8732.53089 -0.0215 0.223
8732.53089 -0.1623 0.585
8732.53089 -0.0945 0.547
8732.53089 -0.0665 0.176
8732.53089 -0.0407 0.162
8732.53089 -0.0418 0.233
8732.53089 -0.0814 0.182
8732.53089 -0.1568 0.366
8732.53089 0.0601 0.787
8732.53089 -0.0463 0.757
8732.53089 0.0512 1.528
8732.53089 0.0112 0.574
8732.53089 0.0142 0.231
8732.53089 -0.1179 0.701
8732.53089 -0.0583 1.028
8732.53089 0.1140 0.645
8732.53089 -0.1150 2.260
8732.53089 -0.3316 2.254
