8742.47370 2.0684 2.107
8742.47370 2.6502 1.026
8742.47370 1.4984 0.381
8742.47370 0.9308 0.362
8742.47370 -3.0776 0.131
8742.47370 -2.6005 0.220
8742.47370 1.2145 0.346
8742.47370 0.2425 0.279
8742.47370 1.2408 0.493
8742.47370 0.1691 0.260
8742.47370 -3.6716 0.161
8742.47370 1.1112 0.086
8742.47370 0.8310 0.103
8742.47370 -2.9289 0.201
8742.47370 -3.5037 0.169
8742.47370 -0.7180 0.335
8742.47370 -0.4468 0.468
8742.47370 -2.5053 0.485
8742.47370 -4.4263 0.199
8742.47370 0.5361 0.697
8742.47370 0.5174 0.787
8742.47370 0.6555 1.858
8742.47370 0.2065 1.014
8742.47370 -0.0597 0.414
8742.47370 1.5140 0.761
8742.47370 0.1506 0.744
8742.47370 -0.7749 0.441
8742.47370 0.2812 0.531
8742.47370 0.1855 0.204
8742.47370 0.2061 0.308
8742.47370 1.2973 0.626
8742.47370 0.6994 0.646
8742.47370 4.3852 4.472
8742.47370 0.0493 1.625
8742.47370 -0.0463 0.665
8742.47370 -0.3624 0.303
8742.47370 0.0515 0.443
8742.47370 -0.0008 0.589
8742.47370 -0.0554 0.730
8742.47370 -0.0762 1.346
8742.47370 -0.1128 0.467
8742.47370 -0.0660 0.489
8742.47370 -0.0304 0.488
8742.47370 -0.0792 0.424
8742.47370 -0.1168 0.197
8742.47370 -0.1132 0.203
8742.47370 -0.0857 0.308
8742.47370 -0.0768 0.170
8742.47370 -0.0438 0.190
8742.47370 -0.0598 0.172
8742.47370 0.0081 0.213
8742.47370 -0.0292 0.237
8742.47370 -0.0612 0.194
8742.47370 -0.1436 0.711
8742.47370 -0.0799 0.245
8742.47370 -0.1442 0.155
8742.47370 -0.0742 0.455
8742.47370 -0.0668 0.208
8742.47370 -0.0168 0.229
8742.47370 -0.0447 0.187
8742.47370 0.0150 0.229
8742.47370 -0.0041 0.281
8742.47370 -0.0116 0.201
8742.47370 -0.0523 0.179
8742.47370 0.1070 0.211
8742.47370 -0.0058 0.417
8742.47370 0.0411 0.309
8742.47370 -0.1754 0.257
8742.47370 0.0278 0.285
8742.47370 0.0058 0.312
8742.47370 0.0395 0.207
8742.47370 -0.0070 0.198
8742.47370 0.0101 0.239
8742.47370 -0.1647 0.763
8742.47370 0.1554 0.779
8742.47370 -0.0150 0.548
8742.47370 0.1509 1.659
8742.47370 0.0900 0.810
8742.47370 -0.0342 0.516
8742.47370 -0.0843 1.008
8742.47370 0.0252 0.902
8742.47370 0.0502 0.555
8742.47370 -0.2038 1.761
8742.47370 -0.1551 2.152
