8739.49806 -0.1290 0.897
8739.49806 0.0397 1.118
8739.49806 -0.1065 1.408
8739.49806 -0.9279 0.301
8739.49806 -3.7031 0.126
8739.49806 -3.6159 0.145
8739.49806 -0.8339 0.570
8739.49806 -1.1965 0.245
8739.49806 0.1354 0.817
8739.49806 -0.7951 0.257
8739.49806 -3.7604 0.138
8739.49806 0.0208 0.106
8739.49806 -0.0704 0.129
8739.49806 -2.8324 0.261
8739.49806 -3.4736 0.168
8739.49806 -1.4978 0.225
8739.49806 -1.2246 0.401
8739.49806 -2.6299 0.234
8739.49806 -3.7562 0.099
8739.49806 -0.1943 2.155
8739.49806 -0.0255 0.505
8739.49806 0.0700 1.110
8739.49806 -0.2863 0.945
8739.49806 -0.4803 0.236
8739.49806 -0.0255 0.134
8739.49806 -0.1407 0.271
8739.49806 -0.8451 0.631
8739.49806 -0.0545 0.153
8739.49806 -0.0470 0.297
8739.49806 0.0541 0.292
8739.49806 -0.0877 0.203
8739.49806 -0.5009 0.254
8739.49806 -0.1507 0.267
8739.49806 -0.0650 1.311
8739.49806 -0.0372 0.362
8739.49806 -0.1659 0.215
8739.49806 -0.0269 0.165
8739.49806 -0.0539 0.487
8739.49806 -0.0003 0.660
8739.49806 -0.0876 0.840
8739.49806 -0.0443 0.359
8739.49806 0.0265 0.705
8739.49806 -0.1285 0.513
8739.49806 -0.0829 0.440
8739.49806 0.0268 0.144
8739.49806 -0.0587 0.114
8739.49806 -0.0294 0.167
8739.49806 -0.0540 0.084
8739.49806 -0.0342 0.279
8739.49806 -0.0152 0.081
8739.49806 0.0347 0.083
8739.49806 0.0001 0.107
8739.49806 -0.0113 0.092
8739.49806 0.0032 0.137
8739.49806 -0.0304 0.090
8739.49806 -0.0058 0.107
8739.49806 0.0436 0.174
8739.49806 -0.0230 0.109
8739.49806 0.0213 0.194
8739.49806 -0.0261 0.081
8739.49806 0.0250 0.086
8739.49806 0.0510 0.170
8739.49806 0.0064 0.155
8739.49806 -0.0225 0.087
8739.49806 -0.0515 0.109
8739.49806 -0.0918 0.124
8739.49806 0.0565 0.481
8739.49806 -0.0693 0.626
8739.49806 -0.0275 0.358
8739.49806 0.1724 0.291
8739.49806 0.0503 0.167
8739.49806 -0.0584 0.288
8739.49806 0.3072 0.595
8739.49806 -0.2162 0.621
8739.49806 -0.0906 0.423
8739.49806 -0.7773 0.766
8739.49806 0.1131 1.481
8739.49806 0.1402 0.253
8739.49806 0.0405 0.472
8739.49806 -0.4088 1.418
8739.49806 -0.0020 1.145
8739.49806 0.1379 1.651
8739.49806 0.0057 2.447
8739.49806 -0.2377 2.731
