8741.49260 -0.3776 2.336
8741.49260 -0.2101 1.158
8741.49260 -0.2831 0.578
8741.49260 -1.3475 0.477
8741.49260 -4.6750 0.133
8741.49260 -4.5692 0.176
8741.49260 -1.0313 0.693
8741.49260 -1.7219 0.353
8741.49260 -0.1125 0.203
8741.49260 -1.0288 0.239
8741.49260 -4.6712 0.165
8741.49260 -0.0926 0.204
8741.49260 -0.2665 0.131
8741.49260 -3.7253 0.302
8741.49260 -4.5065 0.262
8741.49260 -2.2075 0.319
8741.49260 -1.9052 0.648
8741.49260 -3.5744 0.281
8741.49260 -4.7584 0.122
8741.49260 -0.2095 0.602
8741.49260 -0.1058 0.642
8741.49260 0.0041 1.743
8741.49260 -0.4211 0.922
8741.49260 -0.6309 0.377
8741.49260 -0.0423 0.789
8741.49260 -0.1137 0.723
8741.49260 -1.0174 0.410
8741.49260 -0.0735 0.289
8741.49260 -0.0095 0.182
8741.49260 -0.0719 0.449
8741.49260 -0.1304 0.146
8741.49260 -0.8069 0.470
8741.49260 -0.3563 0.396
8741.49260 -0.1338 1.985
8741.49260 -0.0592 0.824
8741.49260 -0.1566 0.315
8741.49260 -0.0291 0.371
8741.49260 -0.1618 0.598
8741.49260 -0.0489 0.762
8741.49260 -0.1450 1.294
8741.49260 -0.1602 0.260
8741.49260 -0.1372 0.596
8741.49260 -0.1036 0.596
8741.49260 -0.0547 0.406
8741.49260 -0.1014 0.125
8741.49260 -0.0811 0.130
8741.49260 -0.1431 0.177
8741.49260 -0.0966 0.095
8741.49260 -0.1042 0.346
8741.49260 -0.0292 0.112
8741.49260 -0.0857 0.148
8741.49260 -0.0925 0.226
8741.49260 -0.1145 0.116
8741.49260 -0.1116 0.214
8741.49260 -0.0721 0.218
8741.49260 -0.0973 0.113
8741.49260 -0.1033 0.295
8741.49260 -0.0479 0.202
8741.49260 -0.0577 0.129
8741.49260 -0.0857 0.101
8741.49260 -0.0604 0.119
8741.49260 -0.0944 0.177
8741.49260 -0.0480 0.120
8741.49260 -0.0290 0.109
8741.49260 -0.0406 0.119
8741.49260 -0.1050 0.148
8741.49260 -0.0132 0.478
8741.49260 -0.1988 0.224
8741.49260 -0.0551 0.637
8741.49260 -0.0746 0.139
8741.49260 -0.0626 0.136
8741.49260 -0.0492 0.226
8741.49260 -0.1427 0.246
8741.49260 -0.1790 0.935
8741.49260 -0.0087 0.341
8741.49260 -0.1231 0.278
8741.49260 -0.0335 1.386
8741.49260 0.0070 0.250
8741.49260 0.1556 0.813
8741.49260 -0.0675 1.059
8741.49260 0.0011 1.163
8741.49260 -0.0452 1.519
8741.49260 -0.1732 2.385
8741.49260 -0.2650 2.051
