8742.49093 2.0171 1.939
8742.49093 2.6383 1.040
8742.49093 1.4994 0.375
8742.49093 0.9404 0.375
8742.49093 -3.1028 0.130
8742.49093 -2.6305 0.199
8742.49093 1.1459 0.379
8742.49093 0.2276 0.270
8742.49093 1.2248 0.378
8742.49093 0.1649 0.260
8742.49093 -3.7137 0.135
8742.49093 1.0879 0.086
8742.49093 0.8508 0.102
8742.49093 -2.9458 0.207
8742.49093 -3.5326 0.179
8742.49093 -0.7358 0.345
8742.49093 -0.4382 0.491
8742.49093 -2.5074 0.516
8742.49093 -4.4672 0.197
8742.49093 0.5554 0.563
8742.49093 0.5315 0.702
8742.49093 0.6491 1.727
8742.49093 0.2048 1.041
8742.49093 -0.0681 0.416
8742.49093 1.5205 0.745
8742.49093 0.1542 0.714
8742.49093 -0.7880 0.482
8742.49093 0.2722 0.905
8742.49093 0.1813 0.205
8742.49093 0.2086 0.296
8742.49093 1.3020 0.628
8742.49093 0.6527 0.732
8742.49093 4.4628 4.500
8742.49093 0.0819 1.764
8742.49093 -0.0280 0.780
8742.49093 -0.3723 0.359
8742.49093 0.0532 0.433
8742.49093 -0.0229 0.603
8742.49093 -0.0386 0.760
8742.49093 -0.0693 1.288
8742.49093 -0.1243 0.425
8742.49093 -0.0637 0.453
8742.49093 -0.0199 0.435
8742.49093 -0.0826 0.436
8742.49093 -0.1189 0.212
8742.49093 -0.1034 0.220
8742.49093 -0.0944 0.330
8742.49093 -0.0813 0.176
8742.49093 -0.0373 0.214
8742.49093 -0.0517 0.180
8742.49093 -0.0126 0.219
8742.49093 -0.0178 0.225
8742.49093 -0.0667 0.205
8742.49093 -0.1179 0.481
8742.49093 -0.0884 0.276
8742.49093 -0.1554 0.159
8742.49093 -0.0813 0.436
8742.49093 -0.0654 0.222
8742.49093 -0.0388 0.325
8742.49093 -0.0421 0.196
8742.49093 -0.0008 0.217
8742.49093 0.0099 0.362
8742.49093 -0.0122 0.205
8742.49093 -0.0652 0.182
8742.49093 0.1163 0.202
8742.49093 -0.0229 0.331
8742.49093 0.0462 0.544
8742.49093 -0.1577 0.329
8742.49093 0.0370 0.246
8742.49093 0.0139 0.445
8742.49093 0.0553 0.304
8742.49093 -0.0253 0.263
8742.49093 0.0001 0.234
8742.49093 -0.1676 0.797
8742.49093 0.1122 0.549
8742.49093 -0.0363 0.675
8742.49093 0.1569 1.659
8742.49093 0.1513 0.569
8742.49093 0.0634 0.867
8742.49093 -0.1178 1.262
8742.49093 -0.0877 0.604
8742.49093 0.0524 0.578
8742.49093 -0.2688 2.108
8742.49093 -0.4375 2.472
