8747.50138 -0.3329 2.328
8747.50138 -0.0516 1.427
8747.50138 -0.0511 0.542
8747.50138 -0.5583 0.905
8747.50138 -7.3356 0.391
8747.50138 -6.6592 1.000
8747.50138 -0.5823 0.524
8747.50138 -1.2340 0.516
8747.50138 0.0216 0.868
8747.50138 -1.1908 0.384
8747.50138 -7.3515 0.178
8747.50138 -0.0465 0.175
8747.50138 -0.1386 0.241
8747.50138 -4.4097 0.736
8747.50138 -6.1081 0.513
8747.50138 -1.7334 0.966
8747.50138 -0.6409 0.646
8747.50138 -3.4900 1.201
8747.50138 -7.4544 0.148
8747.50138 -0.0173 1.184
8747.50138 0.0128 0.498
8747.50138 0.1492 0.516
8747.50138 -0.1875 1.087
8747.50138 -0.3316 0.444
8747.50138 -0.6500 0.797
8747.50138 -0.0768 0.873
8747.50138 -1.2836 0.479
8747.50138 0.0803 0.503
8747.50138 -0.5870 0.185
8747.50138 0.0823 0.388
8747.50138 -0.0368 0.180
8747.50138 -0.9102 0.502
8747.50138 -0.0331 0.394
8747.50138 0.0848 1.696
8747.50138 0.0836 0.810
8747.50138 0.0155 0.276
8747.50138 0.1207 0.422
8747.50138 -0.0682 0.618
8747.50138 0.0985 0.754
8747.50138 0.0676 1.237
8747.50138 -0.0338 0.507
8747.50138 -0.0009 0.622
8747.50138 0.0403 0.353
8747.50138 0.0671 0.311
8747.50138 0.1101 0.170
8747.50138 0.0518 0.180
8747.50138 0.0759 0.251
8747.50138 0.1175 0.143
8747.50138 0.0039 0.244
8747.50138 0.0897 0.143
8747.50138 0.1443 0.145
8747.50138 0.1693 0.205
8747.50138 0.0702 0.180
8747.50138 0.0420 0.313
8747.50138 0.1324 0.239
8747.50138 0.0030 0.167
8747.50138 0.1174 0.481
8747.50138 0.1617 0.183
8747.50138 0.0966 0.655
8747.50138 0.0254 0.163
8747.50138 0.0999 0.192
8747.50138 0.1307 0.191
8747.50138 0.0834 0.261
8747.50138 0.1508 0.156
8747.50138 0.1098 0.162
8747.50138 0.1483 0.376
8747.50138 0.2592 0.575
8747.50138 0.1706 0.694
8747.50138 0.1232 0.815
8747.50138 0.2289 0.191
8747.50138 0.0664 0.639
8747.50138 -0.5515 0.179
8747.50138 0.2072 0.245
8747.50138 -0.0539 0.534
8747.50138 0.2498 0.336
8747.50138 0.0605 0.721
8747.50138 0.1797 1.384
8747.50138 0.2088 0.230
8747.50138 0.0742 0.442
8747.50138 0.2458 0.961
8747.50138 0.2369 0.929
8747.50138 0.2681 1.477
8747.50138 0.0114 1.673
8747.50138 -0.2562 2.162
